8.951112017407070100e+07 1.096899948120117188e+02 1.612295866012573242e+00 7.016013264656066895e-01 1.708499789237976074e-01 3.919567540287971497e-02
8.951122017407070100e+07 1.089459228515625000e+02 1.607500791549682617e+00 7.013380527496337891e-01 1.889050751924514771e-01 4.122246801853179932e-02
8.951132017407070100e+07 1.095503921508789062e+02 1.610546350479125977e+00 7.014607787132263184e-01 1.259146928787231445e-01 3.365211561322212219e-02
8.951142017407070100e+07 1.112007141113281250e+02 1.623091697692871094e+00 7.014891505241394043e-01 1.528902202844619751e-01 3.708132356405258179e-02
8.951152017407070100e+07 1.069129104614257812e+02 1.591377854347229004e+00 7.015345692634582520e-01 1.438873559236526489e-01 3.597183898091316223e-02
8.951162017407070100e+07 1.113404541015625000e+02 1.623071551322937012e+00 7.014690637588500977e-01 9.893179684877395630e-02 2.982905879616737366e-02
8.951172017407070100e+07 1.090248718261718750e+02 1.607047080993652344e+00 7.014610767364501953e-01 1.439024358987808228e-01 3.597560897469520569e-02
8.951182017407070100e+07 1.116226348876953125e+02 1.625962615013122559e+00 7.016558647155761719e-01 1.528538763523101807e-01 3.707251325249671936e-02
8.951192017407070100e+07 1.122607192993164062e+02 1.629859805107116699e+00 7.015252709388732910e-01 1.079169511795043945e-01 3.115293942391872406e-02
8.951202017407070100e+07 1.114685134887695312e+02 1.624812126159667969e+00 7.015314698219299316e-01 1.438879966735839844e-01 3.597199916839599609e-02
8.951212017407070100e+07 1.114097366333007812e+02 1.624360561370849609e+00 7.014008164405822754e-01 1.349201202392578125e-01 3.483622521162033081e-02
8.951222017407070100e+07 1.137637023925781250e+02 1.640428066253662109e+00 7.014642953872680664e-01 8.993861079216003418e-02 2.844108454883098602e-02
8.951232017407070100e+07 1.145753555297851562e+02 1.646715402603149414e+00 7.013706564903259277e-01 1.079407408833503723e-01 3.115980885922908783e-02
8.951242017407070100e+07 1.119494476318359375e+02 1.627744078636169434e+00 7.014052271842956543e-01 1.079354211688041687e-01 3.115827217698097229e-02
8.951252017407070100e+07 1.124662246704101562e+02 1.631580710411071777e+00 7.014755010604858398e-01 1.169183254241943359e-01 3.242730721831321716e-02
8.951262017407070100e+07 1.167874450683593750e+02 1.662724971771240234e+00 7.013230919837951660e-01 1.169437319040298462e-01 3.243435546755790710e-02
8.951272017407070100e+07 1.153583297729492188e+02 1.652287960052490234e+00 7.015432119369506836e-01 1.169070452451705933e-01 3.242417797446250916e-02
8.951282017407070100e+07 1.168089141845703125e+02 1.663192510604858398e+00 7.014929056167602539e-01 1.438959091901779175e-01 3.597397729754447937e-02
8.951292017407070100e+07 1.212489242553710938e+02 1.695783734321594238e+00 7.014711499214172363e-01 2.158505618572235107e-01 4.406031221151351929e-02
8.951302017407070100e+07 1.198740310668945312e+02 1.685161948204040527e+00 7.014758586883544922e-01 1.618868261575698853e-01 3.815709054470062256e-02
8.951312017407070100e+07 1.190078811645507812e+02 1.679026842117309570e+00 7.013822197914123535e-01 1.529135257005691528e-01 3.708697855472564697e-02
8.951322017407070100e+07 1.221193084716796875e+02 1.700073719024658203e+00 7.015299797058105469e-01 1.259022653102874756e-01 3.364879265427589417e-02
8.951332017407070100e+07 1.168084411621093750e+02 1.662518382072448730e+00 7.016223073005676270e-01 1.168938577175140381e-01 3.242052346467971802e-02
8.951342017407070100e+07 1.195210418701171875e+02 1.681818008422851562e+00 7.014910578727722168e-01 1.169157326221466064e-01 3.242659196257591248e-02
8.951352017407070100e+07 1.187039718627929688e+02 1.676357269287109375e+00 7.015405893325805664e-01 1.348932385444641113e-01 3.482928499579429626e-02
8.951362017407070100e+07 1.147813491821289062e+02 1.647471427917480469e+00 7.015389204025268555e-01 8.093613386154174805e-02 2.697871252894401550e-02
8.951372017407070100e+07 1.189894027709960938e+02 1.679042339324951172e+00 7.014033198356628418e-01 1.619035601615905762e-01 3.816103562712669373e-02
8.951382017407070100e+07 1.172173690795898438e+02 1.666139602661132812e+00 7.014498114585876465e-01 1.439047455787658691e-01 3.597618639469146729e-02
8.951392017407070100e+07 1.179052505493164062e+02 1.670809745788574219e+00 7.013261914253234863e-01 1.259388476610183716e-01 3.365857154130935669e-02
8.951402017407070100e+07 1.088386154174804688e+02 1.605469584465026855e+00 7.013322114944458008e-01 1.259377598762512207e-01 3.365828469395637512e-02
8.951412017407070100e+07 1.131627807617187500e+02 1.637317657470703125e+00 7.014704942703247070e-01 1.528942883014678955e-01 3.708231076598167419e-02
8.951422017407070100e+07 1.109160537719726562e+02 1.621296167373657227e+00 7.014039754867553711e-01 1.619034260511398315e-01 3.816100209951400757e-02
8.951432017407070100e+07 1.122409210205078125e+02 1.629915952682495117e+00 7.013539671897888184e-01 1.079433113336563110e-01 3.116054832935333252e-02
8.951442017407070100e+07 1.088807067871093750e+02 1.605452418327331543e+00 7.014611959457397461e-01 1.169207096099853516e-01 3.242797031998634338e-02
8.951452017407070100e+07 1.083946228027343750e+02 1.602578520774841309e+00 7.014718055725097656e-01 1.528940051794052124e-01 3.708224371075630188e-02
8.951462017407070100e+07 1.075790557861328125e+02 1.595714688301086426e+00 7.014266848564147949e-01 1.079321131110191345e-01 3.115731664001941681e-02
8.951472017407070100e+07 1.074808731079101562e+02 1.594960451126098633e+00 7.014512419700622559e-01 1.079283431172370911e-01 3.115622885525226593e-02
8.951482017407070100e+07 1.086530990600585938e+02 1.603551864624023438e+00 7.015028595924377441e-01 1.079204007983207703e-01 3.115393593907356262e-02
8.951492017407070100e+07 1.082285308837890625e+02 1.600715756416320801e+00 7.014045119285583496e-01 1.169301569461822510e-01 3.243058919906616211e-02
8.951502017407070100e+07 1.057451324462890625e+02 1.609390377998352051e+00 6.783782839775085449e-01 1.394989788532257080e-01 3.601848334074020386e-02
8.951512017407070100e+07 1.083655700683593750e+02 1.608626484870910645e+00 6.947914361953735352e-01 8.172214776277542114e-02 2.724071778357028961e-02
8.951522017407070100e+07 1.071724395751953125e+02 1.592143535614013672e+00 7.014449834823608398e-01 8.094697445631027222e-02 2.698232419788837433e-02
8.951532017407070100e+07 1.110175933837890625e+02 1.620664715766906738e+00 7.013660073280334473e-01 8.995120972394943237e-02 2.844507060945034027e-02
8.951542017407070100e+07 1.090576629638671875e+02 1.607758283615112305e+00 7.013622522354125977e-01 1.619130373001098633e-01 3.816327080130577087e-02
8.951552017407070100e+07 1.076740798950195312e+02 1.596307039260864258e+00 7.013660073280334473e-01 9.894633293151855469e-02 2.983344160020351410e-02
8.951562017407070100e+07 1.062697830200195312e+02 1.586442112922668457e+00 7.015159130096435547e-01 1.348979771137237549e-01 3.483051061630249023e-02
8.951572017407070100e+07 1.059190521240234375e+02 1.600449562072753906e+00 6.878700256347656250e-01 1.834321022033691406e-01 4.101666435599327087e-02
8.951582017407070100e+07 1.047945556640625000e+02 1.575518369674682617e+00 7.014375329017639160e-01 1.349130570888519287e-01 3.483439981937408447e-02
8.951592017407070100e+07 1.044566421508789062e+02 1.572284579277038574e+00 7.014120221138000488e-01 9.893984347581863403e-02 2.983148396015167236e-02
8.951602017407070100e+07 1.029776458740234375e+02 1.561853408813476562e+00 7.014330029487609863e-01 1.349139213562011719e-01 3.483462706208229065e-02
8.951612017407070100e+07 1.061847686767578125e+02 1.585472106933593750e+00 7.014946937561035156e-01 1.169151216745376587e-01 3.242642059922218323e-02
8.951622017407070100e+07 1.055707168579101562e+02 1.581416726112365723e+00 7.015140652656555176e-01 1.438915729522705078e-01 3.597289323806762695e-02
8.951632017407070100e+07 1.011081619262695312e+02 1.547207832336425781e+00 7.015084624290466309e-01 1.169128343462944031e-01 3.242578357458114624e-02
8.951642017407070100e+07 1.014004135131835938e+02 1.550575137138366699e+00 7.014810442924499512e-01 1.708792597055435181e-01 3.920239210128784180e-02
8.951652017407070100e+07 1.003554992675781250e+02 2.141972780227661133e+00 3.636837899684906006e-01 1.561242192983627319e-01 5.204140767455101013e-02
8.951662017407070100e+07 1.028315734863281250e+02 2.825668811798095703e+00 2.139032781124114990e-01 1.179761663079261780e-01 5.898808315396308899e-02
8.951672017407070100e+07 9.954055786132812500e+01 1.588084101676940918e+00 6.548626422882080078e-01 7.707108557224273682e-02 2.724874392151832581e-02
8.951682017407070100e+07 1.016315765380859375e+02 1.550691962242126465e+00 7.014622092247009277e-01 8.993887901306152344e-02 2.844117023050785065e-02
8.951692017407070100e+07 1.026382064819335938e+02 1.560281634330749512e+00 7.015289664268493652e-01 1.888536661863327026e-01 4.121124744415283203e-02
8.951702017407070100e+07 9.797649383544921875e+01 1.523192167282104492e+00 7.014550566673278809e-01 1.169217377901077271e-01 3.242825344204902649e-02
8.951712017407070100e+07 9.685645294189453125e+01 1.770491123199462891e+00 5.130039453506469727e-01 9.838321805000305176e-02 3.478371724486351013e-02
8.951722017407070100e+07 nan nan 0.000000000000000000e+00 nan nan
8.951732017407070100e+07 nan nan 0.000000000000000000e+00 nan nan
8.951742017407070100e+07 nan nan 0.000000000000000000e+00 nan nan
8.951752017407070100e+07 nan nan 0.000000000000000000e+00 nan nan
8.951762017407070100e+07 nan nan 0.000000000000000000e+00 nan nan
8.951772017407070100e+07 nan nan 0.000000000000000000e+00 nan nan
8.951782017407070100e+07 nan nan 0.000000000000000000e+00 nan nan
8.951792017407070100e+07 nan nan 0.000000000000000000e+00 nan nan
8.951802017407070100e+07 nan nan 0.000000000000000000e+00 nan nan
8.951812017407070100e+07 nan nan 0.000000000000000000e+00 nan nan
8.951822017407070100e+07 nan nan 0.000000000000000000e+00 nan nan
8.951832017407070100e+07 1.009436111450195312e+02 2.278279781341552734e+00 3.235110044479370117e-01 1.755113303661346436e-01 5.850377678871154785e-02
8.951842017407070100e+07 9.937785339355468750e+01 1.534620165824890137e+00 7.014114260673522949e-01 1.439126133918762207e-01 3.597815334796905518e-02
8.951852017407070100e+07 1.010635070800781250e+02 1.547959089279174805e+00 7.015258669853210449e-01 1.708683520555496216e-01 3.919988870620727539e-02
8.951862017407070100e+07 1.034781875610351562e+02 1.564428687095642090e+00 7.015258669853210449e-01 8.093763887882232666e-02 2.697921358048915863e-02
8.951872017407070100e+07 9.944882202148437500e+01 1.534387469291687012e+00 7.012695670127868652e-01 9.895993769168853760e-02 2.983754314482212067e-02
8.951882017407070100e+07 1.040818481445312500e+02 1.571487665176391602e+00 7.014020681381225586e-01 1.978824883699417114e-01 4.218868911266326904e-02
8.951892017407070100e+07 1.022080841064453125e+02 1.556099057197570801e+00 7.013685107231140137e-01 1.349263340234756470e-01 3.483783081173896790e-02
8.951902017407070100e+07 1.029080886840820312e+02 1.560922980308532715e+00 7.014665603637695312e-01 1.169198080897331238e-01 3.242772072553634644e-02
8.951912017407070100e+07 1.022073745727539062e+02 1.556205868721008301e+00 7.014331817626953125e-01 1.439081579446792603e-01 3.597703948616981506e-02
8.951922017407070100e+07 1.035384292602539062e+02 1.565511822700500488e+00 7.014547586441040039e-01 1.079277992248535156e-01 3.115607239305973053e-02
8.951932017407070100e+07 1.006083374023437500e+02 1.545152425765991211e+00 7.014259099960327148e-01 1.978757530450820923e-01 4.218725487589836121e-02
8.951942017407070100e+07 1.007247695922851562e+02 1.543699264526367188e+00 7.015308141708374023e-01 8.993007987737655640e-02 2.843838743865489960e-02
8.951952017407070100e+07 1.022911148071289062e+02 1.556226253509521484e+00 7.014889717102050781e-01 1.169160753488540649e-01 3.242668509483337402e-02
8.951962017407070100e+07 1.008423843383789062e+02 1.544894933700561523e+00 7.014300227165222168e-01 9.893730282783508301e-02 2.983072027564048767e-02
8.951972017407070100e+07 1.051244583129882812e+02 1.578277468681335449e+00 7.013419270515441895e-01 1.439268738031387329e-01 3.598171845078468323e-02
8.951982017407070100e+07 1.006943740844726562e+02 1.557560205459594727e+00 6.894279122352600098e-01 1.189614459872245789e-01 3.299396857619285583e-02
8.951992017407070100e+07 1.040796737670898438e+02 1.569691061973571777e+00 7.015246152877807617e-01 1.169101372361183167e-01 3.242503851652145386e-02
8.952002017407070100e+07 1.020093002319335938e+02 1.553564429283142090e+00 7.014617919921875000e-01 8.993892371654510498e-02 2.844118513166904449e-02
8.952012017407070100e+07 1.009719238281250000e+02 1.545791387557983398e+00 7.015140056610107422e-01 9.892545640468597412e-02 2.982714772224426270e-02
8.952022017407070100e+07 1.035440597534179688e+02 1.564653635025024414e+00 7.014412879943847656e-01 6.295908987522125244e-02 2.379629947245121002e-02
8.952032017407070100e+07 1.017369918823242188e+02 1.553181886672973633e+00 7.014387845993041992e-01 1.708895713090896606e-01 3.920475766062736511e-02
8.952042017407070100e+07 1.040463485717773438e+02 1.568604588508605957e+00 7.014555931091308594e-01 7.195178419351577759e-02 2.543879672884941101e-02
8.952052017407070100e+07 1.014664459228515625e+02 1.549198508262634277e+00 7.013410925865173340e-01 7.196352630853652954e-02 2.544294856488704681e-02
8.952062017407070100e+07 1.039960479736328125e+02 1.569143891334533691e+00 7.014518380165100098e-01 1.169222667813301086e-01 3.242840245366096497e-02
8.952072017407070100e+07 1.015942993164062500e+02 1.550066947937011719e+00 7.014363408088684082e-01 7.195375114679336548e-02 2.543949335813522339e-02
8.952082017407070100e+07 1.003351745605468750e+02 1.541583538055419922e+00 7.015890479087829590e-01 1.348839253187179565e-01 3.482687845826148987e-02
8.952092017407070100e+07 9.992494201660156250e+01 1.537593126296997070e+00 7.015123963356018066e-01 8.993244171142578125e-02 2.843913622200489044e-02
8.952102017407070100e+07 1.025780868530273438e+02 1.557896852493286133e+00 7.014461159706115723e-01 8.994093537330627441e-02 2.844182215631008148e-02
8.952112017407070100e+07 1.038121490478515625e+02 1.569151401519775391e+00 7.013521194458007812e-01 1.799059808254241943e-01 4.022819921374320984e-02
8.952122017407070100e+07 1.023665695190429688e+02 1.556778311729431152e+00 7.011760473251342773e-01 9.897314012050628662e-02 2.984152361750602722e-02
8.952132017407070100e+07 1.047370681762695312e+02 1.582376241683959961e+00 6.940424442291259766e-01 8.181034028530120850e-02 2.727011404931545258e-02
8.952142017407070100e+07 1.022251892089843750e+02 1.556296706199645996e+00 7.014728784561157227e-01 1.439000070095062256e-01 3.597500175237655640e-02
8.952152017407070100e+07 1.010295639038085938e+02 1.547384381294250488e+00 7.014767527580261230e-01 1.528929173946380615e-01 3.708197921514511108e-02
8.952162017407070100e+07 1.035029830932617188e+02 1.564624667167663574e+00 7.015178203582763672e-01 8.093857765197753906e-02 2.697952464222908020e-02
8.952172017407070100e+07 1.021089630126953125e+02 1.555962085723876953e+00 7.014780044555664062e-01 1.708800196647644043e-01 3.920256718993186951e-02
8.952182017407070100e+07 1.051555252075195312e+02 1.577568531036376953e+00 7.015321254730224609e-01 1.079159006476402283e-01 3.115263581275939941e-02
8.952192017407070100e+07 1.042909545898437500e+02 1.571448445320129395e+00 7.013734579086303711e-01 1.169353276491165161e-01 3.243202343583106995e-02
8.952202017407070100e+07 1.028784255981445312e+02 1.559471249580383301e+00 7.014139294624328613e-01 5.396704003214836121e-02 2.203195169568061829e-02
8.952212017407070100e+07 9.888655853271484375e+01 1.529060959815979004e+00 7.014936208724975586e-01 6.295439600944519043e-02 2.379452437162399292e-02
8.952222017407070100e+07 9.974141693115234375e+01 1.536344051361083984e+00 7.015364170074462891e-01 9.892229735851287842e-02 2.982619404792785645e-02
8.952232017407070100e+07 1.013899230957031250e+02 1.548926949501037598e+00 7.015613317489624023e-01 9.891878813505172729e-02 2.982513606548309326e-02
8.952242017407070100e+07 1.034388122558593750e+02 1.565134406089782715e+00 7.014480829238891602e-01 1.259169578552246094e-01 3.365272283554077148e-02
8.952252017407070100e+07 1.026328964233398438e+02 1.558072566986083984e+00 7.014960050582885742e-01 8.094108849763870239e-02 2.698036283254623413e-02
8.952262017407070100e+07 1.030508499145507812e+02 1.560768723487854004e+00 7.015849947929382324e-01 6.294619292020797729e-02 2.379142493009567261e-02
8.952272017407070100e+07 1.011311874389648438e+02 1.546006917953491211e+00 7.015805244445800781e-01 5.395422130823135376e-02 2.202671952545642853e-02
8.952282017407070100e+07 1.010111694335937500e+02 1.545255899429321289e+00 7.014306783676147461e-01 5.396575108170509338e-02 2.203142456710338593e-02
8.952292017407070100e+07 1.060930786132812500e+02 1.584809899330139160e+00 7.014766931533813477e-01 1.169181168079376221e-01 3.242725133895874023e-02
8.952302017407070100e+07 1.004738540649414062e+02 1.542685389518737793e+00 7.013838291168212891e-01 1.259284913539886475e-01 3.365580737590789795e-02
8.952312017407070100e+07 9.974234771728515625e+01 1.535937547683715820e+00 7.015733122825622559e-01 8.093216270208358765e-02 2.697738818824291229e-02
8.952322017407070100e+07 1.033665542602539062e+02 1.563813447952270508e+00 7.013224363327026367e-01 8.096111565828323364e-02 2.698703855276107788e-02
8.952332017407070100e+07 1.024938507080078125e+02 1.558166503906250000e+00 7.012919187545776367e-01 1.259450018405914307e-01 3.366021811962127686e-02
8.952342017407070100e+07 1.032309188842773438e+02 1.565191745758056641e+00 7.014688253402709961e-01 2.068574577569961548e-01 4.313276335597038269e-02
8.952352017407070100e+07 1.007693862915039062e+02 1.544857621192932129e+00 7.014628648757934570e-01 1.259143054485321045e-01 3.365201503038406372e-02
8.952362017407070100e+07 1.000729293823242188e+02 1.540275573730468750e+00 7.014599442481994629e-01 1.618905067443847656e-01 3.815795853734016418e-02
8.952372017407070100e+07 1.015371551513671875e+02 1.550925254821777344e+00 7.014371156692504883e-01 1.349131464958190918e-01 3.483442217111587524e-02
8.952382017407070100e+07 1.026291046142578125e+02 1.559376955032348633e+00 7.014547586441040039e-01 1.439037322998046875e-01 3.597593307495117188e-02
8.952392017407070100e+07 1.029271850585937500e+02 1.562338471412658691e+00 7.011507153511047363e-01 1.619618982076644897e-01 3.817478567361831665e-02
8.952402017407070100e+07 1.003525466918945312e+02 1.542807936668395996e+00 7.014421224594116211e-01 1.798829138278961182e-01 4.022303968667984009e-02
8.952412017407070100e+07 1.040753479003906250e+02 1.569687724113464355e+00 7.013359069824218750e-01 1.079460829496383667e-01 3.116135112941265106e-02
8.952422017407070100e+07 1.053013916015625000e+02 1.579100847244262695e+00 7.014625668525695801e-01 1.259143650531768799e-01 3.365202993154525757e-02
8.952432017407070100e+07 1.044640350341796875e+02 1.573799848556518555e+00 7.015719413757324219e-01 1.798496246337890625e-01 4.021559655666351318e-02
8.952442017407070100e+07 1.038061141967773438e+02 1.566234588623046875e+00 7.014667987823486328e-01 4.496914520859718323e-02 2.011081203818321228e-02
8.952452017407070100e+07 1.052505111694335938e+02 1.579921483993530273e+00 7.013635039329528809e-01 1.799030601978302002e-01 4.022754728794097900e-02
8.952462017407070100e+07 1.028478546142578125e+02 1.561196923255920410e+00 7.014711499214172363e-01 1.528941392898559570e-01 3.708227723836898804e-02
8.952472017407070100e+07 1.041157836914062500e+02 1.571355223655700684e+00 7.010976672172546387e-01 1.619741469621658325e-01 3.817767277359962463e-02
8.952482017407070100e+07 1.035544815063476562e+02 1.566993713378906250e+00 7.012204527854919434e-01 1.619457900524139404e-01 3.817098960280418396e-02
8.952492017407070100e+07 1.076171112060546875e+02 1.596738338470458984e+00 7.014058232307434082e-01 1.439137756824493408e-01 3.597844392061233521e-02
8.952502017407070100e+07 1.058497161865234375e+02 1.581892967224121094e+00 7.014916539192199707e-01 6.295456737279891968e-02 2.379459142684936523e-02
8.952512017407070100e+07 1.056227493286132812e+02 1.580266714096069336e+00 7.014314532279968262e-01 6.295996904373168945e-02 2.379663288593292236e-02
8.952522017407070100e+07 1.057271194458007812e+02 1.583041310310363770e+00 7.015893459320068359e-01 1.708528995513916016e-01 3.919634595513343811e-02
8.952532017407070100e+07 1.086172332763671875e+02 1.602854132652282715e+00 7.014132738113403320e-01 8.095064014196395874e-02 2.698354609310626984e-02
8.952542017407070100e+07 1.070613632202148438e+02 1.592123270034790039e+00 7.015302181243896484e-01 1.259022206068038940e-01 3.364878147840499878e-02
8.952552017407070100e+07 1.070325012207031250e+02 1.592161178588867188e+00 7.014671564102172852e-01 1.349073648452758789e-01 3.483293205499649048e-02
8.952562017407070100e+07 1.052952346801757812e+02 1.578660368919372559e+00 7.013294696807861328e-01 9.895148873329162598e-02 2.983499690890312195e-02
8.952572017407070100e+07 1.056633605957031250e+02 1.581863164901733398e+00 7.014101147651672363e-01 1.259237825870513916e-01 3.365454450249671936e-02
8.952582017407070100e+07 1.084544219970703125e+02 1.602305173873901367e+00 7.014703154563903809e-01 1.169191896915435791e-01 3.242754936218261719e-02
8.952592017407070100e+07 1.038344650268554688e+02 1.567247748374938965e+00 7.015695571899414062e-01 8.992511034011840820e-02 2.843681722879409790e-02
8.952602017407070100e+07 1.052601699829101562e+02 1.578195810317993164e+00 7.013477087020874023e-01 8.995355665683746338e-02 2.844581194221973419e-02
8.952612017407070100e+07 1.075096359252929688e+02 1.595211505889892578e+00 7.014176249504089355e-01 1.079335138201713562e-01 3.115772083401679993e-02
8.952622017407070100e+07 1.078199844360351562e+02 1.597241997718811035e+00 7.014918327331542969e-01 9.892858564853668213e-02 2.982809022068977356e-02
8.952632017407070100e+07 1.053059387207031250e+02 1.578759551048278809e+00 7.014734148979187012e-01 1.079249233007431030e-01 3.115524165332317352e-02
8.952642017407070100e+07 1.107902908325195312e+02 1.620097637176513672e+00 7.013425827026367188e-01 1.439267396926879883e-01 3.598168492317199707e-02
8.952652017407070100e+07 1.104303131103515625e+02 1.616516470909118652e+00 7.014029026031494141e-01 9.894112497568130493e-02 2.983187139034271240e-02
8.952662017407070100e+07 1.083009185791015625e+02 1.600971698760986328e+00 7.014908194541931152e-01 1.079222485423088074e-01 3.115447051823139191e-02
8.952672017407070100e+07 1.088700866699218750e+02 1.604893088340759277e+00 7.015694379806518555e-01 9.891764819622039795e-02 2.982479147613048553e-02
8.952682017407070100e+07 1.063769149780273438e+02 1.586811184883117676e+00 7.014153003692626953e-01 1.079338639974594116e-01 3.115782327950000763e-02
8.952692017407070100e+07 1.077791976928710938e+02 1.597507715225219727e+00 7.014665603637695312e-01 1.259136497974395752e-01 3.365183621644973755e-02
8.952702017407070100e+07 1.093653488159179688e+02 1.608815908432006836e+00 7.014760971069335938e-01 1.079245135188102722e-01 3.115512430667877197e-02
8.952712017407070100e+07 1.100296936035156250e+02 1.613707304000854492e+00 7.014541625976562500e-01 1.079278960824012756e-01 3.115609847009181976e-02
8.952722017407070100e+07 1.068903961181640625e+02 1.591916680335998535e+00 7.013891935348510742e-01 1.709016561508178711e-01 3.920752927660942078e-02
8.952732017407070100e+07 1.093216857910156250e+02 1.609325528144836426e+00 7.013740539550781250e-01 1.439202874898910522e-01 3.598007187247276306e-02
8.952742017407070100e+07 1.089236526489257812e+02 1.604528546333312988e+00 7.016080021858215332e-01 6.294412910938262939e-02 2.379064448177814484e-02
8.952752017407070100e+07 1.104532546997070312e+02 1.617478966712951660e+00 7.013286948204040527e-01 1.349339932203292847e-01 3.483980894088745117e-02
8.952762017407070100e+07 1.102728424072265625e+02 1.616163730621337891e+00 7.014804482460021973e-01 1.438984572887420654e-01 3.597461432218551636e-02
8.952772017407070100e+07 1.103776931762695312e+02 1.618718743324279785e+00 7.013124227523803711e-01 2.248952090740203857e-01 4.497904330492019653e-02
8.952782017407070100e+07 1.103960647583007812e+02 1.616474866867065430e+00 7.013759613037109375e-01 1.079399213194847107e-01 3.115957230329513550e-02
8.952792017407070100e+07 1.106270065307617188e+02 1.618236064910888672e+00 7.014636993408203125e-01 1.169202923774719238e-01 3.242785483598709106e-02
8.952802017407070100e+07 1.099430160522460938e+02 1.612842917442321777e+00 7.014997601509094238e-01 9.892746806144714355e-02 2.982775308191776276e-02
8.952812017407070100e+07 1.098646697998046875e+02 1.613129377365112305e+00 7.015246152877807617e-01 1.438893973827362061e-01 3.597234934568405151e-02
8.952822017407070100e+07 1.088728485107421875e+02 1.604819655418395996e+00 7.014954686164855957e-01 8.993460983037948608e-02 2.843982167541980743e-02
8.952832017407070100e+07 1.103438720703125000e+02 1.616283893585205078e+00 7.015183568000793457e-01 1.259043514728546143e-01 3.364935144782066345e-02
8.952842017407070100e+07 1.110184402465820312e+02 1.621986985206604004e+00 7.012985944747924805e-01 1.529317647218704224e-01 3.709140047430992126e-02
8.952852017407070100e+07 1.112490005493164062e+02 1.623337984085083008e+00 7.014273405075073242e-01 1.439093500375747681e-01 3.597733750939369202e-02
8.952862017407070100e+07 1.106148605346679688e+02 1.618631124496459961e+00 7.013518810272216797e-01 1.349295377731323242e-01 3.483865782618522644e-02
8.952872017407070100e+07 1.125634841918945312e+02 1.632133126258850098e+00 7.016048431396484375e-01 1.168967634439468384e-01 3.242132812738418579e-02
8.952882017407070100e+07 1.110118255615234375e+02 1.621032595634460449e+00 7.016226649284362793e-01 1.258856207132339478e-01 3.364434838294982910e-02
8.952892017407070100e+07 1.126071929931640625e+02 1.632370829582214355e+00 7.013710141181945801e-01 9.894563257694244385e-02 2.983322925865650177e-02
8.952902017407070100e+07 1.148850250244140625e+02 1.648731231689453125e+00 7.012472748756408691e-01 8.996643871068954468e-02 2.844988740980625153e-02
8.952912017407070100e+07 1.112122421264648438e+02 2.126909255981445312e+00 4.079641997814178467e-01 9.278567135334014893e-02 3.787959367036819458e-02
8.952922017407070100e+07 nan nan 0.000000000000000000e+00 nan nan
8.952932017407070100e+07 nan nan 0.000000000000000000e+00 nan nan
8.952942017407070100e+07 nan nan 0.000000000000000000e+00 nan nan
8.952952017407070100e+07 1.119633331298828125e+02 3.526376008987426758e+00 1.499837338924407959e-01 2.523822784423828125e-01 1.030346304178237915e-01
8.952962017407070100e+07 nan nan 0.000000000000000000e+00 nan nan
8.952972017407070100e+07 nan nan 0.000000000000000000e+00 nan nan
8.952982017407070100e+07 nan nan 0.000000000000000000e+00 nan nan
8.952992017407070100e+07 nan nan 0.000000000000000000e+00 nan nan
8.953002017407070100e+07 nan nan 0.000000000000000000e+00 nan nan
8.953012017407070100e+07 nan nan 0.000000000000000000e+00 nan nan
8.953022017407070100e+07 1.121054687500000000e+02 1.659438371658325195e+00 6.766274571418762207e-01 1.585079431533813477e-01 3.844382241368293762e-02
8.953032017407070100e+07 1.139268493652343750e+02 1.642708420753479004e+00 7.015619277954101562e-01 1.528743505477905273e-01 3.707747906446456909e-02
8.953042017407070100e+07 1.137385101318359375e+02 1.641135215759277344e+00 7.014515995979309082e-01 1.349103599786758423e-01 3.483370319008827209e-02
8.953052017407070100e+07 1.154510650634765625e+02 1.654000639915466309e+00 7.013877630233764648e-01 1.619071513414382935e-01 3.816188126802444458e-02
8.953062017407070100e+07 1.145436401367187500e+02 1.646540999412536621e+00 7.014736533164978027e-01 1.169186383485794067e-01 3.242739662528038025e-02
8.953072017407070100e+07 1.131439437866210938e+02 1.637499809265136719e+00 7.013486027717590332e-01 1.619161963462829590e-01 3.816401585936546326e-02
8.953082017407070100e+07 1.136396484375000000e+02 1.641403079032897949e+00 7.015103101730346680e-01 1.888586878776550293e-01 4.121234267950057983e-02
8.953092017407070100e+07 1.134837493896484375e+02 1.639054775238037109e+00 7.015134096145629883e-01 1.259052306413650513e-01 3.364958986639976501e-02
8.953102017407070100e+07 1.149008560180664062e+02 1.649122118949890137e+00 7.014543414115905762e-01 1.169218495488166809e-01 3.242828696966171265e-02
8.953112017407070100e+07 1.169148864746093750e+02 1.663307547569274902e+00 7.013037800788879395e-01 9.895510971546173096e-02 2.983608841896057129e-02
8.953122017407070100e+07 1.162777938842773438e+02 1.658171176910400391e+00 7.012338042259216309e-01 6.297772377729415894e-02 2.380334213376045227e-02
8.953132017407070100e+07 1.119335403442382812e+02 1.627625465393066406e+00 7.015594840049743652e-01 1.169043257832527161e-01 3.242342546582221985e-02
8.953142017407070100e+07 1.170019531250000000e+02 1.664701700210571289e+00 7.015199065208435059e-01 1.528835147619247437e-01 3.707969933748245239e-02
8.953152017407070100e+07 1.155231933593750000e+02 1.654355049133300781e+00 7.015231251716613770e-01 1.618759185075759888e-01 3.815452009439468384e-02
8.953162017407070100e+07 1.174910736083984375e+02 1.666626453399658203e+00 7.015134096145629883e-01 7.194584608078002930e-02 2.543669939041137695e-02
8.953172017407070100e+07 1.151096420288085938e+02 1.650589466094970703e+00 7.014765739440917969e-01 1.169181466102600098e-01 3.242725878953933716e-02
8.953182017407070100e+07 1.173405075073242188e+02 1.667267799377441406e+00 7.015233635902404785e-01 1.618758589029312134e-01 3.815450519323348999e-02
8.953192017407070100e+07 1.186294326782226562e+02 1.675805926322937012e+00 7.015627026557922363e-01 1.348889917135238647e-01 3.482818976044654846e-02
8.953202017407070100e+07 1.187525711059570312e+02 1.677756905555725098e+00 7.013713717460632324e-01 1.799010485410690308e-01 4.022709652781486511e-02
8.953212017407070100e+07 1.186444931030273438e+02 1.676018714904785156e+00 7.014735937118530273e-01 1.349061131477355957e-01 3.483261168003082275e-02
8.953222017407070100e+07 1.160240173339843750e+02 1.656959652900695801e+00 7.014611363410949707e-01 1.079268157482147217e-01 3.115578740835189819e-02
8.953232017407070100e+07 1.171377792358398438e+02 1.666011214256286621e+00 7.015175223350524902e-01 1.708703935146331787e-01 3.920035436749458313e-02
8.953242017407070100e+07 1.186158828735351562e+02 1.676444292068481445e+00 7.013786435127258301e-01 1.619092673063278198e-01 3.816238045692443848e-02
8.953252017407070100e+07 1.167928009033203125e+02 1.662354111671447754e+00 7.015221118927001953e-01 1.079174354672431946e-01 3.115307912230491638e-02
8.953262017407070100e+07 1.191725387573242188e+02 1.679191470146179199e+00 7.013558745384216309e-01 9.894776344299316406e-02 2.983387373387813568e-02
8.953272017407070100e+07 1.143626251220703125e+02 1.645803809165954590e+00 7.014412283897399902e-01 1.439065039157867432e-01 3.597662597894668579e-02
8.953282017407070100e+07 1.163783645629882812e+02 1.660204172134399414e+00 7.015797495841979980e-01 1.528704762458801270e-01 3.707653656601905823e-02
8.953292017407070100e+07 1.195448532104492188e+02 1.683030843734741211e+00 7.013299465179443359e-01 1.619205176830291748e-01 3.816502913832664490e-02
8.953302017407070100e+07 1.184114303588867188e+02 1.673129558563232422e+00 7.015142440795898438e-01 7.194576412439346313e-02 2.543666958808898926e-02
8.953312017407070100e+07 1.186411590576171875e+02 1.675476431846618652e+00 7.014783620834350586e-01 1.079241633415222168e-01 3.115502186119556427e-02
8.953322017407070100e+07 1.197988891601562500e+02 1.685648083686828613e+00 7.013416886329650879e-01 2.068949639797210693e-01 4.314058274030685425e-02
8.953332017407070100e+07 1.226127395629882812e+02 1.703752040863037109e+00 7.014573812484741211e-01 1.349092423915863037e-01 3.483341634273529053e-02
8.953342017407070100e+07 1.240157775878906250e+02 1.713622450828552246e+00 7.014479041099548340e-01 1.439051330089569092e-01 3.597628325223922729e-02
8.953352017407070100e+07 1.186898651123046875e+02 1.676106572151184082e+00 7.013815045356750488e-01 1.169339865446090698e-01 3.243165463209152222e-02
8.953362017407070100e+07 1.226172485351562500e+02 1.703542709350585938e+00 7.015168070793151855e-01 1.259046196937561035e-01 3.364942595362663269e-02
8.953372017407070100e+07 1.249996795654296875e+02 1.720120787620544434e+00 7.013921141624450684e-01 1.259270012378692627e-01 3.365540876984596252e-02
8.953382017407070100e+07 1.222669372558593750e+02 1.701197147369384766e+00 7.013100385665893555e-01 1.169459074735641479e-01 3.243495896458625793e-02
8.953392017407070100e+07 1.194575653076171875e+02 1.681533217430114746e+00 7.014991044998168945e-01 1.259077936410903931e-01 3.365027531981468201e-02
8.953402017407070100e+07 1.200424423217773438e+02 1.686146259307861328e+00 7.013554573059082031e-01 1.439241021871566772e-01 3.598102554678916931e-02
8.953412017407070100e+07 1.254954376220703125e+02 1.723037838935852051e+00 7.013778090476989746e-01 9.894466400146484375e-02 2.983293868601322174e-02
8.953422017407070100e+07 1.213746948242187500e+02 1.696713089942932129e+00 7.014263272285461426e-01 2.158643305301666260e-01 4.406312480568885803e-02
8.953432017407070100e+07 1.239192352294921875e+02 1.712942600250244141e+00 7.014599442481994629e-01 1.439026594161987305e-01 3.597566485404968262e-02
8.953442017407070100e+07 1.206185760498046875e+02 1.689093470573425293e+00 7.014076709747314453e-01 8.994586765766143799e-02 2.844338119029998779e-02
8.953452017407070100e+07 1.204141540527343750e+02 1.688704133033752441e+00 7.013904452323913574e-01 1.439169198274612427e-01 3.597922995686531067e-02
8.953462017407070100e+07 1.233157653808593750e+02 1.708472371101379395e+00 7.014368772506713867e-01 1.259189844131469727e-01 3.365326300263404846e-02
8.953472017407070100e+07 1.208331756591796875e+02 1.691206693649291992e+00 7.014605402946472168e-01 1.259147226810455322e-01 3.365212678909301758e-02
8.953482017407070100e+07 1.232685012817382812e+02 1.707874178886413574e+00 7.015219330787658691e-01 1.169105917215347290e-01 3.242516145110130310e-02
8.953492017407070100e+07 1.209097824096679688e+02 1.692164063453674316e+00 7.013910412788391113e-01 1.439168006181716919e-01 3.597920015454292297e-02
8.953502017407070100e+07 1.239636917114257812e+02 1.721258640289306641e+00 6.942836046218872070e-01 9.995569288730621338e-02 3.013777546584606171e-02
8.953512017407070100e+07 1.256927261352539062e+02 1.724178194999694824e+00 7.014138698577880859e-01 8.994507789611816406e-02 2.844312973320484161e-02
8.953522017407070100e+07 1.231706085205078125e+02 1.706958770751953125e+00 7.014424800872802734e-01 9.893554449081420898e-02 2.983018942177295685e-02
8.953532017407070100e+07 1.247544708251953125e+02 1.718374371528625488e+00 7.014435529708862305e-01 1.259177774190902710e-01 3.365294262766838074e-02
8.953542017407070100e+07 1.243633041381835938e+02 1.716075658798217773e+00 7.015339136123657227e-01 1.528804600238800049e-01 3.707895800471305847e-02
8.953552017407070100e+07 1.234530563354492188e+02 1.709283232688903809e+00 7.014119625091552734e-01 1.169289052486419678e-01 3.243024274706840515e-02
8.953562017407070100e+07 1.222048263549804688e+02 1.700605273246765137e+00 7.015810012817382812e-01 1.258931010961532593e-01 3.364634886384010315e-02
8.953572017407070100e+07 1.239156723022460938e+02 1.713648319244384766e+00 7.014101147651672363e-01 1.798911094665527344e-01 4.022487252950668335e-02
8.953582017407070100e+07 1.214730987548828125e+02 1.695411443710327148e+00 7.015314698219299316e-01 1.169089972972869873e-01 3.242472186684608459e-02
8.953592017407070100e+07 1.254783172607421875e+02 1.724572658538818359e+00 7.012521028518676758e-01 1.799316406250000000e-01 4.023393616080284119e-02
8.953602017407070100e+07 1.258886871337890625e+02 1.726155042648315430e+00 7.014368772506713867e-01 1.259189695119857788e-01 3.365325927734375000e-02
8.953612017407070100e+07 1.252429122924804688e+02 1.721300244331359863e+00 7.015187740325927734e-01 1.079179421067237854e-01 3.115322627127170563e-02
8.953622017407070100e+07 1.222106552124023438e+02 1.700578689575195312e+00 7.014974951744079590e-01 1.169146522879600525e-01 3.242629021406173706e-02
8.953632017407070100e+07 1.269940795898437500e+02 1.734041929244995117e+00 7.014250159263610840e-01 1.439098268747329712e-01 3.597745671868324280e-02
8.953642017407070100e+07 1.231448135375976562e+02 1.708223104476928711e+00 7.014982700347900391e-01 1.798685044050216675e-01 4.021982103586196899e-02
8.953652017407070100e+07 1.227033386230468750e+02 1.704245448112487793e+00 7.014294266700744629e-01 1.259203106164932251e-01 3.365361690521240234e-02
8.953662017407070100e+07 1.259255599975585938e+02 1.725161790847778320e+00 7.013691663742065430e-01 5.397048592567443848e-02 2.203335799276828766e-02
8.953672017407070100e+07 1.262566452026367188e+02 1.728496432304382324e+00 7.014424800872802734e-01 1.169238239526748657e-01 3.242883458733558655e-02
8.953682017407070100e+07 1.266873626708984375e+02 1.732433199882507324e+00 7.014382481575012207e-01 1.708897054195404053e-01 3.920478746294975281e-02
8.953692017407070100e+07 1.254948425292968750e+02 1.723830103874206543e+00 7.015414237976074219e-01 1.528788208961486816e-01 3.707855939865112305e-02
8.953702017407070100e+07 1.252644348144531250e+02 1.722128033638000488e+00 7.016422152519226074e-01 1.528568565845489502e-01 3.707323595881462097e-02
8.953712017407070100e+07 1.246099395751953125e+02 1.717737674713134766e+00 7.014250755310058594e-01 1.439098119735717773e-01 3.597745299339294434e-02
8.953722017407070100e+07 1.258957214355468750e+02 1.726463794708251953e+00 7.014947533607482910e-01 1.438955217599868774e-01 3.597388043999671936e-02
8.953732017407070100e+07 1.257429428100585938e+02 1.726572275161743164e+00 7.015022635459899902e-01 2.068476080894470215e-01 4.313070699572563171e-02
8.953742017407070100e+07 1.270579605102539062e+02 1.733950614929199219e+00 7.014493942260742188e-01 1.169226765632629395e-01 3.242851793766021729e-02
8.953752017407070100e+07 1.267339630126953125e+02 1.732267379760742188e+00 7.014275789260864258e-01 1.439093053340911865e-01 3.597732633352279663e-02
8.953762017407070100e+07 1.254681091308593750e+02 1.723788142204284668e+00 7.014269828796386719e-01 1.529037654399871826e-01 3.708460927009582520e-02
8.953772017407070100e+07 1.248401031494140625e+02 1.718312144279479980e+00 7.014297246932983398e-01 8.994304388761520386e-02 2.844248712062835693e-02
8.953782017407070100e+07 1.231713104248046875e+02 1.707454562187194824e+00 7.014529109001159668e-01 1.259160935878753662e-01 3.365249186754226685e-02
8.953792017407070100e+07 1.261643524169921875e+02 1.727986693382263184e+00 7.014791369438171387e-01 1.259113848209381104e-01 3.365123644471168518e-02
8.953802017407070100e+07 1.238131866455078125e+02 1.712508797645568848e+00 7.014908194541931152e-01 1.618833839893341064e-01 3.815627843141555786e-02
8.953812017407070100e+07 1.225129699707031250e+02 1.703840136528015137e+00 7.012322545051574707e-01 1.619430631399154663e-01 3.817034512758255005e-02
8.953822017407070100e+07 1.225421752929687500e+02 1.704024195671081543e+00 7.013852000236511230e-01 1.709026247262954712e-01 3.920774906873703003e-02
8.953832017407070100e+07 1.214156723022460938e+02 1.695105433464050293e+00 7.014541029930114746e-01 1.169218868017196655e-01 3.242829814553260803e-02
8.953842017407070100e+07 1.208974380493164062e+02 1.691774725914001465e+00 7.013615965843200684e-01 1.259324848651885986e-01 3.365687280893325806e-02
8.953852017407070100e+07 1.217944641113281250e+02 1.697532534599304199e+00 7.013472914695739746e-01 9.894897043704986572e-02 2.983423694968223572e-02
8.953862017407070100e+07 1.232593002319335938e+02 1.708396553993225098e+00 7.014543414115905762e-01 1.439038068056106567e-01 3.597595170140266418e-02
8.953872017407070100e+07 1.211931838989257812e+02 1.694846272468566895e+00 7.015058994293212891e-01 1.888598799705505371e-01 4.121260344982147217e-02
8.953882017407070100e+07 1.252407531738281250e+02 1.721163988113403320e+00 7.014821171760559082e-01 9.892995655536651611e-02 2.982850559055805206e-02
8.953892017407070100e+07 1.232083358764648438e+02 1.707803726196289062e+00 7.013765573501586914e-01 1.259298026561737061e-01 3.365615755319595337e-02
8.953902017407070100e+07 1.210980300903320312e+02 1.692708611488342285e+00 7.014661431312561035e-01 1.079260483384132385e-01 3.115556575357913971e-02
8.953912017407070100e+07 1.206108322143554688e+02 1.689367890357971191e+00 7.014167904853820801e-01 1.079336404800415039e-01 3.115775808691978455e-02
8.953922017407070100e+07 1.206486740112304688e+02 1.690714359283447266e+00 7.013635039329528809e-01 1.619127541780471802e-01 3.816320374608039856e-02
8.953932017407070100e+07 1.225846557617187500e+02 1.702659606933593750e+00 7.015038728713989258e-01 8.993353694677352905e-02 2.843948081135749817e-02
8.953942017407070100e+07 1.216195602416992188e+02 1.697442412376403809e+00 7.015326619148254395e-01 1.708666980266571045e-01 3.919950872659683228e-02
8.953952017407070100e+07 1.238684463500976562e+02 1.713159084320068359e+00 7.015438675880432129e-01 1.798568069934844971e-01 4.021720588207244873e-02
8.953962017407070100e+07 1.209994888305664062e+02 1.692266225814819336e+00 7.014037370681762695e-01 1.169302910566329956e-01 3.243062645196914673e-02
8.953972017407070100e+07 1.198128204345703125e+02 1.686002492904663086e+00 7.015513777732849121e-01 2.338113635778427124e-01 4.585418105125427246e-02
8.953982017407070100e+07 1.216637649536132812e+02 1.696045756340026855e+00 7.014056444168090820e-01 7.195690274238586426e-02 2.544060535728931427e-02
8.953992017407070100e+07 1.210867919921875000e+02 1.693423390388488770e+00 7.015101313591003418e-01 1.528856456279754639e-01 3.708021715283393860e-02
8.954002017407070100e+07 1.209428634643554688e+02 1.692951679229736328e+00 7.013508081436157227e-01 1.709110140800476074e-01 3.920967504382133484e-02
8.954012017407070100e+07 1.212495498657226562e+02 1.694597363471984863e+00 7.013373970985412598e-01 1.439278125762939453e-01 3.598195314407348633e-02
8.954022017407070100e+07 1.208919372558593750e+02 1.690276980400085449e+00 7.015874385833740234e-01 6.294596940279006958e-02 2.379134111106395721e-02
8.954032017407070100e+07 1.240588760375976562e+02 1.713406443595886230e+00 7.014568448066711426e-01 1.169214323163032532e-01 3.242817148566246033e-02
8.954042017407070100e+07 1.201833038330078125e+02 1.686085104942321777e+00 7.015190124511718750e-01 9.892474859952926636e-02 2.982693351805210114e-02
8.954052017407070100e+07 1.221487197875976562e+02 1.699938297271728516e+00 7.015321254730224609e-01 1.079159006476402283e-01 3.115263581275939941e-02
8.954062017407070100e+07 1.243272399902343750e+02 1.715044260025024414e+00 7.014916539192199707e-01 1.079221218824386597e-01 3.115443140268325806e-02
8.954072017407070100e+07 1.200295410156250000e+02 1.686073780059814453e+00 7.014816999435424805e-01 1.528918296098709106e-01 3.708171844482421875e-02
8.954082017407070100e+07 1.201709442138671875e+02 1.686295032501220703e+00 7.015551328659057617e-01 1.169050559401512146e-01 3.242362663149833679e-02
8.954092017407070100e+07 1.229525833129882812e+02 1.706763505935668945e+00 7.014680504798889160e-01 1.708824485540390015e-01 3.920312225818634033e-02
8.954102017407070100e+07 1.219638061523437500e+02 1.698681354522705078e+00 7.015096545219421387e-01 1.079193502664566040e-01 3.115363419055938721e-02
8.954112017407070100e+07 1.229202575683593750e+02 1.706915378570556641e+00 7.012981176376342773e-01 1.799198389053344727e-01 4.023129865527153015e-02
8.954122017407070100e+07 1.221519775390625000e+02 1.699983596801757812e+00 7.015134096145629883e-01 1.079187765717506409e-01 3.115346655249595642e-02
8.954132017407070100e+07 1.218918075561523438e+02 1.698337554931640625e+00 7.013806700706481934e-01 1.079391911625862122e-01 3.115936182439327240e-02
8.954142017407070100e+07 1.196293945312500000e+02 1.683938026428222656e+00 7.013516426086425781e-01 1.799061000347137451e-01 4.022822529077529907e-02
8.954152017407070100e+07 1.215987014770507812e+02 1.697100877761840820e+00 7.014163136482238770e-01 1.529060900211334229e-01 3.708517178893089294e-02
8.954162017407070100e+07 1.217069168090820312e+02 1.697403788566589355e+00 7.015084624290466309e-01 1.348994076251983643e-01 3.483087942004203796e-02
8.954172017407070100e+07 1.192922668457031250e+02 1.681961297988891602e+00 7.015955448150634766e-01 2.158122807741165161e-01 4.405249655246734619e-02
8.954182017407070100e+07 1.219353713989257812e+02 1.699046254158020020e+00 7.016021609306335449e-01 1.438734978437423706e-01 3.596837446093559265e-02
8.954192017407070100e+07 1.239864654541015625e+02 1.714028954505920410e+00 7.013610005378723145e-01 1.709085255861282349e-01 3.920910507440567017e-02
8.954202017407070100e+07 1.224636383056640625e+02 1.702774405479431152e+00 7.015501260757446289e-01 1.438841670751571655e-01 3.597104176878929138e-02
8.954212017407070100e+07 1.242491760253906250e+02 1.716071486473083496e+00 7.014422416687011719e-01 1.888770163059234619e-01 4.121634364128112793e-02
8.954222017407070100e+07 1.223396530151367188e+02 1.703285098075866699e+00 7.013927102088928223e-01 2.068798989057540894e-01 4.313744232058525085e-02
8.954232017407070100e+07 1.248045043945312500e+02 1.718361139297485352e+00 7.014623880386352539e-01 1.079266220331192017e-01 3.115573152899742126e-02
8.954242017407070100e+07 1.232953491210937500e+02 1.708946347236633301e+00 7.014827132225036621e-01 1.618852466344833374e-01 3.815671801567077637e-02
8.954252017407070100e+07 1.276721191406250000e+02 1.738978266716003418e+00 7.014268636703491211e-01 1.618981361389160156e-01 3.815975412726402283e-02
8.954262017407070100e+07 1.263434143066406250e+02 1.728556275367736816e+00 7.014709115028381348e-01 8.993776142597198486e-02 2.844081819057464600e-02
8.954272017407070100e+07 1.229736938476562500e+02 1.705648064613342285e+00 7.015382647514343262e-01 1.079149469733238220e-01 3.115236200392246246e-02
8.954282017407070100e+07 1.233827590942382812e+02 1.709394097328186035e+00 7.014729380607604980e-01 1.528937518596649170e-01 3.708218038082122803e-02
8.954292017407070100e+07 1.271074523925781250e+02 1.733663320541381836e+00 7.015530467033386230e-01 8.992723375558853149e-02 2.843748778104782104e-02
8.954302017407070100e+07 1.288548736572265625e+02 1.746529102325439453e+00 7.013995647430419922e-01 1.349203586578369141e-01 3.483628854155540466e-02
8.954312017407070100e+07 1.249747543334960938e+02 1.719727516174316406e+00 7.013016939163208008e-01 1.079513505101203918e-01 3.116287104785442352e-02
8.954322017407070100e+07 1.254360809326171875e+02 1.723348140716552734e+00 7.016060352325439453e-01 1.528647392988204956e-01 3.707514703273773193e-02
8.954332017407070100e+07 1.266838836669921875e+02 1.732491135597229004e+00 7.015057802200317383e-01 1.798665821552276611e-01 4.021938890218734741e-02
8.954342017407070100e+07 1.283263092041015625e+02 1.744850277900695801e+00 7.013286948204040527e-01 2.338856011629104614e-01 4.586873948574066162e-02
8.954352017407070100e+07 1.286026306152343750e+02 1.752050995826721191e+00 6.947177648544311523e-01 7.264961302280426025e-02 2.568551898002624512e-02
8.954362017407070100e+07 1.297199096679687500e+02 1.752203941345214844e+00 7.013977766036987305e-01 1.259259879589080811e-01 3.365513682365417480e-02
8.954372017407070100e+07 1.299706420898437500e+02 1.753991246223449707e+00 7.013186216354370117e-01 1.259402036666870117e-01 3.365893661975860596e-02
8.954382017407070100e+07 1.297890930175781250e+02 1.753709912300109863e+00 7.014811038970947266e-01 1.888665556907653809e-01 4.121406003832817078e-02
8.954392017407070100e+07 1.318396148681640625e+02 1.766288518905639648e+00 7.013772130012512207e-01 1.169347092509269714e-01 3.243185207247734070e-02
8.954402017407070100e+07 1.295429534912109375e+02 1.750932097434997559e+00 7.014611959457397461e-01 1.259146034717559814e-01 3.365209326148033142e-02
8.954412017407070100e+07 1.308074798583984375e+02 1.758686542510986328e+00 7.014083266258239746e-01 8.095120638608932495e-02 2.698373608291149139e-02
8.954422017407070100e+07 1.269135208129882812e+02 1.734278321266174316e+00 7.014587521553039551e-01 1.888725608587265015e-01 4.121537134051322937e-02
8.954432017407070100e+07 1.283295593261718750e+02 1.741876840591430664e+00 7.013568282127380371e-01 7.196190953254699707e-02 2.544237673282623291e-02
8.954442017407070100e+07 1.284529876708984375e+02 1.744017243385314941e+00 7.014978528022766113e-01 1.528883278369903564e-01 3.708086535334587097e-02
8.954452017407070100e+07 1.269639892578125000e+02 1.734538555145263672e+00 7.013925909996032715e-01 1.798955947160720825e-01 4.022587835788726807e-02
8.954462017407070100e+07 1.284999694824218750e+02 1.745550274848937988e+00 7.014454603195190430e-01 2.158584445714950562e-01 4.406192153692245483e-02
8.954472017407070100e+07 1.279532852172851562e+02 1.740499734878540039e+00 7.014722228050231934e-01 1.439001411199569702e-01 3.597503527998924255e-02
8.954482017407070100e+07 1.273016052246093750e+02 1.736454725265502930e+00 7.015654444694519043e-01 1.708587110042572021e-01 3.919767960906028748e-02
8.954492017407070100e+07 1.289284515380859375e+02 1.747785449028015137e+00 7.013172507286071777e-01 1.709191799163818359e-01 3.921155259013175964e-02
8.954502017407070100e+07 1.299401855468750000e+02 1.754999160766601562e+00 7.015239596366882324e-01 2.068412005901336670e-01 4.312936961650848389e-02
8.954512017407070100e+07 1.305248565673828125e+02 1.756897687911987305e+00 7.014515995979309082e-01 8.994023501873016357e-02 2.844160050153732300e-02
8.954522017407070100e+07 1.265669174194335938e+02 1.730531096458435059e+00 7.013753056526184082e-01 1.079400256276130676e-01 3.115960024297237396e-02
8.954532017407070100e+07 1.272130966186523438e+02 1.735682487487792969e+00 7.014368772506713867e-01 1.529016047716140747e-01 3.708408772945404053e-02
8.954542017407070100e+07 1.279025497436523438e+02 1.739760041236877441e+00 7.015254497528076172e-01 1.259030699729919434e-01 3.364901244640350342e-02
8.954552017407070100e+07 1.228194961547851562e+02 1.706388831138610840e+00 7.014337182044982910e-01 1.978735625743865967e-01 4.218678548932075500e-02
8.954562017407070100e+07 1.275949707031250000e+02 1.738305926322937012e+00 7.014138102531433105e-01 1.529066413640975952e-01 3.708530589938163757e-02
8.954572017407070100e+07 1.254106063842773438e+02 1.723698735237121582e+00 7.014499306678771973e-01 1.708868443965911865e-01 3.920413181185722351e-02
8.954582017407070100e+07 1.260466308593750000e+02 1.726117014884948730e+00 7.014007568359375000e-01 6.296272575855255127e-02 2.379767410457134247e-02
8.954592017407070100e+07 1.273675689697265625e+02 1.736075639724731445e+00 7.014341950416564941e-01 1.169252097606658936e-01 3.242921829223632812e-02
8.954602017407070100e+07 1.266477737426757812e+02 1.730510115623474121e+00 7.014364004135131836e-01 8.094796538352966309e-02 2.698265574872493744e-02
8.954612017407070100e+07 1.285726623535156250e+02 1.744467496871948242e+00 7.015225291252136230e-01 1.348967105150222778e-01 3.483018279075622559e-02
8.954622017407070100e+07 1.268144607543945312e+02 1.731974124908447266e+00 7.015729546546936035e-01 1.079096123576164246e-01 3.115082345902919769e-02
8.954632017407070100e+07 1.253290634155273438e+02 1.722102880477905273e+00 7.014816403388977051e-01 1.169172972440719604e-01 3.242702409625053406e-02
8.954642017407070100e+07 1.264648513793945312e+02 1.730368018150329590e+00 7.014800310134887695e-01 1.438985466957092285e-01 3.597463667392730713e-02
8.954652017407070100e+07 1.260111541748046875e+02 1.727128863334655762e+00 7.014606595039367676e-01 1.349086016416549683e-01 3.483325242996215820e-02
8.954662017407070100e+07 1.260811691284179688e+02 1.728244304656982422e+00 7.013478875160217285e-01 1.619163602590560913e-01 3.816405311226844788e-02
8.954672017407070100e+07 1.221350326538085938e+02 1.701863527297973633e+00 7.015333175659179688e-01 2.158314138650894165e-01 4.405640438199043274e-02
8.954682017407070100e+07 1.247494049072265625e+02 1.718034982681274414e+00 7.015557289123535156e-01 1.169049516320228577e-01 3.242360055446624756e-02
8.954692017407070100e+07 1.262409362792968750e+02 1.729191541671752930e+00 7.013299465179443359e-01 1.529249250888824463e-01 3.708974272012710571e-02
8.954702017407070100e+07 1.220335693359375000e+02 1.699431180953979492e+00 7.014300823211669922e-01 1.169258952140808105e-01 3.242940828204154968e-02
8.954712017407070100e+07 1.266871490478515625e+02 1.732430219650268555e+00 7.014394402503967285e-01 1.708894222974777222e-01 3.920472040772438049e-02
8.954722017407070100e+07 1.256224670410156250e+02 1.724451065063476562e+00 7.013417482376098633e-01 1.259360462427139282e-01 3.365782648324966431e-02
8.954732017407070100e+07 1.281844177246093750e+02 1.742298722267150879e+00 7.014176249504089355e-01 1.529058068990707397e-01 3.708510473370552063e-02
8.954742017407070100e+07 1.269733505249023438e+02 1.732801556587219238e+00 7.015115618705749512e-01 8.993254601955413818e-02 2.843916788697242737e-02
8.954752017407070100e+07 1.237752456665039062e+02 1.710693597793579102e+00 7.015289664268493652e-01 8.093728125095367432e-02 2.697909437119960785e-02
8.954762017407070100e+07 1.264794845581054688e+02 1.730568170547485352e+00 7.013989090919494629e-01 1.439151912927627563e-01 3.597879782319068909e-02
8.954772017407070100e+07 1.253134078979492188e+02 1.722638487815856934e+00 7.015001177787780762e-01 1.528878211975097656e-01 3.708074241876602173e-02
8.954782017407070100e+07 1.237173461914062500e+02 1.712002158164978027e+00 7.013650536537170410e-01 1.619123965501785278e-01 3.816311806440353394e-02
8.954792017407070100e+07 1.239264526367187500e+02 1.713797450065612793e+00 7.013491392135620117e-01 1.799067556858062744e-01 4.022837430238723755e-02
8.954802017407070100e+07 nan nan 0.000000000000000000e+00 nan nan
