7.561409980361889303e+07 3.084215393065999820e+02 2.123915910700000076e+00 9.886226653999999892e-01
7.561419980361889303e+07 3.108118591309000180e+02 2.395329475400000074e+00 7.832990289000000272e-01
7.561429980361889303e+07 3.119945678711000028e+02 2.397760152800000100e+00 7.846862077999999796e-01
7.561439980361889303e+07 3.120092163086000028e+02 2.416064024000000199e+00 7.728780508000000493e-01
7.561449980361889303e+07 3.138923339844000111e+02 2.400394678100000068e+00 7.877272366999999997e-01
7.561459980361889303e+07 3.165616455077999944e+02 2.420878171900000098e+00 7.810392976000000154e-01
7.561469980361889303e+07 3.142606201172000056e+02 2.407791614499999788e+00 7.838132976999999668e-01
7.561479980361889303e+07 3.144498901366999917e+02 2.408181667300000051e+00 7.840313315000000394e-01
7.561489980361889303e+07 3.143967895508000083e+02 2.408340215700000009e+00 7.837957740000000006e-01
7.561499980361889303e+07 3.163040466309000180e+02 2.415238380399999940e+00 7.840525508000000254e-01
7.561509980361889303e+07 3.133741760254000042e+02 2.410071611399999814e+00 7.801243066999999920e-01
7.561519980361889303e+07 3.126656494141000167e+02 2.397683381999999863e+00 7.864242792000000204e-01
7.561529980361889303e+07 3.113867797852000194e+02 2.395211934999999848e+00 7.848247886000000451e-01
7.561539980361889303e+07 3.184073791504000042e+02 2.418640375099999851e+00 7.870475054000000137e-01
7.561549980361889303e+07 3.178164062500000000e+02 2.432822465900000175e+00 7.764543295000000400e-01
7.561559980361889303e+07 3.112848815918000014e+02 2.393578529400000043e+00 7.856391071999999642e-01
7.561569980361889303e+07 3.158323364258000083e+02 2.416007518799999865e+00 7.823849915999999682e-01
7.561579980361889303e+07 3.158560485840000069e+02 2.417391538600000001e+00 7.815480232000000527e-01
7.561589980361889303e+07 3.113896789551000097e+02 2.394313812300000066e+00 7.854211330000000491e-01
7.561599980361889303e+07 3.157258911133000083e+02 2.416607856799999787e+00 7.817327976000000289e-01
7.561609980361889303e+07 3.139863281250000000e+02 2.425201416000000165e+00 7.719258070000000194e-01
7.561619980361889303e+07 3.195332336426000097e+02 2.425933122600000047e+00 7.850889563999999821e-01
7.561629980361889303e+07 3.202914428711000028e+02 2.430149078399999940e+00 7.842236756999999558e-01
7.561639980361889303e+07 3.177678222655999889e+02 2.427618980400000126e+00 7.796673178999999898e-01
7.561649980361889303e+07 3.203987121581999986e+02 2.433907270400000211e+00 7.820656299999999561e-01
7.561659980361889303e+07 3.186761169434000180e+02 2.425585031499999822e+00 7.832076550000000026e-01
7.561669980361889303e+07 3.242855834961000028e+02 2.459887504600000163e+00 7.749213576000000270e-01
7.561679980361889303e+07 3.255951843262000125e+02 2.449607849099999957e+00 7.845945953999999833e-01
7.561689980361889303e+07 3.264861755370999958e+02 2.461331844300000071e+00 7.792645692999999874e-01
7.561699980361889303e+07 3.213108825684000180e+02 2.441682100299999991e+00 7.793053985000000239e-01
7.561709980361889303e+07 3.219785461426000097e+02 2.444850444800000133e+00 7.789019346000000121e-01
7.561719980361889303e+07 3.285937805176000097e+02 2.469443559600000171e+00 7.791509032000000223e-01
7.561729980361889303e+07 3.318751220702999944e+02 2.482285261199999926e+00 7.788105011000000522e-01
7.561739980361889303e+07 3.312614135741999917e+02 2.476933002500000036e+00 7.807335257999999945e-01
7.561749980361889303e+07 3.267066345215000069e+02 2.630627870600000140e+00 6.826522350000000516e-01
7.561759980361889303e+07 3.264184875487999875e+02 2.599562168099999848e+00 6.984491348000000377e-01
7.561769980361889303e+07 3.300007629395000208e+02 2.520191431000000204e+00 7.512912750000000361e-01
7.561779980361889303e+07 3.301884765625000000e+02 2.471952676799999971e+00 7.813436389000000259e-01
7.561789980361889303e+07 3.328624267577999944e+02 2.475583314900000165e+00 7.853623629000000550e-01
7.561799980361889303e+07 3.295891113280999889e+02 2.471763849299999816e+00 7.800444961000000399e-01
7.561809980361889303e+07 3.313150329590000069e+02 2.471812009799999821e+00 7.840986848000000009e-01
7.561819980361889303e+07 3.326829833983999833e+02 2.484785318400000165e+00 7.791360021000000025e-01
7.561829980361889303e+07 3.301438903809000180e+02 2.503821849799999999e+00 7.614771127999999667e-01
7.561839980361889303e+07 3.250494384766000167e+02 2.511925935699999890e+00 7.448969482999999725e-01
7.561849980361889303e+07 3.322647705077999944e+02 2.618694543800000218e+00 7.006079554999999903e-01
7.561859980361889303e+07 3.301670837401999847e+02 2.599740743599999959e+00 7.063730955000000478e-01
7.561869980361889303e+07 3.283094787598000153e+02 2.472619533500000077e+00 7.764783502000000004e-01
7.561879980361889303e+07 3.239153442383000083e+02 2.447451114700000208e+00 7.819228172000000088e-01
7.561889980361889303e+07 3.293416748047000056e+02 2.463956594499999930e+00 7.844063044000000318e-01
7.561899980361889303e+07 3.288229980469000111e+02 2.470677852600000168e+00 7.789155840999999469e-01
7.561909980361889303e+07 3.235932617188000222e+02 2.440910339399999796e+00 7.853374480999999463e-01
7.561919980361889303e+07 3.274137878418000014e+02 2.464406251899999845e+00 7.795299888000000177e-01
7.561929980361889303e+07 3.261524353026999847e+02 2.457768440200000182e+00 7.807269691999999539e-01
7.561939980361889303e+07 3.232067871094000111e+02 2.454318284999999822e+00 7.758525013999999498e-01
7.561949980361889303e+07 3.290366210938000222e+02 2.624076604799999934e+00 6.909580230999999850e-01
7.561959980361889303e+07 3.227056579590000069e+02 2.507704734799999891e+00 7.420176268000000519e-01
7.561969980361889303e+07 3.356158752440999820e+02 2.620080709499999827e+00 7.069254517999999932e-01
7.561979980361889303e+07 3.387110900879000042e+02 2.513664722400000162e+00 7.751310468000000009e-01
7.561989980361889303e+07 3.441697082520000208e+02 2.523438930499999788e+00 7.815332413000000145e-01
7.561999980361889303e+07 3.361400146483999833e+02 2.486653566399999793e+00 7.860499023999999446e-01
7.562009980361889303e+07 3.425065612793000014e+02 2.604857444799999922e+00 7.298967241999999578e-01
7.562019980361889303e+07 3.436362915038999972e+02 2.809808731099999957e+00 6.293698548999999698e-01
7.562029980361889303e+07 3.393381958008000083e+02 2.506885290100000052e+00 7.807720900000000297e-01
7.562039980361889303e+07 3.413554992676000097e+02 2.520344257400000121e+00 7.770475744999999490e-01
7.562049980361889303e+07 3.392070007323999903e+02 2.591027736700000084e+00 7.306024432000000068e-01
7.562059980361889303e+07 3.452765197754000042e+02 2.820299386999999935e+00 6.276782750999999605e-01
7.562069980361889303e+07 3.423685302733999833e+02 2.517687797499999824e+00 7.809990643999999982e-01
7.562079980361889303e+07 3.434424133301000097e+02 2.519732475300000107e+00 7.821778655000000136e-01
7.562089980361889303e+07 3.446736450194999861e+02 2.536560296999999853e+00 7.746012210999999592e-01
7.562099980361889303e+07 3.420032043456999986e+02 2.678282737700000027e+00 6.894102693000000448e-01
7.562109980361889303e+07 3.409709167479999792e+02 2.719512462600000013e+00 6.666465997999999615e-01
7.562119980361889303e+07 3.452779541016000167e+02 2.533335685700000006e+00 7.779359220999999547e-01
7.562129980361889303e+07 3.468598632811999778e+02 2.542206764199999913e+00 7.760555148000000125e-01
7.562139980361889303e+07 3.464784545897999806e+02 2.544198989899999930e+00 7.739884852999999731e-01
7.562149980361889303e+07 3.449971313477000194e+02 2.616996288300000195e+00 7.283996940000000420e-01
7.562159980361889303e+07 3.519040527344000111e+02 2.849822521200000125e+00 6.265404223999999633e-01
7.562169980361889303e+07 3.513822937012000125e+02 2.543045520799999792e+00 7.856552600999999747e-01
7.562179980361889303e+07 3.542375183104999792e+02 2.555490970600000189e+00 7.843434810999999618e-01
7.562189980361889303e+07 3.491596984862999875e+02 2.715983390799999952e+00 6.844320892999999906e-01
7.562199980361889303e+07 3.529512329102000194e+02 2.762663602800000007e+00 6.686812042999999983e-01
7.562209980361889303e+07 3.504842834473000153e+02 2.540007829699999942e+00 7.855229378000000429e-01
7.562219980361889303e+07 3.525271911620999958e+02 2.555417060899999981e+00 7.806016207000000540e-01
7.562229980361889303e+07 3.485290527344000111e+02 2.807069301599999900e+00 6.395775080000000168e-01
7.562239980361889303e+07 3.519703674315999820e+02 2.676832199100000143e+00 7.102712988999999588e-01
7.562249980361889303e+07 3.574006347655999889e+02 2.570562601099999789e+00 7.820948958000000228e-01
7.562259980361889303e+07 3.630891723633000083e+02 3.042160034200000140e+00 5.672958492999999880e-01
7.562269980361889303e+07 3.618269653319999861e+02 2.587053537400000103e+00 7.817188500999999734e-01
7.562279980361889303e+07 3.629695434569999861e+02 2.597747325899999904e+00 7.777442336000000012e-01
7.562289980361889303e+07 3.634864501952999944e+02 2.871191024799999880e+00 6.375650166999999868e-01
7.562299980361889303e+07 3.602481994629000042e+02 2.703898668299999919e+00 7.124943732999999835e-01
7.562309980361889303e+07 3.611498107909999931e+02 2.581090450300000061e+00 7.838652134000000382e-01
7.562319980361889303e+07 3.622328491211000028e+02 2.925326108900000222e+00 6.120681167000000533e-01
7.562329980361889303e+07 3.585277099608999833e+02 2.633316278500000163e+00 7.476135492000000049e-01
7.562339980361889303e+07 3.607929687500000000e+02 2.584023475600000008e+00 7.813140750000000523e-01
7.562349980361889303e+07 3.658033142090000069e+02 2.787118434899999997e+00 6.809218526000000438e-01
7.562359980361889303e+07 3.630003356934000180e+02 2.821255683900000033e+00 6.594511270999999786e-01
7.562369980361889303e+07 3.622933959961000028e+02 2.590852022199999993e+00 7.804330587000000152e-01
7.562379980361889303e+07 3.632409057616999917e+02 2.778016328800000156e+00 6.805900930999999598e-01
7.562389980361889303e+07 3.639346618651999847e+02 2.819166660300000071e+00 6.621286272999999944e-01
7.562399980361889303e+07 3.671177368163999972e+02 2.600926160799999831e+00 7.847111224999999690e-01
7.562409980361889303e+07 3.673588867188000222e+02 3.043412208599999946e+00 5.734947919999999755e-01
7.562419980361889303e+07 3.706286010741999917e+02 2.630888462100000158e+00 7.742737532000000256e-01
7.562429980361889303e+07 3.711267700194999861e+02 2.750596761699999782e+00 7.092981935000000071e-01
7.562439980361889303e+07 3.731574401854999792e+02 2.925667762799999849e+00 6.303801537000000010e-01
7.562449980361889303e+07 3.707224121094000111e+02 2.614874124500000008e+00 7.839848995000000542e-01
7.562459980361889303e+07 3.753481750487999875e+02 2.894151926000000152e+00 6.479658484000000440e-01
7.562469980361889303e+07 3.698788452147999806e+02 2.748908281299999867e+00 7.077819705000000239e-01
7.562479980361889303e+07 3.746576232909999931e+02 2.644012689599999799e+00 7.749397755000000387e-01
7.562489980361889303e+07 3.745419921875000000e+02 3.096022844300000187e+00 5.650054812000000481e-01
7.562499980361889303e+07 3.805444030762000125e+02 2.664278507200000146e+00 7.751871347000000023e-01
7.562509980361889303e+07 3.746055297852000194e+02 2.804480552699999851e+00 6.886995434999999555e-01
7.562519980361889303e+07 3.707478942870999958e+02 2.857576847099999817e+00 6.565129757000000010e-01
7.562529980361889303e+07 3.666405334473000153e+02 2.610814332999999987e+00 7.777659297000000249e-01
7.562539980361889303e+07 3.732078247069999861e+02 3.064954996099999995e+00 5.744642614999999619e-01
7.562549980361889303e+07 3.745488281250000000e+02 2.636687278700000192e+00 7.790254950999999650e-01
7.562559980361889303e+07 3.769398498534999931e+02 2.933139800999999824e+00 6.335297226999999642e-01
7.562569980361889303e+07 3.797384338379000042e+02 2.779673814800000198e+00 7.106525898000000119e-01
7.562579980361889303e+07 3.808213195801000097e+02 2.698282957099999990e+00 7.563220263000000054e-01
7.562589980361889303e+07 3.792248535155999889e+02 3.054988384200000073e+00 5.875409244999999503e-01
7.562599980361889303e+07 3.735818786620999958e+02 2.630401849700000128e+00 7.807321548000000222e-01
7.562609980361889303e+07 3.789435119629000042e+02 3.079823970800000144e+00 5.776744485000000484e-01
7.562619980361889303e+07 3.791098022461000028e+02 2.655992746399999938e+00 7.770907283000000332e-01
7.562629980361889303e+07 3.721337280272999806e+02 2.965044259999999987e+00 6.120644212000000417e-01
7.562639980361889303e+07 3.788204956055000139e+02 2.708141326899999868e+00 7.468807101000000115e-01
7.562649980361889303e+07 3.809249877930000139e+02 2.836097717299999932e+00 6.847901939999999632e-01
7.562659980361889303e+07 3.786992492676000097e+02 2.864826202400000188e+00 6.672035455999999476e-01
7.562669980361889303e+07 3.820225830077999944e+02 2.845137119299999906e+00 6.824063659000000337e-01
7.562679980361889303e+07 3.726315917969000111e+02 2.868009567300000118e+00 6.550568342000000488e-01
7.562689980361889303e+07 3.798815002440999820e+02 2.825119972199999996e+00 6.882318854000000208e-01
7.562699980361889303e+07 3.769942321776999847e+02 2.870634794199999895e+00 6.615144013999999517e-01
7.562709980361889303e+07 3.745723266602000194e+02 2.636852741199999794e+00 7.789765596000000070e-01
7.562719980361889303e+07 3.696275939940999820e+02 3.056966543200000164e+00 5.719307661000000431e-01
7.562729980361889303e+07 3.702426757811999778e+02 2.618600368500000108e+00 7.807437180999999837e-01
7.562739980361889303e+07 3.648674011229999792e+02 2.695336818699999970e+00 7.262219787000000482e-01
7.562749980361889303e+07 3.647083129883000083e+02 2.901922702799999865e+00 6.262308358999999491e-01
7.562759980361889303e+07 3.646914672852000194e+02 2.597330570200000022e+00 7.816847563000000054e-01
7.562769980361889303e+07 3.628677368163999972e+02 2.841676711999999938e+00 6.497697829999999897e-01
7.562779980361889303e+07 3.580769653319999861e+02 2.709053039600000101e+00 7.055078149000000298e-01
7.562789980361889303e+07 3.559419860840000069e+02 2.566518783599999853e+00 7.813593745000000368e-01
7.562799980361889303e+07 3.588582153319999861e+02 2.758816003799999805e+00 6.817700266999999759e-01
7.562809980361889303e+07 3.572108764647999806e+02 2.771826267199999805e+00 6.722845434999999981e-01
7.562819980361889303e+07 3.512009582520000208e+02 2.550632953600000086e+00 7.805849910000000058e-01
7.562829980361889303e+07 3.515871887206999986e+02 2.555393218999999938e+00 7.785348295999999779e-01
7.562839980361889303e+07 3.462905578612999875e+02 2.639136791199999887e+00 7.189146280000000555e-01
7.562849980361889303e+07 3.432439270020000208e+02 2.801547765700000081e+00 6.323641539000000034e-01
7.562859980361889303e+07 3.445351257323999903e+02 2.531089782700000068e+00 7.776405811000000057e-01
7.562869980361889303e+07 3.422448425293000014e+02 2.507574319799999785e+00 7.870272398000000003e-01
7.562879980361889303e+07 3.420291137694999861e+02 2.603184461600000166e+00 7.298164367999999680e-01
7.562889980361889303e+07 3.431600341797000056e+02 2.800956487700000164e+00 6.324765681999999778e-01
7.562899980361889303e+07 3.442827758788999972e+02 2.528007984199999836e+00 7.789666056999999810e-01
7.562909980361889303e+07 3.428820800780999889e+02 2.520442247400000113e+00 7.804619073999999879e-01
7.562919980361889303e+07 3.395171813965000069e+02 2.505747079799999888e+00 7.818937301999999701e-01
7.562929980361889303e+07 3.457765808104999792e+02 2.943019151700000169e+00 5.772578715999999721e-01
7.562939980361889303e+07 3.421669921875000000e+02 2.516409873999999824e+00 7.813323140000000278e-01
7.562949980361889303e+07 3.493743896483999833e+02 2.542737722400000067e+00 7.813549638000000241e-01
7.562959980361889303e+07 3.509181518555000139e+02 2.547302961299999779e+00 7.819969653999999659e-01
7.562969980361889303e+07 3.508858642577999944e+02 2.868702888500000103e+00 6.165314317000000210e-01
7.562979980361889303e+07 3.546586608887000125e+02 2.628110885599999946e+00 7.424781322000000294e-01
7.562989980361889303e+07 3.531996765137000125e+02 2.560560941699999926e+00 7.789516449000000176e-01
7.562999980361889303e+07 3.570276794434000180e+02 2.574213027999999959e+00 7.790644168999999453e-01
7.563009980361889303e+07 3.600426330565999820e+02 3.008724451099999975e+00 5.751081704999999600e-01
7.563019980361889303e+07 3.628278808594000111e+02 2.597465276699999936e+00 7.776095867000000217e-01
7.563029980361889303e+07 3.590228576659999931e+02 2.582831382799999798e+00 7.781985997999999460e-01
7.563039980361889303e+07 3.675487060547000056e+02 2.870160579699999825e+00 6.451533436999999926e-01
7.563049980361889303e+07 3.680221252440999820e+02 2.748960971799999875e+00 7.042019366999999752e-01
7.563059980361889303e+07 3.646300048827999944e+02 2.609631061600000024e+00 7.742025851999999597e-01
7.563069980361889303e+07 3.595454711913999972e+02 2.603420496000000028e+00 7.670534849000000266e-01
7.563079980361889303e+07 3.551358642577999944e+02 2.945892333999999835e+00 5.917267798999999995e-01
7.563089980361889303e+07 3.566127929688000222e+02 2.562510967300000164e+00 7.852824926000000483e-01
7.563099980361889303e+07 3.588740539551000097e+02 2.577961206399999927e+00 7.808178663000000519e-01
7.563109980361889303e+07 3.549401550293000014e+02 2.657330512999999783e+00 7.268160581999999481e-01
7.563119980361889303e+07 3.531977233887000125e+02 2.834758520099999846e+00 6.355448960999999786e-01
7.563129980361889303e+07 3.518455200194999861e+02 2.558961152999999822e+00 7.769357561999999939e-01
7.563139980361889303e+07 3.566365356444999861e+02 2.572730779600000073e+00 7.791079282999999744e-01
7.563149980361889303e+07 3.556661987305000139e+02 2.736460685700000006e+00 6.867911220000000316e-01
7.563159980361889303e+07 3.554307556151999847e+02 2.788657188400000209e+00 6.608839035000000361e-01
7.563169980361889303e+07 nan nan 0.000000000000000000e+00
7.563179980361889303e+07 nan nan 0.000000000000000000e+00
7.563189980361889303e+07 3.564476318358999833e+02 2.873176574699999986e+00 6.243549585000000013e-01
7.563199980361889303e+07 3.553065490723000153e+02 2.563803672800000211e+00 7.816172837999999512e-01
7.563209980361889303e+07 3.550225524901999847e+02 2.559290170700000200e+00 7.837495803999999788e-01
7.563219980361889303e+07 3.499669799805000139e+02 2.657525777800000100e+00 7.165270447999999570e-01
7.563229980361889303e+07 3.559534606934000180e+02 2.869939327200000001e+00 6.248967648000000041e-01
7.563239980361889303e+07 3.519661865233999833e+02 2.552759409000000090e+00 7.809830904000000240e-01
7.563249980361889303e+07 3.520027160645000208e+02 2.560307502700000182e+00 7.764655947999999919e-01
7.563259980361889303e+07 3.510775146483999833e+02 2.551351785700000097e+00 7.798709869000000072e-01
7.563269980361889303e+07 3.497934570311999778e+02 2.968404769899999796e+00 5.740185380000000226e-01
7.563279980361889303e+07 3.505105590819999861e+02 2.544947862599999944e+00 7.825350165000000136e-01
7.563289980361889303e+07 3.462733459473000153e+02 2.528418541000000186e+00 7.832161187999999719e-01
7.563299980361889303e+07 3.527248535155999889e+02 2.553966283799999903e+00 7.819269895999999553e-01
7.563309980361889303e+07 nan nan 0.000000000000000000e+00
7.563319980361889303e+07 nan nan 0.000000000000000000e+00
7.563329980361889303e+07 3.461649169922000056e+02 2.531070232399999842e+00 7.813311218999999808e-01
7.563339980361889303e+07 3.468655090331999986e+02 2.534499645199999929e+00 7.807951570000000174e-01
7.563349980361889303e+07 3.504109497069999861e+02 2.639972448299999996e+00 7.270083427000000320e-01
7.563359980361889303e+07 3.429309692383000083e+02 2.804135322600000091e+00 6.306221484999999793e-01
7.563369980361889303e+07 nan nan 0.000000000000000000e+00
7.563379980361889303e+07 nan nan 0.000000000000000000e+00
7.563389980361889303e+07 3.358675231934000180e+02 2.491944551500000049e+00 7.820810080000000220e-01
7.563399980361889303e+07 3.442755432129000042e+02 2.530480384800000149e+00 7.774289250000000484e-01
7.563409980361889303e+07 3.348912963866999917e+02 2.679988145799999888e+00 6.742152571999999733e-01
7.563419980361889303e+07 3.338677673340000069e+02 2.551509857200000120e+00 7.415500283000000525e-01
7.563429980361889303e+07 3.305961914061999778e+02 2.542070150399999839e+00 7.397470473999999685e-01
7.563439980361889303e+07 3.312926025391000167e+02 2.473090410200000200e+00 7.832351923000000493e-01
7.563449980361889303e+07 3.300169067383000083e+02 2.524588108100000117e+00 7.487132548999999582e-01
7.563459980361889303e+07 3.275135803223000153e+02 2.465856075300000061e+00 7.788509129999999780e-01
7.563469980361889303e+07 3.305054931641000167e+02 2.471349716200000213e+00 7.824754714999999639e-01
7.563479980361889303e+07 3.216957092284999931e+02 2.440522909199999813e+00 7.809801697999999570e-01
7.563489980361889303e+07 3.227045898438000222e+02 2.439208269099999882e+00 7.842739819999999806e-01
7.563499980361889303e+07 3.190000000000000000e+02 2.428261518499999827e+00 7.822764516000000334e-01
7.563509980361889303e+07 3.218352966309000180e+02 2.442636251400000180e+00 7.799674868999999511e-01
7.563519980361889303e+07 3.176784667969000111e+02 2.431695461299999916e+00 7.768369317000000107e-01
7.563529980361889303e+07 3.135300903319999861e+02 2.409774303399999873e+00 7.807048559000000498e-01
7.563539980361889303e+07 3.193761596680000139e+02 2.437488794300000094e+00 7.772803307000000217e-01
7.563549980361889303e+07 3.159283752440999820e+02 2.425057887999999995e+00 7.767921685999999992e-01
7.563559980361889303e+07 3.206009826659999931e+02 2.434951782200000192e+00 7.818879484999999852e-01
7.563569980361889303e+07 3.151420288086000028e+02 2.416460514100000179e+00 7.803822755999999528e-01
7.563579980361889303e+07 3.136093750000000000e+02 2.413451194799999922e+00 7.785248756000000547e-01
7.563589980361889303e+07 3.109033203125000000e+02 2.393973350500000041e+00 7.844173907999999473e-01
7.563599980361889303e+07 3.143254089354999792e+02 2.430867910399999943e+00 7.691609859000000382e-01
7.563609980361889303e+07 3.159556579590000069e+02 2.416385173800000175e+00 7.824457287999999622e-01
7.563619980361889303e+07 3.161542663573999903e+02 2.416279554399999974e+00 7.830061315999999882e-01
7.563629980361889303e+07 3.131566162108999833e+02 2.409610271500000067e+00 7.798812984999999864e-01
7.563639980361889303e+07 3.129082031250000000e+02 2.404781579999999863e+00 7.823951244000000305e-01
7.563649980361889303e+07 3.149484558104999792e+02 2.421963930099999995e+00 7.763625978999999511e-01
7.563659980361889303e+07 3.121499328612999875e+02 2.406070232399999842e+00 7.796633840000000149e-01
7.563669980361889303e+07 3.164737548827999944e+02 2.427528619799999898e+00 7.765500546000000393e-01
7.563679980361889303e+07 nan nan 0.000000000000000000e+00
