9.054148068103240430e+07 3.999768066405999889e+02 4.807544708300000025e+00 7.014678717000000230e-01 3.449957370999999773e-01 5.323399980000000087e-02
9.054158068103240430e+07 3.864540100098000153e+02 5.334227561999999701e+00 5.507231951000000070e-01 3.557277620000000029e-01 6.100681050000000133e-02
9.054168068103240430e+07 3.963837585448999903e+02 5.387790679900000157e+00 5.534183382999999790e-01 3.331721127000000227e-01 5.889706310000000083e-02
9.054178068103240430e+07 4.098793945311999778e+02 5.505195617700000099e+00 5.484859943000000015e-01 3.886945247999999964e-01 6.390098480000000469e-02
9.054188068103240430e+07 4.036535339354999792e+02 5.500144481699999588e+00 5.420464873000000461e-01 4.889827371000000089e-01 7.209657129999999525e-02
9.054198068103240430e+07 3.873992614745999958e+02 5.610829353299999767e+00 4.991780221000000073e-01 3.809173107000000114e-01 6.630919130000000050e-02
9.054208068103240430e+07 4.017852783202999944e+02 5.888836860699999676e+00 4.696965516000000118e-01 3.557564913999999856e-01 6.606232369999999465e-02
9.054218068103240430e+07 4.154562377930000139e+02 5.509922981299999911e+00 5.552607178999999782e-01 4.254603684000000108e-01 6.644574550000000024e-02
9.054228068103240430e+07 4.091513977051000097e+02 5.475070953400000384e+00 5.544117688999999904e-01 4.884696901000000202e-01 7.125063239999999964e-02
9.054238068103240430e+07 4.148644104004000042e+02 5.491355419199999588e+00 5.572517514000000505e-01 3.102001845999999841e-01 5.663454529999999848e-02
9.054248068103240430e+07 4.014382019043000014e+02 5.447280883800000417e+00 5.493711828999999769e-01 4.614865482000000130e-01 6.957171110000000269e-02
9.054258068103240430e+07 4.111407775879000042e+02 6.153515815699999614e+00 4.402807652999999877e-01 3.795251250000000187e-01 7.047604770000000241e-02
9.054268068103240430e+07 3.993522338866999917e+02 5.585638523100000086e+00 5.191063880999999824e-01 3.773938118999999869e-01 6.472250820000000071e-02
9.054278068103240430e+07 4.047422485352000194e+02 5.452007293700000368e+00 5.518922805999999515e-01 3.445338309000000043e-01 5.997563899999999726e-02
9.054288068103240430e+07 3.917935485840000069e+02 5.340218543999999845e+00 5.568153261999999604e-01 3.311395347000000156e-01 5.853775139999999738e-02
9.054298068103240430e+07 4.048046875000000000e+02 5.439747810400000105e+00 5.547221898999999956e-01 3.739376366000000118e-01 6.232294070000000269e-02
9.054308068103240430e+07 4.097886352538999972e+02 5.490437984499999757e+00 5.508583783999999595e-01 3.347204328000000229e-01 5.917077140000000235e-02
9.054318068103240430e+07 3.835346984862999875e+02 5.606392860399999734e+00 4.958846568999999982e-01 4.880236089000000166e-01 7.530368119999999998e-02
9.054328068103240430e+07 3.868429260254000042e+02 5.603450775099999781e+00 4.992140829999999752e-01 3.116371036000000205e-01 5.997458850000000202e-02
9.054338068103240430e+07 4.007584838866999917e+02 5.583587169600000344e+00 5.207509995000000336e-01 3.098133801999999881e-01 5.854922530000000042e-02
9.054348068103240430e+07 4.018370666504000042e+02 5.437146663700000104e+00 5.505958199999999580e-01 3.034850358999999775e-01 5.635575949999999806e-02
9.054358068103240430e+07 4.000585021973000153e+02 5.417968273199999629e+00 5.525944829000000169e-01 3.649502993000000028e-01 6.168785689999999738e-02
9.054368068103240430e+07 3.856048278809000180e+02 5.325200557699999671e+00 5.520370602999999932e-01 4.279448986000000121e-01 6.683376430000000090e-02
9.054378068103240430e+07 3.874750671387000125e+02 5.320067882500000067e+00 5.547137260000000181e-01 3.116194606000000089e-01 5.689366530000000005e-02
9.054388068103240430e+07 3.889467163086000028e+02 5.348212719000000170e+00 5.519140363000000216e-01 4.176002741000000018e-01 6.602840129999999752e-02
9.054398068103240430e+07 3.887165832520000208e+02 5.332830905899999863e+00 5.539193748999999833e-01 3.224685489999999932e-01 5.791706220000000099e-02
9.054408068103240430e+07 3.939320373534999931e+02 5.351760387399999708e+00 5.573309659999999832e-01 3.204946220000000068e-01 5.756253000000000064e-02
9.054418068103240430e+07 3.917801818848000153e+02 5.352742671999999757e+00 5.541153549999999761e-01 3.223544955000000045e-01 5.789657310000000112e-02
9.054428068103240430e+07 3.930147705077999944e+02 5.364001750899999976e+00 5.542610883999999905e-01 4.054360986000000167e-01 6.492173669999999619e-02
9.054438068103240430e+07 3.909109802245999958e+02 5.371850967400000343e+00 5.485289097000000114e-01 2.731153070999999821e-01 5.356232080000000034e-02
9.054448068103240430e+07 3.967017822266000167e+02 5.398649692500000263e+00 5.512781142999999551e-01 2.926574050999999899e-01 5.530704930000000102e-02
9.054458068103240430e+07 3.868730163573999903e+02 5.337175369299999694e+00 5.509886146000000373e-01 3.869290351999999933e-01 6.361073999999999895e-02
9.054468068103240430e+07 3.856192016602000194e+02 5.454406261399999956e+00 5.260176063000000513e-01 4.052972793999999879e-01 6.663046029999999953e-02
9.054478068103240430e+07 3.899783020020000208e+02 5.650303840600000349e+00 4.952285289999999729e-01 3.490501343999999895e-01 6.372755019999999659e-02
9.054488068103240430e+07 3.797063598633000083e+02 5.152569294000000077e+00 5.794403553000000429e-01 2.983216344999999881e-01 5.446582660000000298e-02
9.054498068103240430e+07 3.948539123534999931e+02 5.842060089100000297e+00 4.692480265999999789e-01 3.806549310999999824e-01 6.836764509999999906e-02
9.054508068103240430e+07 3.868039550780999889e+02 5.331752300299999803e+00 5.530319214000000150e-01 5.001073480000000071e-01 7.218427959999999810e-02
9.054518068103240430e+07 3.811518249512000125e+02 5.277657985700000332e+00 5.548939705000000000e-01 3.530540167999999812e-01 6.054826080000000332e-02
9.054528068103240430e+07 3.847943725586000028e+02 5.304566383400000085e+00 5.540288687000000101e-01 3.016045093999999982e-01 5.600655079999999897e-02
9.054538068103240430e+07 3.877181396483999833e+02 5.314896106700000011e+00 5.561335683000000474e-01 3.108238876000000150e-01 5.674841629999999998e-02
9.054548068103240430e+07 3.835431213379000042e+02 5.297102928200000171e+00 5.540780425000000342e-01 3.327754438000000148e-01 5.882694200000000012e-02
9.054558068103240430e+07 3.832885131836000028e+02 5.299011707300000040e+00 5.542607902999999725e-01 4.366237520999999844e-01 6.737250829999999469e-02
9.054568068103240430e+07 3.798511657715000069e+02 5.266557216599999869e+00 5.546749829999999548e-01 2.804771066000000257e-01 5.397784340000000292e-02
9.054578068103240430e+07 3.795984497069999861e+02 5.284055233000000129e+00 5.515199304000000247e-01 3.761087953999999733e-01 6.268479679999999776e-02
9.054588068103240430e+07 3.826672973633000083e+02 5.304825305899999677e+00 5.508483052000000546e-01 2.928857207000000185e-01 5.535019929999999977e-02
9.054598068103240430e+07 3.837521057129000042e+02 5.289270877799999937e+00 5.569527745000000252e-01 4.345133602999999844e-01 6.704686579999999396e-02
9.054608068103240430e+07 3.856128234862999875e+02 5.317766189600000359e+00 5.532074570999999663e-01 3.853771389000000269e-01 6.335560980000000397e-02
9.054618068103240430e+07 3.741683654784999931e+02 5.246702194200000058e+00 5.516423582999999686e-01 3.969156443999999895e-01 6.438822299999999443e-02
9.054628068103240430e+07 3.769434204102000194e+02 5.247759818999999659e+00 5.559358000999999883e-01 4.456727207000000246e-01 6.796444949999999596e-02
9.054638068103240430e+07 3.892204895020000208e+02 5.345493316699999831e+00 5.522981881999999842e-01 3.547133207000000010e-01 6.083283569999999724e-02
9.054648068103240430e+07 3.737471923827999944e+02 5.241936206800000164e+00 5.512511133999999924e-01 3.135768473000000167e-01 5.725103620000000088e-02
9.054658068103240430e+07 3.803782348633000083e+02 5.281447887399999708e+00 5.543196796999999565e-01 4.989455640000000081e-01 7.201658930000000292e-02
9.054668068103240430e+07 3.798232727051000097e+02 5.277210712399999615e+00 5.533611774000000150e-01 3.852700292999999832e-01 6.333800409999999770e-02
9.054678068103240430e+07 3.699937133788999972e+02 5.218303680400000033e+00 5.511906743000000164e-01 3.658797740999999992e-01 6.184497099999999858e-02
9.054688068103240430e+07 3.780401916504000042e+02 5.254112720500000222e+00 5.544691682000000288e-01 2.597974241000000073e-01 5.195948479999999703e-02
9.054698068103240430e+07 3.715871582030999889e+02 5.230929374699999634e+00 5.506879090999999837e-01 3.452873229999999793e-01 6.010680649999999847e-02
9.054708068103240430e+07 3.836115417479999792e+02 5.285511016800000128e+00 5.562180877000000301e-01 2.900581956000000128e-01 5.481584739999999928e-02
9.054718068103240430e+07 3.805795593262000125e+02 5.273610115100000328e+00 5.560551881999999946e-01 4.766637980999999802e-01 7.028023899999999435e-02
9.054728068103240430e+07 3.870698547362999875e+02 5.329835891700000161e+00 5.522141457000000475e-01 3.234643340000000200e-01 5.809590969999999660e-02
9.054738068103240430e+07 3.870016174315999820e+02 5.329691886900000064e+00 5.518665313999999711e-01 2.923453449999999787e-01 5.524807799999999908e-02
9.054748068103240430e+07 3.909389343262000125e+02 5.338521957400000240e+00 5.557796359000000130e-01 3.110218048000000235e-01 5.678455159999999668e-02
9.054758068103240430e+07 3.962265014647999806e+02 5.385914802600000328e+00 5.534931421000000018e-01 3.227168918000000164e-01 5.796166140000000300e-02
9.054768068103240430e+07 3.856725463866999917e+02 5.315176963799999932e+00 5.546702146999999972e-01 4.778539538000000086e-01 7.045572249999999814e-02
9.054778068103240430e+07 3.862990112305000139e+02 5.344535350800000195e+00 5.486766100000000090e-01 3.885594606000000173e-01 6.387878210000000334e-02
9.054788068103240430e+07 3.858020935059000180e+02 5.450255394000000031e+00 5.265917181999999475e-01 3.501451910000000223e-01 6.189750880000000066e-02
9.054798068103240430e+07 3.842651367188000222e+02 5.465988635999999623e+00 5.218023657999999454e-01 3.864863813000000148e-01 6.532812120000000555e-02
9.054808068103240430e+07 3.860054016112999875e+02 5.595399856600000277e+00 4.997591376000000141e-01 3.343562782000000233e-01 6.208840010000000326e-02
9.054818068103240430e+07 3.844072875977000194e+02 5.457643985699999867e+00 5.228269100000000336e-01 2.975623906000000041e-01 5.726590749999999758e-02
9.054828068103240430e+07 3.855590515137000125e+02 5.332578659100000174e+00 5.496126412999999822e-01 3.354791105000000107e-01 5.930488929999999659e-02
9.054838068103240430e+07 3.862380676270000208e+02 5.305584907500000114e+00 5.559684633999999459e-01 3.109161853999999892e-01 5.676526949999999988e-02
9.054848068103240430e+07 3.895169067383000083e+02 5.333648681599999719e+00 5.558072925000000497e-01 4.250420033999999792e-01 6.638041140000000562e-02
9.054858068103240430e+07 3.766673583983999833e+02 5.252180099500000310e+00 5.538398623000000409e-01 3.641296625000000065e-01 6.154914949999999718e-02
9.054868068103240430e+07 3.986559143065999820e+02 5.408479690600000112e+00 5.520569086000000070e-01 3.026818633000000203e-01 5.620661009999999846e-02
9.054878068103240430e+07 3.909925231934000180e+02 5.351504325899999692e+00 5.530821680999999934e-01 3.021207451999999849e-01 5.610241740000000005e-02
9.054888068103240430e+07 3.968962402344000111e+02 5.410933017699999681e+00 5.500595569999999768e-01 4.085329771000000276e-01 6.541763250000000307e-02
9.054898068103240430e+07 3.905684204102000194e+02 5.502525329600000070e+00 5.229085087999999493e-01 3.415924013000000148e-01 6.135180590000000045e-02
9.054908068103240430e+07 3.959638366698999903e+02 5.389686584499999711e+00 5.532736778000000299e-01 4.269883930999999744e-01 6.668438760000000576e-02
9.054918068103240430e+07 3.949771118163999972e+02 5.388566970800000355e+00 5.516838430999999598e-01 3.759970962999999999e-01 6.266617770000000587e-02
9.054928068103240430e+07 3.991585998534999931e+02 5.711728572800000236e+00 4.965179264999999842e-01 4.177724420999999744e-01 6.962874530000000284e-02
9.054938068103240430e+07 4.063568420409999931e+02 5.937836647000000134e+00 4.681066573000000064e-01 4.800561070000000097e-01 7.687050099999999386e-02
9.054948068103240430e+07 3.973538208008000083e+02 5.401106834400000167e+00 5.528600811999999642e-01 4.273078442000000088e-01 6.673426929999999591e-02
9.054958068103240430e+07 3.888833007811999778e+02 5.343143463099999657e+00 5.522148013000000022e-01 3.443325757999999848e-01 5.994060639999999884e-02
9.054968068103240430e+07 3.990483703612999875e+02 5.399105072000000227e+00 5.549607277000000449e-01 3.530115187000000265e-01 6.054097790000000090e-02
9.054978068103240430e+07 4.071795654297000056e+02 5.443025589000000330e+00 5.570042133000000506e-01 3.413718343000000099e-01 5.942520500000000178e-02
9.054988068103240430e+07 4.059968566895000208e+02 5.448626995099999704e+00 5.546247959000000227e-01 3.843922913000000219e-01 6.319370119999999369e-02
9.054998068103240430e+07 3.977282104491999917e+02 5.407351493800000242e+00 5.510132908999999524e-01 3.032551110000000216e-01 5.631306390000000162e-02
9.055008068103240430e+07 4.064355468750000000e+02 5.762597560899999749e+00 4.955545664000000072e-01 2.790564000999999905e-01 5.696214740000000304e-02
9.055018068103240430e+07 4.018787536620999958e+02 5.880409240699999707e+00 4.712348282000000110e-01 3.668226003999999763e-01 6.697233769999999531e-02
9.055028068103240430e+07 3.938213806151999847e+02 5.393519878400000245e+00 5.483493805000000387e-01 2.942204773000000051e-01 5.560244250000000166e-02
9.055038068103240430e+07 4.024275512694999861e+02 5.436111926999999788e+00 5.521463751999999836e-01 3.652465045000000132e-01 6.173792480000000332e-02
9.055048068103240430e+07 4.038352355956999986e+02 5.443790435800000438e+00 5.519643426000000463e-01 3.027325868999999892e-01 5.621603129999999671e-02
9.055058068103240430e+07 3.961627502440999820e+02 5.378667831399999599e+00 5.560762286000000554e-01 4.559220076000000121e-01 6.873282790000000142e-02
9.055068068103240430e+07 4.005366821288999972e+02 5.399663448300000113e+00 5.575250387000000307e-01 4.237324297000000239e-01 6.617588550000000347e-02
9.055078068103240430e+07 3.883160705565999820e+02 5.318383693700000414e+00 5.559757948000000338e-01 2.798208891999999781e-01 5.385155230000000098e-02
9.055088068103240430e+07 3.893924560547000056e+02 5.329889774299999772e+00 5.550161599999999806e-01 2.699230313000000048e-01 5.293625970000000180e-02
9.055098068103240430e+07 4.080057373047000056e+02 5.781810283699999609e+00 4.950542450000000039e-01 3.957294524000000147e-01 6.786704059999999761e-02
9.055108068103240430e+07 3.995876464844000111e+02 5.861896991700000115e+00 4.718882739999999965e-01 4.151566029000000047e-01 7.119876890000000069e-02
9.055118068103240430e+07 3.955617370604999792e+02 5.400426864599999988e+00 5.492568016000000108e-01 2.832438945999999902e-01 5.451031399999999721e-02
9.055128068103240430e+07 3.989520568848000153e+02 5.408703327199999578e+00 5.528717040999999721e-01 3.543453812999999841e-01 6.076973299999999939e-02
9.055138068103240430e+07 3.965668334961000028e+02 5.391197681400000441e+00 5.535230040999999934e-01 3.955670893000000077e-01 6.416945899999999814e-02
9.055148068103240430e+07 3.929776000977000194e+02 5.338349342299999911e+00 5.584080814999999864e-01 2.786020338999999901e-01 5.361698570000000136e-02
9.055158068103240430e+07 4.008354187012000125e+02 5.402477264399999868e+00 5.572680830999999779e-01 4.135881363999999727e-01 6.539402160000000463e-02
9.055168068103240430e+07 3.817387695311999778e+02 5.281736373900000281e+00 5.548856258000000041e-01 3.530592918000000080e-01 6.054916979999999671e-02
9.055178068103240430e+07 3.865332946776999847e+02 5.307374954200000161e+00 5.561094880000000407e-01 3.211985826000000044e-01 5.768896639999999965e-02
9.055188068103240430e+07 3.842997741698999903e+02 5.309819221499999742e+00 5.526119470999999450e-01 3.440851270999999989e-01 5.989753080000000118e-02
9.055198068103240430e+07 3.852284851073999903e+02 5.345248222400000415e+00 5.476863384000000279e-01 4.629061817999999828e-01 6.978573650000000073e-02
9.055208068103240430e+07 3.918299560547000056e+02 5.643527984600000380e+00 4.983724654000000198e-01 3.006017804000000182e-01 5.895285680000000167e-02
9.055218068103240430e+07 3.811727294922000056e+02 5.145846366899999857e+00 5.825028419000000124e-01 2.275108098999999995e-01 4.743928089999999848e-02
9.055228068103240430e+07 3.753280639647999806e+02 5.363708496100000112e+00 5.286456347000000333e-01 3.051867187000000259e-01 5.767486990000000174e-02
9.055238068103240430e+07 3.815876770020000208e+02 5.723050117499999700e+00 4.725226462000000072e-01 3.658228517000000068e-01 6.678981330000000050e-02
9.055248068103240430e+07 3.766338500977000194e+02 5.259872436500000248e+00 5.523743033000000358e-01 3.859583735000000071e-01 6.345116350000000460e-02
9.055258068103240430e+07 3.802815246581999986e+02 5.268527984600000380e+00 5.563112497000000101e-01 4.350144267000000120e-01 6.712418050000000525e-02
9.055268068103240430e+07 3.846813964844000111e+02 5.308846950500000439e+00 5.544830561000000380e-01 4.676236509999999735e-01 6.970921900000000282e-02
9.055278068103240430e+07 3.743004150391000167e+02 5.236455917399999827e+00 5.540782212999999512e-01 4.055699110000000052e-01 6.494316460000000568e-02
9.055288068103240430e+07 3.783405151366999917e+02 5.251501560200000362e+00 5.549753308000000551e-01 2.076483815999999871e-01 4.643158990000000041e-02
9.055298068103240430e+07 3.807117919922000056e+02 5.290548801399999945e+00 5.520536303999999950e-01 4.070573150999999834e-01 6.518133730000000292e-02
9.055308068103240430e+07 3.852036743163999972e+02 5.289455890700000218e+00 5.590845345999999605e-01 4.431627094999999739e-01 6.758167589999999891e-02
9.055318068103240430e+07 3.797348937987999875e+02 5.261304378500000212e+00 5.563725232999999770e-01 3.624721168999999743e-01 6.126897039999999739e-02
9.055328068103240430e+07 3.910239562987999875e+02 5.330459117900000265e+00 5.578517913999999633e-01 3.408531546999999939e-01 5.933491889999999852e-02
9.055338068103240430e+07 3.784405212401999847e+02 5.260057449299999632e+00 5.547601581000000115e-01 3.635255991999999936e-01 6.144703919999999764e-02
9.055348068103240430e+07 3.811676940918000014e+02 5.279447555500000000e+00 5.541628002999999802e-01 3.119292557000000188e-01 5.695023020000000019e-02
9.055358068103240430e+07 3.896492004395000208e+02 5.337255001099999951e+00 5.530143379999999942e-01 1.771270037000000075e-01 4.295960809999999769e-02
9.055368068103240430e+07 3.818346862793000014e+02 5.284632682799999870e+00 5.540393591000000173e-01 3.119987546999999917e-01 5.696291850000000101e-02
9.055378068103240430e+07 3.837480773926000097e+02 5.292050361600000308e+00 5.558956265000000174e-01 3.835135102000000185e-01 6.304923440000000101e-02
9.055388068103240430e+07 3.812139282227000194e+02 5.278329372399999997e+00 5.543679594999999516e-01 3.014200032000000085e-01 5.597228929999999852e-02
9.055398068103240430e+07 3.845743103026999847e+02 5.317915439600000127e+00 5.514233111999999881e-01 3.552761078000000183e-01 6.092935060000000125e-02
9.055408068103240430e+07 3.870702209473000153e+02 5.310666084300000200e+00 5.567485093999999801e-01 3.829260170000000074e-01 6.295264509999999591e-02
9.055418068103240430e+07 3.867291564940999820e+02 5.308919906599999905e+00 5.552217959999999897e-01 2.283118218000000088e-01 4.867624489999999859e-02
9.055428068103240430e+07 3.781997680663999972e+02 5.257853984799999658e+00 5.539154410000000084e-01 2.600571513000000112e-01 5.201142649999999923e-02
9.055438068103240430e+07 3.832058715819999861e+02 5.281902790100000189e+00 5.565804839000000337e-01 3.105742931000000095e-01 5.670284849999999988e-02
9.055448068103240430e+07 3.872115783690999820e+02 5.306788444500000423e+00 5.564481615999999908e-01 2.381635904000000137e-01 4.966054109999999688e-02
9.055458068103240430e+07 3.764728698729999792e+02 5.230309009600000003e+00 5.572058558000000383e-01 2.585214376000000147e-01 5.170428750000000129e-02
9.055468068103240430e+07 3.685252990723000153e+02 5.191063880899999816e+00 5.533941984000000369e-01 2.186537385000000000e-01 4.771415519999999688e-02
9.055478068103240430e+07 3.704428100586000028e+02 5.207818031300000428e+00 5.541597605000000426e-01 3.743171692000000217e-01 6.238619609999999926e-02
9.055488068103240430e+07 3.747496948241999917e+02 5.220783233599999740e+00 5.564039946000000070e-01 2.278267144999999994e-01 4.857281969999999865e-02
9.055498068103240430e+07 3.567373046875000000e+02 5.118843555499999809e+00 5.527188182000000172e-01 3.961426020000000103e-01 6.426281479999999824e-02
9.055508068103240430e+07 3.723966674805000139e+02 5.213209152200000140e+00 5.557070970999999915e-01 3.525373936000000263e-01 6.045966220000000002e-02
9.055518068103240430e+07 3.709227294922000056e+02 5.213589191399999656e+00 5.532584785999999921e-01 3.332683741999999949e-01 5.891408399999999851e-02
9.055528068103240430e+07 3.685905456543000014e+02 5.190017700200000306e+00 5.549925566000000199e-01 3.529912828999999808e-01 6.053750589999999654e-02
9.055538068103240430e+07 3.774207458495999958e+02 5.242512226099999673e+00 5.556253790999999831e-01 2.177757174000000129e-01 4.752255600000000052e-02
9.055548068103240430e+07 3.700219726561999778e+02 5.199439525599999889e+00 5.545295476999999584e-01 2.909414171999999965e-01 5.498275910000000044e-02
9.055558068103240430e+07 3.753880615233999833e+02 5.232943058000000036e+00 5.550574064000000085e-01 2.595220804000000214e-01 5.190441760000000238e-02
9.055568068103240430e+07 3.731341247559000180e+02 5.228658676100000235e+00 5.535284281000000250e-01 3.539249897000000256e-01 6.069763379999999764e-02
9.055578068103240430e+07 3.647567443848000153e+02 5.153757095299999591e+00 5.565023422000000553e-01 3.002639711000000267e-01 5.575761569999999889e-02
9.055588068103240430e+07 3.760968017577999944e+02 5.232989311199999882e+00 5.574342608000000254e-01 4.031281769000000237e-01 6.455217300000000435e-02
9.055598068103240430e+07 3.636884155272999806e+02 5.132300376899999961e+00 5.592154263999999930e-01 2.678961158000000009e-01 5.253874879999999997e-02
9.055608068103240430e+07 3.773917846680000139e+02 5.127951145199999949e+00 5.819386243999999930e-01 3.465477525999999808e-01 5.857726189999999666e-02
9.055618068103240430e+07 3.674669189452999944e+02 4.932452678699999815e+00 6.123566628000000067e-01 3.293334245999999799e-01 5.566751209999999672e-02
9.055628068103240430e+07 3.726680908202999944e+02 5.103783130600000106e+00 5.815191865000000071e-01 4.855168163999999953e-01 6.935954090000000238e-02
9.055638068103240430e+07 3.668664245604999792e+02 5.308407306700000383e+00 5.283080934999999645e-01 3.817270993999999917e-01 6.452365960000000511e-02
9.055648068103240430e+07 3.712825927733999833e+02 5.207800865200000295e+00 5.554036498000000099e-01 3.734788298999999756e-01 6.224647540000000090e-02
9.055658068103240430e+07 3.707035217284999931e+02 4.966364860499999700e+00 6.086450219000000272e-01 2.650734185999999992e-01 5.009416490000000166e-02
9.055668068103240430e+07 3.675514831543000014e+02 5.190083980599999869e+00 5.533342957000000339e-01 3.436359166999999881e-01 5.981933700000000020e-02
9.055678068103240430e+07 3.708006286620999958e+02 5.195932388300000149e+00 5.572127103999999775e-01 3.722662628000000251e-01 6.204437840000000259e-02
9.055688068103240430e+07 3.792644653319999861e+02 5.414932250999999752e+00 5.245081781999999526e-01 3.515360951000000012e-01 6.214338910000000160e-02
9.055698068103240430e+07 3.751621398926000097e+02 5.230682849899999987e+00 5.561694502999999790e-01 3.626044690999999931e-01 6.129134070000000212e-02
9.055708068103240430e+07 3.781463317870999958e+02 5.273772239700000419e+00 5.518544316000000283e-01 4.072042405999999892e-01 6.520486620000000288e-02
9.055718068103240430e+07 3.835785217284999931e+02 5.151965618100000199e+00 5.858999490999999837e-01 3.442047238000000009e-01 5.818121510000000274e-02
9.055728068103240430e+07 3.761679992676000097e+02 5.386412620499999804e+00 5.273019075000000555e-01 5.245104431999999539e-01 7.570655639999999964e-02
9.055738068103240430e+07 3.686013183594000111e+02 5.055617332499999783e+00 5.849264264000000324e-01 3.546283841000000270e-01 5.910472940000000008e-02
9.055748068103240430e+07 3.758745727538999972e+02 5.368115901900000431e+00 5.293131470999999921e-01 3.918880820000000265e-01 6.531468029999999703e-02
9.055758068103240430e+07 3.672818603516000167e+02 5.190333843200000352e+00 5.534707904000000234e-01 4.060150384999999806e-01 6.501443680000000558e-02
9.055768068103240430e+07 3.816717529297000056e+02 5.272393226600000204e+00 5.574088096999999520e-01 4.238207637999999999e-01 6.618968399999999863e-02
9.055778068103240430e+07 3.752033081055000139e+02 5.354925155600000153e+00 5.294240713000000209e-01 2.176699786999999886e-01 4.867248610000000225e-02
9.055788068103240430e+07 3.844707336426000097e+02 5.438161850000000186e+00 5.275889039000000169e-01 4.040901959000000043e-01 6.643201410000000584e-02
9.055798068103240430e+07 3.769194641112999875e+02 5.387054443400000281e+00 5.259114503999999801e-01 2.629486024000000088e-01 5.367415770000000252e-02
9.055808068103240430e+07 3.903852539061999778e+02 5.474035739899999697e+00 5.273474455000000116e-01 2.513062059999999764e-01 5.240096899999999863e-02
9.055818068103240430e+07 3.790692138672000056e+02 5.276957511900000064e+00 5.521385074000000337e-01 3.652516901000000260e-01 6.173880030000000046e-02
9.055828068103240430e+07 3.869322814940999820e+02 5.353150367699999634e+00 5.487411022000000527e-01 4.935175478000000115e-01 7.198693600000000137e-02
9.055838068103240430e+07 3.811616210938000222e+02 5.284554004700000363e+00 5.521368979999999871e-01 2.087158561000000134e-01 4.667028410000000072e-02
9.055848068103240430e+07 3.918059692383000083e+02 5.358283996599999988e+00 5.534738301999999610e-01 3.747810422999999780e-01 6.246351079999999667e-02
9.055858068103240430e+07 3.778956909180000139e+02 5.257910728499999742e+00 5.537500381000000083e-01 2.913509905000000177e-01 5.506016309999999664e-02
9.055868068103240430e+07 3.841232604979999792e+02 5.323638916000000165e+00 5.497014523000000041e-01 3.668709993000000003e-01 6.201251599999999670e-02
9.055878068103240430e+07 3.923869018555000139e+02 5.336681842800000020e+00 5.582928060999999831e-01 3.199424744000000098e-01 5.746336650000000157e-02
9.055888068103240430e+07 3.856563110352000194e+02 5.319937229199999784e+00 5.524451732999999809e-01 3.441889881999999901e-01 5.991560969999999708e-02
9.055898068103240430e+07 3.774970703125000000e+02 5.242971897100000334e+00 5.564090609999999826e-01 3.003143369999999868e-01 5.576696989999999771e-02
9.055908068103240430e+07 3.858573913573999903e+02 5.325511455500000046e+00 5.514861940999999934e-01 3.343394101000000118e-01 5.910341809999999918e-02
9.055918068103240430e+07 3.868428649901999847e+02 5.308403968800000428e+00 5.578300357000000043e-01 4.854764639999999964e-01 7.081402089999999649e-02
9.055928068103240430e+07 3.897893676758000083e+02 5.349801540399999666e+00 5.520250200999999857e-01 3.340130447999999919e-01 5.904572460000000189e-02
9.055938068103240430e+07 3.874329528809000180e+02 5.455749988600000044e+00 5.268916487999999454e-01 2.515235840999999750e-01 5.244629459999999854e-02
9.055948068103240430e+07 3.877807006836000028e+02 5.614060878800000154e+00 4.987187088000000212e-01 3.350538015000000258e-01 6.221793219999999930e-02
9.055958068103240430e+07 3.876143493651999847e+02 5.480403900099999781e+00 5.239182114999999529e-01 4.289170802000000227e-01 6.868170199999999725e-02
9.055968068103240430e+07 3.855157775879000042e+02 5.474798679400000090e+00 5.225555300999999986e-01 4.741417766000000089e-01 7.230594009999999350e-02
9.055978068103240430e+07 3.832621154784999931e+02 5.276378631600000091e+00 5.581051111000000509e-01 3.406984507999999967e-01 5.930798870000000139e-02
9.055988068103240430e+07 3.925990905762000125e+02 5.339875221299999808e+00 5.592163800999999657e-01 4.636655747999999799e-01 6.911918520000000232e-02
9.055998068103240430e+07 3.879985961913999972e+02 5.327758312200000290e+00 5.538613796000000367e-01 3.120990097999999935e-01 5.698122459999999806e-02
9.056008068103240430e+07 3.843905639647999806e+02 5.291687965400000415e+00 5.580168366000000102e-01 5.059655905000000065e-01 7.228079440000000078e-02
9.056018068103240430e+07 3.863195190430000139e+02 5.314276695300000242e+00 5.556797981000000108e-01 4.666165709000000272e-01 6.955908980000000130e-02
9.056028068103240430e+07 3.832600097655999889e+02 5.304142475099999920e+00 5.517400502999999512e-01 2.819690704000000214e-01 5.426497379999999787e-02
9.056038068103240430e+07 3.918815612793000014e+02 5.377263069199999634e+00 5.492399931000000457e-01 3.252158761000000231e-01 5.841049549999999951e-02
9.056048068103240430e+07 3.875953979491999917e+02 5.304200172399999857e+00 5.585661530000000097e-01 3.507329225999999966e-01 6.015019860000000301e-02
9.056058068103240430e+07 3.878781433104999792e+02 5.343124866500000181e+00 5.514597892999999473e-01 4.179442525000000019e-01 6.608279050000000210e-02
9.056068068103240430e+07 3.853716430663999972e+02 5.457131385800000345e+00 5.236586331999999455e-01 2.310698330000000023e-01 5.042357370000000172e-02
9.056078068103240430e+07 3.908535766602000194e+02 5.635284423799999942e+00 4.987765848999999863e-01 3.234626949000000140e-01 6.112870570000000087e-02
9.056088068103240430e+07 3.910196533202999944e+02 5.510783195500000176e+00 5.220394730999999844e-01 3.531984985000000132e-01 6.243726239999999872e-02
9.056098068103240430e+07 3.827364807129000042e+02 5.447230339099999874e+00 5.235990882000000068e-01 4.181739092000000269e-01 6.783676889999999682e-02
9.056108068103240430e+07 3.951607360840000069e+02 5.383639335599999853e+00 5.523922443000000015e-01 3.129290639999999790e-01 5.713276939999999832e-02
9.056118068103240430e+07 3.925964660645000208e+02 5.339766502399999837e+00 5.580382942999999596e-01 3.304138184000000034e-01 5.840946360000000281e-02
9.056128068103240430e+07 3.826622924805000139e+02 5.279768943799999725e+00 5.573801398000000074e-01 4.341802001000000244e-01 6.699545680000000558e-02
9.056138068103240430e+07 4.033905334473000153e+02 5.433434009600000003e+00 5.546224712999999751e-01 4.363390207000000243e-01 6.732857230000000026e-02
9.056148068103240430e+07 3.841649780272999806e+02 5.281805992099999791e+00 5.582625866000000547e-01 3.406023680999999970e-01 5.929125849999999920e-02
9.056158068103240430e+07 3.897561035155999889e+02 5.342644214599999941e+00 5.545633435000000278e-01 4.571658075000000210e-01 6.892033670000000112e-02
9.056168068103240430e+07 3.875868530272999806e+02 5.312645435300000329e+00 5.560415982999999951e-01 2.694252430999999892e-01 5.283863839999999867e-02
9.056178068103240430e+07 3.859807739258000083e+02 5.323957443200000306e+00 5.516993403000000074e-01 3.028780221999999855e-01 5.624303969999999708e-02
9.056188068103240430e+07 3.836213989258000083e+02 5.279507637000000031e+00 5.584356189000000414e-01 3.920872210999999941e-01 6.360494349999999686e-02
9.056198068103240430e+07 3.824069213866999917e+02 5.283162116999999824e+00 5.554527044000000524e-01 3.423253595999999899e-01 5.959119649999999879e-02
9.056208068103240430e+07 3.692388305663999972e+02 5.200665473900000002e+00 5.538923143999999743e-01 3.744979203000000090e-01 6.241631880000000215e-02
9.056218068103240430e+07 3.780685119629000042e+02 5.269398689299999994e+00 5.523656010999999921e-01 3.755329847000000165e-01 6.258882579999999751e-02
9.056228068103240430e+07 3.757277221680000139e+02 5.226012706799999741e+00 5.570233463999999524e-01 2.586061358000000254e-01 5.172122640000000049e-02
9.056238068103240430e+07 3.807745361327999944e+02 5.292283058199999779e+00 5.511192083000000519e-01 3.345620334000000140e-01 5.914276839999999674e-02
9.056248068103240430e+07 3.700350646973000153e+02 5.192741393999999566e+00 5.575365423999999459e-01 4.547278583000000096e-01 6.855280699999999339e-02
9.056258068103240430e+07 3.830898742676000097e+02 5.287792205799999756e+00 5.555593966999999855e-01 3.526311219000000108e-01 6.047573690000000030e-02
9.056268068103240430e+07 3.917528991698999903e+02 5.358111381499999659e+00 5.530656576000000380e-01 3.333846033000000264e-01 5.893462900000000226e-02
9.056278068103240430e+07 3.841486511229999792e+02 5.301609039299999715e+00 5.544764399999999593e-01 3.844951390999999941e-01 6.321061399999999830e-02
9.056288068103240430e+07 3.853113098145000208e+02 5.337351799000000341e+00 5.480987430000000549e-01 3.153803944999999942e-01 5.758031830000000240e-02
9.056298068103240430e+07 3.758528442383000083e+02 5.374126911200000301e+00 5.280112028000000235e-01 3.819417654999999745e-01 6.455993649999999806e-02
9.056308068103240430e+07 3.813207702637000125e+02 5.279542923000000165e+00 5.543631910999999857e-01 3.118164836999999801e-01 5.692964050000000331e-02
9.056318068103240430e+07 3.763211364745999958e+02 5.379112243699999851e+00 5.280713438999999898e-01 4.255437552999999928e-01 6.814153489999999480e-02
9.056328068103240430e+07 3.853077087401999847e+02 5.596527099600000277e+00 4.982895850999999876e-01 2.890882194000000127e-01 5.781764539999999925e-02
9.056338068103240430e+07 3.846772155762000125e+02 5.451568603500000165e+00 5.245400666999999739e-01 3.185602426999999959e-01 5.915515119999999877e-02
9.056348068103240430e+07 3.974412231444999861e+02 5.404083252000000392e+00 5.521023870000000278e-01 3.965849280000000032e-01 6.433457139999999852e-02
9.056358068103240430e+07 3.802656555176000097e+02 5.261831283600000297e+00 5.571250318999999562e-01 3.723248839000000143e-01 6.205414609999999886e-02
9.056368068103240430e+07 3.818473205565999820e+02 5.278400421099999740e+00 5.560234188999999549e-01 3.834253847999999909e-01 6.303474309999999858e-02
9.056378068103240430e+07 3.862302246094000111e+02 5.323373317699999774e+00 5.519851446000000328e-01 2.818438709000000153e-01 5.424087870000000172e-02
9.056388068103240430e+07 3.853740539551000097e+02 5.302514553099999972e+00 5.550944209000000518e-01 2.802651823000000264e-01 5.393705890000000114e-02
9.056398068103240430e+07 3.892328796387000125e+02 5.324689865099999864e+00 5.560564995000000232e-01 2.901424765999999766e-01 5.483177300000000032e-02
9.056408068103240430e+07 3.882241821288999972e+02 5.340884208700000357e+00 5.518464445999999857e-01 3.550036847999999967e-01 6.088263170000000196e-02
9.056418068103240430e+07 3.887672424315999820e+02 5.318793296800000014e+00 5.568103789999999664e-01 3.104460537000000020e-01 5.667943510000000157e-02
9.056428068103240430e+07 3.880166015625000000e+02 5.329321861300000407e+00 5.530960560000000026e-01 2.604423760999999837e-01 5.208847669999999708e-02
9.056438068103240430e+07 3.823434753418000014e+02 5.279766559599999631e+00 5.560721159000000524e-01 3.419440686999999923e-01 5.952481929999999671e-02
9.056448068103240430e+07 3.822123413086000028e+02 5.300395488700000435e+00 5.522513390000000078e-01 4.173451959999999739e-01 6.598807130000000631e-02
9.056458068103240430e+07 3.793445434569999861e+02 5.260175704999999979e+00 5.561398864000000053e-01 3.729844092999999861e-01 6.216406819999999861e-02
9.056468068103240430e+07 3.838912353516000167e+02 5.304056167599999760e+00 5.521854757999999919e-01 2.295672595999999899e-01 4.894390330000000094e-02
9.056478068103240430e+07 3.879854736327999944e+02 5.467247963000000155e+00 5.259899497000000146e-01 3.176821470000000258e-01 5.899209159999999758e-02
9.056488068103240430e+07 3.840153503418000014e+02 5.425014018999999799e+00 5.290418863000000416e-01 3.485235870000000236e-01 6.161084769999999877e-02
9.056498068103240430e+07 3.912675476073999903e+02 5.835880756399999925e+00 4.656470716000000176e-01 3.341020345999999863e-01 6.429796670000000047e-02
9.056508068103240430e+07 3.860897827147999806e+02 5.326102733599999972e+00 5.522550344000000111e-01 3.964753151000000031e-01 6.431678679999999759e-02
9.056518068103240430e+07 3.760983886719000111e+02 5.244372844699999980e+00 5.555152893000000480e-01 4.563823938000000080e-01 6.880223750000000194e-02
9.056528068103240430e+07 3.826195678711000028e+02 5.279527664199999748e+00 5.567083954999999529e-01 3.622534275000000026e-01 6.123200429999999667e-02
9.056538068103240430e+07 3.887995910645000208e+02 5.340291976899999682e+00 5.522177218999999582e-01 2.921594381000000018e-01 5.521294470000000232e-02
9.056548068103240430e+07 3.847779541016000167e+02 5.316399574300000097e+00 5.521187781999999933e-01 3.652647137999999738e-01 6.174100560000000265e-02
9.056558068103240430e+07 3.977009582520000208e+02 5.401363849600000044e+00 5.531024933000000532e-01 4.062853753999999817e-01 6.505773219999999579e-02
9.056568068103240430e+07 3.883048095702999944e+02 5.333496093800000004e+00 5.529213548000000422e-01 2.917876542000000240e-01 5.514268199999999842e-02
9.056578068103240430e+07 3.912160339354999792e+02 5.341023445100000266e+00 5.559291840000000207e-01 3.420319557000000010e-01 5.954011900000000246e-02
9.056588068103240430e+07 3.974620056151999847e+02 5.388162136100000055e+00 5.556509495000000465e-01 4.251615703000000135e-01 6.639908249999999790e-02
9.056598068103240430e+07 3.848785095215000069e+02 5.353460788699999640e+00 5.444046854999999852e-01 3.386884332000000275e-01 5.987222119999999898e-02
9.056608068103240430e+07 3.809301147461000028e+02 5.571497440299999937e+00 4.975729286999999723e-01 3.474055231000000021e-01 6.342728440000000578e-02
9.056618068103240430e+07 3.919205627440999820e+02 5.672117710100000210e+00 4.943294524999999884e-01 4.079658091000000208e-01 6.895881149999999460e-02
9.056628068103240430e+07 3.891245727538999972e+02 5.484757900199999980e+00 5.252878069999999955e-01 4.497371316000000063e-01 7.023713739999999650e-02
9.056638068103240430e+07 3.924181823729999792e+02 5.359508037600000385e+00 5.532457829000000382e-01 2.812016606000000141e-01 5.411728100000000319e-02
9.056648068103240430e+07 3.931715393065999820e+02 5.359473228499999742e+00 5.549507140999999644e-01 3.530178963999999753e-01 6.054206940000000231e-02
9.056658068103240430e+07 3.960302429198999903e+02 5.384871006000000015e+00 5.542574525000000252e-01 4.158346354999999939e-01 6.574922800000000678e-02
9.056668068103240430e+07 3.929634094237999875e+02 5.356002807600000359e+00 5.562949180999999799e-01 4.557428062000000168e-01 6.870581209999999939e-02
9.056678068103240430e+07 3.936030883788999972e+02 5.365093707999999850e+00 5.544880628999999672e-01 3.637039660999999979e-01 6.147719170000000288e-02
9.056688068103240430e+07 3.848334960938000222e+02 5.305536746999999664e+00 5.560411811000000037e-01 5.388509034999999781e-01 7.472517339999999730e-02
9.056698068103240430e+07 3.847868347168000014e+02 5.311291694600000390e+00 5.525286198000000093e-01 2.919950485000000207e-01 5.518187580000000203e-02
9.056708068103240430e+07 3.864093627930000139e+02 5.325418949100000354e+00 5.530343055999999979e-01 4.167543351999999923e-01 6.589464840000000545e-02
9.056718068103240430e+07 3.859242858887000125e+02 5.329988956500000263e+00 5.506593585000000290e-01 3.348414003999999888e-01 5.919215829999999873e-02
9.056728068103240430e+07 3.897312622069999861e+02 5.368034839599999941e+00 5.479416847000000423e-01 3.049550652999999945e-01 5.662873389999999868e-02
9.056738068103240430e+07 3.817229614258000083e+02 5.566910743700000275e+00 5.001713634000000130e-01 4.377609192999999954e-01 7.101419570000000459e-02
9.056748068103240430e+07 3.799281311034999931e+02 5.727350235000000289e+00 4.690276384000000021e-01 2.702691257000000014e-01 5.762157219999999858e-02
9.056758068103240430e+07 3.800446472168000014e+02 5.252413272900000152e+00 5.574561356999999662e-01 2.273967265999999876e-01 4.848114399999999685e-02
9.056768068103240430e+07 3.805135803223000153e+02 5.285593986500000341e+00 5.521327852999999841e-01 3.339478374000000027e-01 5.903419480000000191e-02
9.056778068103240430e+07 3.753931579590000069e+02 5.216771125800000242e+00 5.588831306000000554e-01 2.989848851999999946e-01 5.552009869999999930e-02
9.056788068103240430e+07 3.878834228516000167e+02 5.335742473599999869e+00 5.520511865999999657e-01 3.131224215000000255e-01 5.716807019999999712e-02
9.056798068103240430e+07 3.872564697266000167e+02 5.337467670399999697e+00 5.509070158000000106e-01 3.242317735999999950e-01 5.823374910000000265e-02
9.056808068103240430e+07 3.766531066895000208e+02 5.262763023399999796e+00 5.514154434000000382e-01 3.448317349000000198e-01 6.002750250000000315e-02
9.056818068103240430e+07 3.754353942870999958e+02 5.252029895799999792e+00 5.509234667000000307e-01 2.405519037999999943e-01 5.015854160000000200e-02
9.056828068103240430e+07 3.802602844237999875e+02 5.284571647599999977e+00 5.523622632000000365e-01 3.755352497000000178e-01 6.258921330000000172e-02
9.056838068103240430e+07 3.805585021973000153e+02 5.267306804699999567e+00 5.551593303999999840e-01 2.387164979999999992e-01 4.977583139999999795e-02
9.056848068103240430e+07 3.767320556641000167e+02 5.246215343500000294e+00 5.550904869999999658e-01 3.529290259000000263e-01 6.052682549999999911e-02
9.056858068103240430e+07 3.864698486327999944e+02 5.318622589100000297e+00 5.531191826000000367e-01 2.604314983000000083e-01 5.208630110000000285e-02
9.056868068103240430e+07 3.950119018555000139e+02 5.375652313199999810e+00 5.536364913000000332e-01 2.914107143999999927e-01 5.507145079999999776e-02
9.056878068103240430e+07 3.810319213866999917e+02 5.263545513200000414e+00 5.565407275999999515e-01 2.277707458000000074e-01 4.856088759999999810e-02
9.056888068103240430e+07 3.845698852538999972e+02 5.300032138799999792e+00 5.540857911000000025e-01 2.391790152000000114e-01 4.987227169999999821e-02
9.056898068103240430e+07 3.838369750977000194e+02 5.308708190900000012e+00 5.524665117000000514e-01 3.754643798000000254e-01 6.257739660000000148e-02
9.056908068103240430e+07 3.859446105956999986e+02 5.316306114199999655e+00 5.537922978000000551e-01 3.641609250999999770e-01 6.155443189999999787e-02
9.056918068103240430e+07 3.947019958495999958e+02 5.366158485399999734e+00 5.556154250999999489e-01 3.422251045999999963e-01 5.957374719999999901e-02
9.056928068103240430e+07 3.893137207030999889e+02 5.322783946999999571e+00 5.567536950000000484e-01 3.104776739999999813e-01 5.668520929999999736e-02
9.056938068103240430e+07 3.919229125977000194e+02 5.364451885200000270e+00 5.520028472000000352e-01 3.340264559000000189e-01 5.904809390000000102e-02
9.056948068103240430e+07 3.768640136719000111e+02 5.254205226899999914e+00 5.550413132000000527e-01 5.086780787000000359e-01 7.266829160000000398e-02
9.056958068103240430e+07 3.829058532715000069e+02 5.312139511099999822e+00 5.502464770999999644e-01 3.560359477999999744e-01 6.105966489999999774e-02
9.056968068103240430e+07 3.778773193358999833e+02 5.280271053299999906e+00 5.503107309000000447e-01 4.292873441999999762e-01 6.704341619999999724e-02
9.056978068103240430e+07 3.918976440430000139e+02 5.340409755699999650e+00 5.568295717000000256e-01 3.207832277000000065e-01 5.761436749999999940e-02
9.056988068103240430e+07 3.929473571776999847e+02 5.381764411899999878e+00 5.498021244999999890e-01 3.248833716000000260e-01 5.835077909999999979e-02
9.056998068103240430e+07 3.950774230956999986e+02 5.671786308299999746e+00 4.975844025999999753e-01 3.126577735000000136e-01 6.017101560000000238e-02
9.057008068103240430e+07 3.917717895508000083e+02 5.655638694800000366e+00 4.959925412999999783e-01 2.788099647000000236e-01 5.691184850000000073e-02
9.057018068103240430e+07 3.983060913086000028e+02 5.543987274200000037e+00 5.253433585000000239e-01 3.509772420000000226e-01 6.204459820000000209e-02
9.057028068103240430e+07 4.022801818848000153e+02 5.447711944599999967e+00 5.502408146999999694e-01 4.398136436999999788e-01 6.786472350000000153e-02
9.057038068103240430e+07 3.992697143555000139e+02 5.396850109099999848e+00 5.561795831000000412e-01 4.040375948000000106e-01 6.469779459999999705e-02
9.057048068103240430e+07 4.033683166504000042e+02 5.426328182199999794e+00 5.554982424000000085e-01 3.734152317000000165e-01 6.223587319999999978e-02
9.057058068103240430e+07 3.891217956543000014e+02 5.327583789800000247e+00 5.558570622999999822e-01 3.524422944000000224e-01 6.044335289999999694e-02
9.057068068103240430e+07 4.010548400879000042e+02 5.410403251600000019e+00 5.555865764999999845e-01 3.733558654999999948e-01 6.222597879999999804e-02
9.057078068103240430e+07 4.014148864745999958e+02 5.426988601699999748e+00 5.518932343000000351e-01 2.818908095000000058e-01 5.424991249999999710e-02
9.057088068103240430e+07 4.038883056641000167e+02 5.903165817299999674e+00 4.700304269999999729e-01 3.800213038999999959e-01 6.825384499999999355e-02
9.057098068103240430e+07 3.977882690430000139e+02 5.707704067199999898e+00 4.950746596000000221e-01 3.607972562000000272e-01 6.480109689999999367e-02
9.057108068103240430e+07 3.872216186522999806e+02 5.338963985400000389e+00 5.509248375999999947e-01 3.660562931999999936e-01 6.187481060000000338e-02
9.057118068103240430e+07 3.922923889159999931e+02 5.344458580000000403e+00 5.571906567000000088e-01 3.929632901999999817e-01 6.374706330000000365e-02
9.057128068103240430e+07 3.940009765625000000e+02 5.380047321300000185e+00 5.517950654000000066e-01 3.445945083999999992e-01 5.998620760000000079e-02
9.057138068103240430e+07 3.877010192870999958e+02 5.316684246100000344e+00 5.555500984000000253e-01 2.904069722000000020e-01 5.488175530000000135e-02
9.057148068103240430e+07 3.857580261229999792e+02 5.308145523100000318e+00 5.555958152000000094e-01 4.044620991000000276e-01 6.476577370000000111e-02
9.057158068103240430e+07 3.903166809081999986e+02 5.340623855599999636e+00 5.553038716000000541e-01 4.046747983000000271e-01 6.479982289999999812e-02
9.057168068103240430e+07 3.904240417479999792e+02 5.338803768200000022e+00 5.561084150999999753e-01 4.351730943000000074e-01 6.714866310000000560e-02
9.057178068103240430e+07 3.893003845215000069e+02 5.341128349299999911e+00 5.527499317999999828e-01 2.918781340000000113e-01 5.515978109999999934e-02
9.057188068103240430e+07 3.886617736815999820e+02 5.328227996799999922e+00 5.554461479000000201e-01 3.941974639999999974e-01 6.394727529999999494e-02
9.057198068103240430e+07 3.879683532715000069e+02 5.319485187499999768e+00 5.561870336999999997e-01 3.833125829999999845e-01 6.301619860000000350e-02
9.057208068103240430e+07 3.857732238770000208e+02 5.469325065599999647e+00 5.224387646000000496e-01 2.977834939999999819e-01 5.730845779999999695e-02
9.057218068103240430e+07 3.900468750000000000e+02 5.628583431200000042e+00 4.992160796999999817e-01 3.578041196000000257e-01 6.426351519999999595e-02
9.057228068103240430e+07 3.849467468262000125e+02 5.585028648399999796e+00 5.003401637000000068e-01 3.454841375000000103e-01 6.307648870000000241e-02
9.057238068103240430e+07 3.909687194823999903e+02 5.367795467399999687e+00 5.497131943999999937e-01 3.039723336999999859e-01 5.644624310000000145e-02
9.057248068103240430e+07 3.983109130858999833e+02 5.408650875100000199e+00 5.524579286999999894e-01 4.067594408999999911e-01 6.513363869999999611e-02
9.057258068103240430e+07 3.869385375977000194e+02 5.315181732200000120e+00 5.551544428000000364e-01 3.321301937000000204e-01 5.871287730000000066e-02
9.057268068103240430e+07 3.929537658690999820e+02 5.365297794299999978e+00 5.529890656000000515e-01 3.021716177000000059e-01 5.611186099999999899e-02
9.057278068103240430e+07 3.831798706055000139e+02 5.279850482899999697e+00 5.582945347000000114e-01 4.541104733999999921e-01 6.845972690000000360e-02
9.057288068103240430e+07 3.820754699706999986e+02 5.271463870999999912e+00 5.579965711000000050e-01 4.027219712999999812e-01 6.448712199999999395e-02
9.057298068103240430e+07 3.892026977538999972e+02 5.347778320299999777e+00 5.533804297000000094e-01 5.310294627999999628e-01 7.435899229999999582e-02
9.057308068103240430e+07 3.886457824706999986e+02 5.327349662799999663e+00 5.549538135999999566e-01 3.218674659999999910e-01 5.780909959999999681e-02
9.057318068103240430e+07 3.855031738280999889e+02 5.318516254400000420e+00 5.529907941999999688e-01 3.959477841999999859e-01 6.423120949999999718e-02
9.057328068103240430e+07 3.849625549315999820e+02 5.297436237300000350e+00 5.567883252999999977e-01 4.139444828000000132e-01 6.545037030000000478e-02
9.057338068103240430e+07 3.930519104004000042e+02 5.356138706200000321e+00 5.551943779000000356e-01 3.217280209000000224e-01 5.778405820000000193e-02
9.057348068103240430e+07 3.910148925780999889e+02 5.669458389299999901e+00 4.933844805000000000e-01 3.737117349999999893e-01 6.606352329999999606e-02
9.057358068103240430e+07 3.843416748047000056e+02 5.578160285900000126e+00 5.016328096000000070e-01 4.479720294000000269e-01 7.173293829999999316e-02
9.057368068103240430e+07 3.864775695801000097e+02 5.468878745999999680e+00 5.234684348000000487e-01 2.971977292999999909e-01 5.719572679999999909e-02
9.057378068103240430e+07 3.887193603516000167e+02 5.344928741500000413e+00 5.516180395999999986e-01 3.447051047999999951e-01 6.000545620000000135e-02
9.057388068103240430e+07 3.929911804198999903e+02 5.386698245999999912e+00 5.485845804000000214e-01 2.940943241000000263e-01 5.557860430000000074e-02
9.057398068103240430e+07 3.874800109862999875e+02 5.340763568899999925e+00 5.508255362999999738e-01 3.556616901999999913e-01 6.099547450000000065e-02
9.057408068103240430e+07 3.798414306641000167e+02 5.261265754700000130e+00 5.565348267999999932e-01 3.623663783000000138e-01 6.125110019999999850e-02
9.057418068103240430e+07 3.823800659180000139e+02 5.289215564700000094e+00 5.532973409000000453e-01 2.499337345000000044e-01 5.101751160000000257e-02
9.057428068103240430e+07 3.756514587401999847e+02 5.239033222199999784e+00 5.551230311000000528e-01 3.632879853000000048e-01 6.140687689999999727e-02
9.057438068103240430e+07 3.796707763672000056e+02 5.260149955700000213e+00 5.566176175999999476e-01 3.726642727999999738e-01 6.211071089999999767e-02
9.057448068103240430e+07 3.680385742188000222e+02 5.195435523999999639e+00 5.527281761000000238e-01 3.231635093999999930e-01 5.804187799999999814e-02
9.057458068103240430e+07 3.686484680176000097e+02 5.186094760899999656e+00 5.566976665999999740e-01 4.347124695999999844e-01 6.707759200000000532e-02
9.057468068103240430e+07 3.802565002440999820e+02 5.277976512899999584e+00 5.531583427999999802e-01 3.124956787000000014e-01 5.705364420000000325e-02
9.057478068103240430e+07 3.792104492188000222e+02 5.273091316200000378e+00 5.528607964999999735e-01 3.335081040999999802e-01 5.895646289999999928e-02
9.057488068103240430e+07 3.852821044922000056e+02 5.283322334300000200e+00 5.586070417999999815e-01 2.372431308000000072e-01 4.946861419999999676e-02
9.057498068103240430e+07 3.759445800780999889e+02 5.239951133699999986e+00 5.561260581000000425e-01 4.455202520000000055e-01 6.794120369999999409e-02
9.057508068103240430e+07 3.788126831055000139e+02 5.271612644200000197e+00 5.527865886999999701e-01 3.543999493000000167e-01 6.077908719999999820e-02
9.057518068103240430e+07 3.794913940430000139e+02 5.272002696999999571e+00 5.527287126000000050e-01 2.501908541000000263e-01 5.106999350000000076e-02
9.057528068103240430e+07 3.718704223633000083e+02 5.200608730299999927e+00 5.567304492000000327e-01 2.587421833999999921e-01 5.174843970000000265e-02
9.057538068103240430e+07 3.738715820311999778e+02 5.228570461300000360e+00 5.539497137000000127e-01 2.808443010000000184e-01 5.404851210000000128e-02
9.057548068103240430e+07 3.787365417479999792e+02 5.254615306899999894e+00 5.557589531000000083e-01 3.006656169999999961e-01 5.583219980000000277e-02
9.057558068103240430e+07 3.769695434569999861e+02 5.231178283700000264e+00 5.575574039999999787e-01 2.376897782000000070e-01 4.956174270000000132e-02
9.057568068103240430e+07 3.709608459473000153e+02 5.215801715899999635e+00 5.537248254000000092e-01 4.266404807999999993e-01 6.663005049999999596e-02
9.057578068103240430e+07 3.707592468262000125e+02 5.213937282599999889e+00 5.542102455999999844e-01 4.678538144000000121e-01 6.974352899999999855e-02
9.057588068103240430e+07 3.746762390137000125e+02 5.096676826500000423e+00 5.850640535000000142e-01 3.643934428999999753e-01 5.990591270000000107e-02
9.057598068103240430e+07 3.741485290526999847e+02 4.991065025300000180e+00 6.082127094000000511e-01 2.652618288999999963e-01 5.012977500000000142e-02
9.057608068103240430e+07 3.726962585448999903e+02 5.204795360600000365e+00 5.569652914999999593e-01 2.482877672000000091e-01 5.068152769999999946e-02
9.057618068103240430e+07 3.680676269530999889e+02 5.073449611700000084e+00 5.797208548000000183e-01 3.279950023000000048e-01 5.709660049999999709e-02
9.057628068103240430e+07 3.737717285155999889e+02 5.091291904400000234e+00 5.842185020000000284e-01 2.958817482000000165e-01 5.402036760000000076e-02
9.057638068103240430e+07 3.746819152831999986e+02 5.234086990399999806e+00 5.553267598000000138e-01 4.254097640999999763e-01 6.643784049999999775e-02
9.057648068103240430e+07 3.764113159180000139e+02 5.237180709799999612e+00 5.565273762000000346e-01 3.520177901000000054e-01 6.037055329999999748e-02
9.057658068103240430e+07 3.734687194823999903e+02 5.230267047899999966e+00 5.536801814999999793e-01 3.538279831000000208e-01 6.068099660000000201e-02
9.057668068103240430e+07 3.668436584473000153e+02 5.180360794100000277e+00 5.542454719999999613e-01 3.326748908000000116e-01 5.880916860000000301e-02
9.057678068103240430e+07 3.680130615233999833e+02 5.180963039399999914e+00 5.552729368000000054e-01 2.697981893999999992e-01 5.291178080000000228e-02
9.057688068103240430e+07 3.710729980469000111e+02 5.190518379200000254e+00 5.573081373999999588e-01 2.171181440000000129e-01 4.737906530000000199e-02
9.057698068103240430e+07 3.661975708008000083e+02 5.183382987999999969e+00 5.527380108999999653e-01 3.440066278000000199e-01 5.988386650000000061e-02
9.057708068103240430e+07 3.712472839354999792e+02 5.205527782399999914e+00 5.557361841000000302e-01 3.628871441000000031e-01 6.133912500000000129e-02
9.057718068103240430e+07 3.649836425780999889e+02 5.167508125300000366e+00 5.541982651000000315e-01 3.327032625999999937e-01 5.881418289999999771e-02
9.057728068103240430e+07 3.778772583008000083e+02 5.232941627499999804e+00 5.586103201000000018e-01 2.475565969999999894e-01 5.053228139999999674e-02
9.057738068103240430e+07 3.742322692870999958e+02 5.226333618199999975e+00 5.559191108000000048e-01 3.834973275999999931e-01 6.304657460000000213e-02
9.057748068103240430e+07 3.684652709961000028e+02 4.932052612299999694e+00 6.144934296999999823e-01 3.656954765000000052e-01 5.855814000000000158e-02
9.057758068103240430e+07 3.671181335448999903e+02 4.824281692499999608e+00 6.400577426000000347e-01 3.780962229000000008e-01 5.834151430000000110e-02
9.057768068103240430e+07 3.700270996094000111e+02 5.188955783799999999e+00 5.572584866999999997e-01 3.412160575000000029e-01 5.939808860000000273e-02
9.057778068103240430e+07 3.688439636229999792e+02 5.195158004799999674e+00 5.540814400000000362e-01 3.327734171999999768e-01 5.882658439999999961e-02
9.057788068103240430e+07 3.684717407227000194e+02 5.180404186199999650e+00 5.567662119999999826e-01 3.415177463999999885e-01 5.945060769999999800e-02
9.057798068103240430e+07 3.669864501952999944e+02 5.173717021899999935e+00 5.550854205999999902e-01 2.491286248000000036e-01 5.085317050000000283e-02
9.057808068103240430e+07 3.740503540038999972e+02 5.221060752899999713e+00 5.562844275999999644e-01 3.314555585000000248e-01 5.859361960000000064e-02
9.057818068103240430e+07 3.612528076172000056e+02 5.131247043600000168e+00 5.557322502000000553e-01 2.695752382000000114e-01 5.286804960000000136e-02
9.057828068103240430e+07 3.577156677245999958e+02 5.106776237500000093e+00 5.560090542000000191e-01 3.108934760000000019e-01 5.676112319999999933e-02
9.057838068103240430e+07 3.669335632323999903e+02 5.160361289999999990e+00 5.583646297000000036e-01 2.992625237000000049e-01 5.557165669999999946e-02
9.057848068103240430e+07 3.548219604491999917e+02 5.097413063000000299e+00 5.542909502999999738e-01 3.846238256000000244e-01 6.323176619999999748e-02
9.057858068103240430e+07 3.646938781737999875e+02 5.167577266700000393e+00 5.535500646000000025e-01 3.122745453999999921e-01 5.701326949999999810e-02
9.057868068103240430e+07 3.672827758788999972e+02 4.913507461500000062e+00 6.158671379000000279e-01 2.432531863000000072e-01 4.770587760000000177e-02
9.057878068103240430e+07 3.539389343262000125e+02 4.734020233199999872e+00 6.405763030000000136e-01 3.418101370000000139e-01 5.544892700000000202e-02
9.057888068103240430e+07 3.618120727538999972e+02 5.150659084299999968e+00 5.522161126000000309e-01 2.504231035999999744e-01 5.111739779999999872e-02
9.057898068103240430e+07 3.512567138672000056e+02 5.054933071099999786e+00 5.570690632000000475e-01 2.896150947000000198e-01 5.473211039999999888e-02
9.057908068103240430e+07 3.653628234862999875e+02 5.156122207600000173e+00 5.571071506000000451e-01 3.206233977999999873e-01 5.758566040000000219e-02
9.057918068103240430e+07 3.575231018065999820e+02 5.097988605500000325e+00 5.581260919999999626e-01 3.613332807999999896e-01 6.107646969999999675e-02
9.057928068103240430e+07 3.582354125977000194e+02 5.109732151000000222e+00 5.564707518000000519e-01 3.416990936000000034e-01 5.948217590000000332e-02
9.057938068103240430e+07 3.612383728026999847e+02 4.881776809699999831e+00 6.140856147000000043e-01 2.814910412000000139e-01 5.139299480000000114e-02
9.057948068103240430e+07 3.592144775391000167e+02 4.768287181899999894e+00 6.404528618000000506e-01 3.148858248999999998e-01 5.322541670000000003e-02
9.057958068103240430e+07 3.572860107422000056e+02 5.100560188300000242e+00 5.573030709999999832e-01 3.722059131000000076e-01 6.203432009999999830e-02
9.057968068103240430e+07 3.538134765625000000e+02 5.074217796300000138e+00 5.582771301000000186e-01 4.334826171000000228e-01 6.688781829999999873e-02
9.057978068103240430e+07 3.647755432129000042e+02 5.141451835599999853e+00 5.592833756999999739e-01 3.090733587999999754e-01 5.642881240000000020e-02
9.057988068103240430e+07 3.557211303711000028e+02 5.117061138200000414e+00 5.505309700999999611e-01 2.930545807000000114e-01 5.538210650000000013e-02
9.057998068103240430e+07 3.590115661620999958e+02 5.123409271199999893e+00 5.547062754999999568e-01 3.427860140999999805e-01 5.967138710000000068e-02
9.058008068103240430e+07 3.576320190430000139e+02 4.562663078299999952e+00 6.964095234999999606e-01 3.144062161000000244e-01 5.100342260000000072e-02
9.058018068103240430e+07 3.539979553223000153e+02 5.081191539799999823e+00 5.560231208999999453e-01 3.316113352999999764e-01 5.862115319999999796e-02
9.058028068103240430e+07 3.505996093750000000e+02 5.054796218899999971e+00 5.568932294999999755e-01 3.724798559999999981e-01 6.207997719999999719e-02
9.058038068103240430e+07 3.528967895508000083e+02 5.066260814699999671e+00 5.568479896000000373e-01 2.586875558000000241e-01 5.173751339999999727e-02
9.058048068103240430e+07 3.622589416504000042e+02 5.138369560200000130e+00 5.570275187000000017e-01 4.034225643000000083e-01 6.459931280000000275e-02
9.058058068103240430e+07 3.588519287108999833e+02 5.110733509100000127e+00 5.571998357999999874e-01 3.412519990999999808e-01 5.940434709999999757e-02
9.058068068103240430e+07 3.548861083983999833e+02 4.619521617900000265e+00 6.743081212000000546e-01 3.247113227999999796e-01 5.267513170000000244e-02
9.058078068103240430e+07 3.583233032227000194e+02 4.983960628500000212e+00 5.857896208999999743e-01 4.131234288000000254e-01 6.374633309999999664e-02
9.058088068103240430e+07 3.605448913573999903e+02 5.136015891999999639e+00 5.552335381999999875e-01 4.358587861000000063e-01 6.725446879999999461e-02
9.058098068103240430e+07 3.558476867676000097e+02 5.095736980399999894e+00 5.553197860999999902e-01 2.905274033999999950e-01 5.490451679999999723e-02
9.058108068103240430e+07 3.547850646973000153e+02 5.107653617899999610e+00 5.523341297999999622e-01 4.172826707000000246e-01 6.597818430000000622e-02
9.058118068103240430e+07 3.584148559569999861e+02 5.105026721999999850e+00 5.577667952000000540e-01 3.409051001000000247e-01 5.934396010000000249e-02
9.058128068103240430e+07 3.550630187987999875e+02 4.562106609299999782e+00 6.917321086000000063e-01 3.248619735000000119e-01 5.201954770000000172e-02
9.058138068103240430e+07 3.611518554688000222e+02 5.120228767400000436e+00 5.582619905000000271e-01 2.993175386999999965e-01 5.558187140000000331e-02
9.058148068103240430e+07 3.644052429198999903e+02 5.149278640700000409e+00 5.571328998000000254e-01 3.206085563000000138e-01 5.758299310000000032e-02
9.058158068103240430e+07 3.602513732909999931e+02 5.126585960399999919e+00 5.553103088999999937e-01 2.801562249999999810e-01 5.391608920000000305e-02
9.058168068103240430e+07 3.588940124512000125e+02 5.120878696400000152e+00 5.555752515999999863e-01 3.941058814999999771e-01 6.393241880000000155e-02
9.058178068103240430e+07 3.719817810059000180e+02 5.209496021299999668e+00 5.554929375999999586e-01 3.111823201000000205e-01 5.681386220000000237e-02
9.058188068103240430e+07 3.591993408202999944e+02 4.858568668400000234e+00 6.172786354999999503e-01 3.547109365000000181e-01 5.754170940000000178e-02
9.058198068103240430e+07 3.620027465819999861e+02 4.901108741799999891e+00 6.101502180000000219e-01 2.455323935000000013e-01 4.815286399999999661e-02
9.058208068103240430e+07 3.679214172362999875e+02 5.054805278799999968e+00 5.844399332999999919e-01 3.943594992000000188e-01 6.235371530000000106e-02
9.058218068103240430e+07 3.604030151366999917e+02 5.134515762300000397e+00 5.553402900999999670e-01 4.357750118000000006e-01 6.724154949999999742e-02
9.058228068103240430e+07 3.588347778319999861e+02 5.118281364399999589e+00 5.555412768999999917e-01 3.422707915000000045e-01 5.958169700000000291e-02
9.058238068103240430e+07 3.640429687500000000e+02 5.161242961900000203e+00 5.536238551000000063e-01 2.810096145000000045e-01 5.408032609999999935e-02
9.058248068103240430e+07 3.669962463379000042e+02 5.189764976500000238e+00 5.524771809999999839e-01 3.337396680999999976e-01 5.899739639999999896e-02
9.058258068103240430e+07 3.729999389647999806e+02 5.224456787100000277e+00 5.543137192999999519e-01 3.638183772999999954e-01 6.149652969999999663e-02
9.058268068103240430e+07 3.811191101073999903e+02 5.296611785899999703e+00 5.503358244999999593e-01 2.931584716000000257e-01 5.540174249999999662e-02
9.058278068103240430e+07 3.691767883301000097e+02 5.196290969799999715e+00 5.539427996000000354e-01 2.912496030000000236e-01 5.504100399999999754e-02
9.058288068103240430e+07 3.809304504395000208e+02 5.266118049600000184e+00 5.562334061000000496e-01 2.693323194999999726e-01 5.282041430000000010e-02
9.058298068103240430e+07 3.795964050293000014e+02 5.263960838300000056e+00 5.554234982000000320e-01 3.423433602000000020e-01 5.959432939999999984e-02
9.058308068103240430e+07 3.793563842772999806e+02 5.245022773699999696e+00 5.590692162999999493e-01 3.401109278000000180e-01 5.920571460000000064e-02
9.058318068103240430e+07 3.686669921875000000e+02 5.182907104499999917e+00 5.564249754000000214e-01 3.313718139999999868e-01 5.857881530000000336e-02
9.058328068103240430e+07 3.745381774901999847e+02 5.209658145899999759e+00 5.592358111999999881e-01 3.090996443999999843e-01 5.643361429999999707e-02
9.058338068103240430e+07 3.761431274413999972e+02 5.112224101999999881e+00 5.831074714999999742e-01 2.964454888999999982e-01 5.412329359999999701e-02
9.058348068103240430e+07 3.734505615233999833e+02 4.980193138099999750e+00 6.098269819999999619e-01 2.740082145000000136e-01 5.088204889999999730e-02
9.058358068103240430e+07 3.680220336913999972e+02 4.932000637099999807e+00 6.125951409000000014e-01 2.539583147000000207e-01 4.887430000000000246e-02
9.058368068103240430e+07 3.794757385254000042e+02 5.269219875300000133e+00 5.534789561999999830e-01 2.706727086999999865e-01 5.308328570000000329e-02
9.058378068103240430e+07 3.716098937987999875e+02 5.211522102400000023e+00 5.557786822000000404e-01 4.457986950999999753e-01 6.798366459999999334e-02
9.058388068103240430e+07 3.854913635254000042e+02 5.306687831899999708e+00 5.540161729000000479e-01 2.392090558999999950e-01 4.987853390000000081e-02
9.058398068103240430e+07 3.752645263672000056e+02 5.220796585100000442e+00 5.577400327000000546e-01 2.892666756999999755e-01 5.466626580000000235e-02
9.058408068103240430e+07 3.737190551758000083e+02 5.220264434799999798e+00 5.558688641000000263e-01 3.213376104999999816e-01 5.771393699999999988e-02
9.058418068103240430e+07 3.824609375000000000e+02 5.288551330599999822e+00 5.536466837000000307e-01 2.601833641999999891e-01 5.203667280000000284e-02
9.058428068103240430e+07 3.793699340819999861e+02 5.271474838299999632e+00 5.535235404999999664e-01 3.435184658000000057e-01 5.979888889999999957e-02
9.058438068103240430e+07 3.710463562012000125e+02 5.217710971799999875e+00 5.520834327000000430e-01 2.817937135999999954e-01 5.423122269999999800e-02
9.058448068103240430e+07 3.855059204102000194e+02 5.308804035199999660e+00 5.543497801000000225e-01 3.222181498999999727e-01 5.787209050000000077e-02
9.058458068103240430e+07 3.751371765137000125e+02 5.240745544400000178e+00 5.543012618999999530e-01 3.950116633999999904e-01 6.407935169999999514e-02
9.058468068103240430e+07 3.822700805663999972e+02 5.298437118499999876e+00 5.524557233000000345e-01 3.859015107000000055e-01 6.344182040000000133e-02
9.058478068103240430e+07 3.853489074706999986e+02 5.312911033599999833e+00 5.551485418999999588e-01 5.293381809999999632e-01 7.412216809999999656e-02
9.058488068103240430e+07 3.857960815430000139e+02 5.312057018299999989e+00 5.539931058999999491e-01 3.120248019999999900e-01 5.696767569999999781e-02
9.058498068103240430e+07 3.945454406737999875e+02 5.360458374000000248e+00 5.573061704999999755e-01 4.238988161000000199e-01 6.620187310000000269e-02
9.058508068103240430e+07 3.851597290038999972e+02 5.312632560700000006e+00 5.528753400000000484e-01 3.022337555999999870e-01 5.612340200000000279e-02
9.058518068103240430e+07 3.907333679198999903e+02 5.346787452700000109e+00 5.530397296000000296e-01 2.292126416999999972e-01 4.886829849999999725e-02
9.058528068103240430e+07 3.946905822754000042e+02 5.356420517000000103e+00 5.571513771999999642e-01 2.895723283000000148e-01 5.472402650000000174e-02
9.058538068103240430e+07 3.948690795897999806e+02 5.370047569299999601e+00 5.558717846999999823e-01 4.353583455000000213e-01 6.717725099999999339e-02
9.058548068103240430e+07 3.949452514647999806e+02 5.647239208200000249e+00 5.017317532999999719e-01 3.100733160999999960e-01 5.967364089999999816e-02
9.058558068103240430e+07 3.905706176758000083e+02 5.493839740800000371e+00 5.245570539999999671e-01 3.405188619999999777e-01 6.115899240000000070e-02
9.058568068103240430e+07 3.940747680663999972e+02 5.669058322899999780e+00 4.969934523000000270e-01 3.362168967999999980e-01 6.243391339999999901e-02
9.058578068103240430e+07 3.995343017577999944e+02 5.422131061600000024e+00 5.505832433999999775e-01 3.139572441999999852e-01 5.732048680000000063e-02
9.058588068103240430e+07 4.022919921875000000e+02 5.425193786600000401e+00 5.537233948999999988e-01 3.121767938000000187e-01 5.699542159999999857e-02
9.058598068103240430e+07 4.070306701659999931e+02 5.471062183399999945e+00 5.519403815000000213e-01 4.384593666000000112e-01 6.765574959999999527e-02
9.058608068103240430e+07 3.975743103026999847e+02 5.399747848499999670e+00 5.525292753999999640e-01 3.232798277999999748e-01 5.806276949999999992e-02
9.058618068103240430e+07 4.014551696776999847e+02 5.427532672899999966e+00 5.535501837999999841e-01 4.788208603999999924e-01 7.059828190000000392e-02
9.058628068103240430e+07 3.962727355956999986e+02 5.716824531600000370e+00 4.922850429999999777e-01 4.447737634000000218e-01 7.215183229999999615e-02
9.058638068103240430e+07 4.022307739258000083e+02 5.887152194999999644e+00 4.704792500000000155e-01 3.551646471000000083e-01 6.595242020000000038e-02
9.058648068103240430e+07 4.054570922852000194e+02 5.480349540699999800e+00 5.469152331000000089e-01 3.160628377999999961e-01 5.770491810000000221e-02
9.058658068103240430e+07 3.985930786133000083e+02 5.396452903700000192e+00 5.545129180000000213e-01 3.117322921999999830e-01 5.691426990000000158e-02
9.058668068103240430e+07 3.937192993163999972e+02 5.373881339999999618e+00 5.531235337000000030e-01 3.958527743999999959e-01 6.421580170000000531e-02
9.058678068103240430e+07 3.995988464354999792e+02 5.382210254700000363e+00 5.592831968999999459e-01 3.605856894999999729e-01 6.095010790000000150e-02
9.058688068103240430e+07 4.090747375487999875e+02 5.472064018200000213e+00 5.534114838000000480e-01 3.123527467000000168e-01 5.702754480000000320e-02
9.058698068103240430e+07 3.996637268065999820e+02 6.066254615800000138e+00 4.403738976000000083e-01 3.663605153999999753e-01 6.923563030000000340e-02
9.058708068103240430e+07 4.093706665038999972e+02 5.631677150699999856e+00 5.223887563000000345e-01 2.536916732999999757e-01 5.289837349999999827e-02
9.058718068103240430e+07 4.055326538086000028e+02 5.453545570400000209e+00 5.523801445999999560e-01 3.129359185999999737e-01 5.713402110000000145e-02
9.058728068103240430e+07 4.076919860840000069e+02 5.487446308100000003e+00 5.491964220999999702e-01 3.986833692000000262e-01 6.467498089999999811e-02
9.058738068103240430e+07 4.050971679688000222e+02 5.464277744300000350e+00 5.495483278999999666e-01 3.040635287999999825e-01 5.646318200000000065e-02
9.058748068103240430e+07 4.089005432129000042e+02 5.483721733100000328e+00 5.509285331000000063e-01 3.242191374000000237e-01 5.823147669999999970e-02
9.058758068103240430e+07 4.036501770020000208e+02 5.931327343000000418e+00 4.641647040999999918e-01 2.234460115000000135e-01 5.266673119999999708e-02
9.058768068103240430e+07 4.122723388672000056e+02 5.813981533099999766e+00 4.949443638000000090e-01 4.307423234000000156e-01 7.081360370000000515e-02
9.058778068103240430e+07 4.140181274413999972e+02 5.525562286399999579e+00 5.495565533999999808e-01 3.459981679999999948e-01 6.023054939999999968e-02
9.058788068103240430e+07 4.082955627440999820e+02 5.481451034500000041e+00 5.511073469999999697e-01 3.868456780999999789e-01 6.359703839999999997e-02
9.058798068103240430e+07 4.254794311522999806e+02 5.581374168400000002e+00 5.539433360000000084e-01 4.056687057000000207e-01 6.495898220000000112e-02
9.058808068103240430e+07 nan nan 0.000000000000000000e+00 nan nan
