7.563821169530309737e+07 3.063279113770000208e+02 3.677578210800000136e+00 7.014312148000000358e-01 3.357197046000000018e-01 5.308194460000000003e-02
7.563831169530309737e+07 3.148928527831999986e+02 3.729039192200000130e+00 7.014507651000000399e-01 3.608886302000000046e-01 5.503499879999999844e-02
7.563841169530309737e+07 3.134425048827999944e+02 3.715294122700000035e+00 7.014890909000000008e-01 1.846306025999999989e-01 3.936337680000000228e-02
7.563851169530309737e+07 3.148962097168000014e+02 3.727354049700000171e+00 7.014551163000000145e-01 3.021374345000000239e-01 5.035623909999999842e-02
7.563861169530309737e+07 3.164056701659999931e+02 4.184257507299999901e+00 5.584061146000000031e-01 2.003112583999999974e-01 4.595455529999999816e-02
7.563871169530309737e+07 3.129060363770000208e+02 3.714861393000000067e+00 7.014635800999999837e-01 2.769559622000000165e-01 4.821184650000000238e-02
7.563881169530309737e+07 3.120556945801000097e+02 3.709068536799999816e+00 7.014764546999999739e-01 2.517735361999999810e-01 4.596734789999999682e-02
7.563891169530309737e+07 3.140549621581999986e+02 4.183707237200000151e+00 5.553387402999999667e-01 3.074269593000000245e-01 5.708775669999999886e-02
7.563901169530309737e+07 3.166446228026999847e+02 3.737062454200000161e+00 7.014904022000000294e-01 2.853376865000000207e-01 4.893500729999999965e-02
7.563911169530309737e+07 3.210791931151999847e+02 4.228780269599999642e+00 5.556614399000000537e-01 3.072484135999999921e-01 5.705459789999999670e-02
7.563921169530309737e+07 3.234349975586000028e+02 3.777831792799999810e+00 7.015302181000000470e-01 3.272805214000000240e-01 5.240682509999999850e-02
7.563931169530309737e+07 3.278112792969000111e+02 4.258318424199999619e+00 5.583512782999999757e-01 1.792434752000000020e-01 4.347292710000000282e-02
7.563941169530309737e+07 3.178148193358999833e+02 3.742775440199999970e+00 7.013821601999999933e-01 2.350202202999999990e-01 4.441464690000000021e-02
7.563951169530309737e+07 3.301877746581999986e+02 4.297072410600000225e+00 5.534319878000000248e-01 3.191235960000000094e-01 5.826373399999999758e-02
7.563961169530309737e+07 3.256676025391000167e+02 3.785776615100000075e+00 7.014456391000000179e-01 1.426779478999999906e-01 3.460448239999999731e-02
7.563971169530309737e+07 3.355390625000000000e+02 4.317829132099999967e+00 5.572041868999999537e-01 3.486595154000000085e-01 6.069383030000000123e-02
7.563981169530309737e+07 3.339369812012000125e+02 3.863455772400000043e+00 6.912972926999999546e-01 2.129006981999999881e-01 4.258013890000000162e-02
7.563991169530309737e+07 3.394998168944999861e+02 4.311151981400000111e+00 5.650340914999999464e-01 2.917328477000000198e-01 5.513232569999999833e-02
7.564001169530309737e+07 3.392966613770000208e+02 4.346907138799999792e+00 5.549802780000000491e-01 2.333710938999999929e-01 4.975488410000000056e-02
7.564011169530309737e+07 3.388348693848000153e+02 3.864930868100000083e+00 7.013472319000000343e-01 2.602139115000000058e-01 4.673580079999999776e-02
7.564021169530309737e+07 3.353342895508000083e+02 4.313721179999999933e+00 5.572421550999999695e-01 2.641179860000000268e-01 5.282359939999999726e-02
7.564031169530309737e+07 3.368930358887000125e+02 4.340362548799999942e+00 5.522224903000000351e-01 1.705720276000000091e-01 4.264300690000000227e-02
7.564041169530309737e+07 3.437941589354999792e+02 3.894388198900000209e+00 7.014335393999999724e-01 3.189326525000000245e-01 5.173771080000000300e-02
7.564051169530309737e+07 3.400218200684000180e+02 4.341613769500000330e+00 5.575109719999999935e-01 2.323117553999999862e-01 4.952903089999999980e-02
7.564061169530309737e+07 3.483435058594000111e+02 4.409268379200000254e+00 5.543873905999999741e-01 3.185736537000000146e-01 5.816332250000000315e-02
7.564071169530309737e+07 3.450816040038999972e+02 3.903488874399999808e+00 7.012684941000000283e-01 3.693773745999999747e-01 5.568573250000000141e-02
7.564081169530309737e+07 3.512734985352000194e+02 4.423722267199999614e+00 5.552155972000000217e-01 2.968918978999999791e-01 5.610729379999999933e-02
7.564091169530309737e+07 3.546406250000000000e+02 4.446593761399999956e+00 5.546855926999999520e-01 2.865621447999999738e-01 5.514891069999999784e-02
7.564101169530309737e+07 3.470106506348000153e+02 4.389537811300000314e+00 5.565797687000000327e-01 2.327004521999999909e-01 4.961190000000000044e-02
7.564111169530309737e+07 3.522277221680000139e+02 3.939273595800000027e+00 7.013840078999999950e-01 2.266260535000000076e-01 4.361420500000000311e-02
7.564121169530309737e+07 3.486588134766000167e+02 4.419087410000000382e+00 5.521867274999999742e-01 2.878589332000000001e-01 5.539847910000000181e-02
7.564131169530309737e+07 3.479842529297000056e+02 4.403457641600000194e+00 5.548661946999999817e-01 2.652489543000000061e-01 5.304979159999999999e-02
7.564141169530309737e+07 3.527958068848000153e+02 4.424830436699999758e+00 5.569185614999999645e-01 2.431297302000000049e-01 5.069605259999999947e-02
7.564151169530309737e+07 3.544275207520000208e+02 3.954666137699999862e+00 7.013195156999999513e-01 3.357731997999999773e-01 5.309040100000000234e-02
7.564161169530309737e+07 3.571029357909999931e+02 4.462241172799999767e+00 5.546917915000000310e-01 2.971722484000000053e-01 5.616027490000000122e-02
7.564171169530309737e+07 3.565307006836000028e+02 4.448627948799999565e+00 5.566293001000000018e-01 2.221033722000000099e-01 4.846692830000000340e-02
7.564181169530309737e+07 3.582463989258000083e+02 4.465184688599999951e+00 5.553240179999999748e-01 2.438278496000000073e-01 5.084162209999999738e-02
7.564191169530309737e+07 3.671798706055000139e+02 4.517990112299999694e+00 5.563655495999999534e-01 3.068595827000000220e-01 5.698239430000000272e-02
7.564201169530309737e+07 3.679798278809000180e+02 4.427264690400000369e+00 5.806381701999999700e-01 3.041708469000000137e-01 5.553374440000000134e-02
7.564211169530309737e+07 3.608738403319999861e+02 4.384115219099999905e+00 5.825507045000000161e-01 5.356042980999999870e-01 7.357090709999999922e-02
7.564221169530309737e+07 3.621371459961000028e+02 4.184766292599999993e+00 6.405462623000000022e-01 4.135842024999999977e-01 6.165349109999999910e-02
7.564231169530309737e+07 3.654229431151999847e+02 4.478826999699999867e+00 5.641920567000000553e-01 4.069486259999999800e-01 6.516393269999999627e-02
7.564241169530309737e+07 3.638365783690999820e+02 4.501465320600000375e+00 5.555365681999999694e-01 3.285118042999999877e-01 5.900246280000000232e-02
7.564251169530309737e+07 3.628365783690999820e+02 4.493587017100000303e+00 5.562734604000000305e-01 3.704090714000000117e-01 6.261055919999999886e-02
7.564261169530309737e+07 3.547497253418000014e+02 4.442400455499999623e+00 5.562208294999999580e-01 3.281076848999999740e-01 5.892987920000000018e-02
7.564271169530309737e+07 3.517022399901999847e+02 4.435852527599999817e+00 5.535131693000000519e-01 3.828921616000000028e-01 6.381535530000000123e-02
7.564281169530309737e+07 3.542959594727000194e+02 4.452694415999999933e+00 5.540072917999999680e-01 4.675619006000000244e-01 7.048761100000000557e-02
7.564291169530309737e+07 3.555192871094000111e+02 4.470939159400000307e+00 5.523552895000000129e-01 5.968585610000000097e-01 7.975857699999999717e-02
7.564301169530309737e+07 3.536758422852000194e+02 4.437860488900000178e+00 5.560855864999999509e-01 3.811208904000000230e-01 6.352014840000000384e-02
7.564311169530309737e+07 3.501766052245999958e+02 4.139776706700000197e+00 6.330079436000000115e-01 4.092092513999999737e-01 6.169061359999999938e-02
7.564321169530309737e+07 3.443534240723000153e+02 4.148281097399999950e+00 6.191554070000000465e-01 3.137734531999999965e-01 5.462094769999999849e-02
7.564331169530309737e+07 3.396725463866999917e+02 4.346250534100000174e+00 5.565155148999999524e-01 3.279339075000000103e-01 5.889866869999999671e-02
7.564341169530309737e+07 3.415910339354999792e+02 4.364383220699999733e+00 5.551775098000000241e-01 3.499322832000000272e-01 6.091539189999999743e-02
7.564351169530309737e+07 3.376103820801000097e+02 3.860559225099999825e+00 7.012552618999999821e-01 3.441990315999999828e-01 5.375485869999999805e-02
7.564361169530309737e+07 3.288826293944999861e+02 4.287155151400000364e+00 5.535458326000000095e-01 2.871521711000000199e-01 5.526246499999999673e-02
7.564371169530309737e+07 3.295713806151999847e+02 4.292195796999999757e+00 5.546095371000000496e-01 4.352096020999999815e-01 6.796831640000000618e-02
7.564381169530309737e+07 3.298769226073999903e+02 3.816031694399999896e+00 7.011837362999999712e-01 3.274422288000000125e-01 5.243271959999999676e-02
7.564391169530309737e+07 3.276196899413999972e+02 4.269706726099999905e+00 5.578467249999999877e-01 5.171102284999999910e-01 7.387288660000000673e-02
7.564401169530309737e+07 3.290420837401999847e+02 4.288422584500000134e+00 5.553031564000000531e-01 5.088772773999999943e-01 7.345010339999999416e-02
7.564411169530309737e+07 3.307394714354999792e+02 4.024106979399999950e+00 6.334642172000000127e-01 4.646755457000000256e-01 6.571504470000000264e-02
7.564421169530309737e+07 3.229996032715000069e+02 4.022030353499999933e+00 6.182447076000000541e-01 3.428025245999999915e-01 5.713375660000000189e-02
7.564431169530309737e+07 3.243442077637000125e+02 4.256211280799999663e+00 5.557485223000000474e-01 5.084694027999999699e-01 7.339124380000000558e-02
7.564441169530309737e+07 3.207696838379000042e+02 4.235092163100000029e+00 5.552589892999999499e-01 5.195201634999999651e-01 7.421717049999999871e-02
7.564451169530309737e+07 3.241886596680000139e+02 3.786140203500000023e+00 7.006089090999999547e-01 3.781279624000000172e-01 5.636798590000000053e-02
7.564461169530309737e+07 3.283784179688000222e+02 4.289826393100000246e+00 5.544441937999999848e-01 5.839918255999999586e-01 7.874544710000000447e-02
7.564471169530309737e+07 3.263908386229999792e+02 4.274258613599999812e+00 5.548728107999999493e-01 5.517112613000000332e-01 7.650858909999999624e-02
7.564481169530309737e+07 3.228870239258000083e+02 4.055892467499999654e+00 6.089532971000000128e-01 4.737115800000000210e-01 6.767307969999999950e-02
7.564491169530309737e+07 3.297349548340000069e+02 3.977601051300000190e+00 6.466645598000000383e-01 4.916053711999999742e-01 6.689901650000000533e-02
7.564501169530309737e+07 3.254103088379000042e+02 4.269791603099999833e+00 5.531598330000000452e-01 4.044221043999999821e-01 6.560593100000000621e-02
7.564511169530309737e+07 3.271127014159999931e+02 4.275981903099999926e+00 5.547676682000000081e-01 4.456973672000000275e-01 6.877259169999999644e-02
7.564521169530309737e+07 3.233898925780999889e+02 3.786822080599999918e+00 7.003214955000000019e-01 5.380027294000000460e-01 6.725034119999999394e-02
7.564531169530309737e+07 3.256656799315999820e+02 4.268057346299999999e+00 5.552570223999999666e-01 5.513294935000000452e-01 7.645564529999999970e-02
7.564541169530309737e+07 nan nan 0.000000000000000000e+00 nan nan
7.564551169530309737e+07 3.201701660155999889e+02 3.763564348200000076e+00 7.009242772999999538e-01 4.367512762999999909e-01 6.056650360000000177e-02
7.564561169530309737e+07 3.235371398926000097e+02 4.254981994599999595e+00 5.549673438000000125e-01 5.410092472999999957e-01 7.575644550000000532e-02
7.564571169530309737e+07 3.125360412598000153e+02 4.175967216500000134e+00 5.559035540000000220e-01 4.447866677999999796e-01 6.863207370000000418e-02
7.564581169530309737e+07 3.218022766112999875e+02 3.779277324700000218e+00 7.004933952999999880e-01 6.135087608999999498e-01 7.180576769999999498e-02
7.564591169530309737e+07 3.229434204102000194e+02 4.264214515699999986e+00 5.533384085000000452e-01 7.553869485999999966e-01 8.964793379999999590e-02
7.564601169530309737e+07 nan nan 0.000000000000000000e+00 nan nan
7.564611169530309737e+07 nan nan 0.000000000000000000e+00 nan nan
7.564621169530309737e+07 nan nan 0.000000000000000000e+00 nan nan
7.564631169530309737e+07 3.260567321776999847e+02 4.271881103500000165e+00 5.544912815000000439e-01 4.990051985000000245e-01 7.278738919999999668e-02
7.564641169530309737e+07 3.167717895508000083e+02 3.742800474200000060e+00 7.012479305000000052e-01 4.365496635000000181e-01 6.053854530000000317e-02
7.564651169530309737e+07 3.276636657715000069e+02 4.276034355200000192e+00 5.550683141000000154e-01 3.712132871000000112e-01 6.274650249999999541e-02
7.564661169530309737e+07 3.142156677245999958e+02 3.721881866499999969e+00 7.014579773000000351e-01 2.517801523000000041e-01 4.596855860000000071e-02
7.564671169530309737e+07 3.111637878418000014e+02 4.159419536599999745e+00 5.565971732000000172e-01 2.961549460999999828e-01 5.596802010000000160e-02
7.564681169530309737e+07 3.105362548827999944e+02 3.699235439300000206e+00 7.015129328000000442e-01 2.265844046999999917e-01 4.360618809999999845e-02
7.564691169530309737e+07 3.135404968262000125e+02 3.717528581599999882e+00 7.014140487000000146e-01 2.350095510000000110e-01 4.441263150000000076e-02
7.564701169530309737e+07 3.079116516112999875e+02 4.147853851299999839e+00 5.560192466000000167e-01 5.399857163000000293e-01 7.561312620000000539e-02
7.564711169530309737e+07 3.037976989745999958e+02 3.660777330400000196e+00 7.012197374999999955e-01 2.602612375999999728e-01 4.674429819999999930e-02
7.564721169530309737e+07 3.024764404297000056e+02 3.653103828399999919e+00 7.014969586999999507e-01 2.937271893000000245e-01 4.964895920000000212e-02
7.564731169530309737e+07 3.015735473633000083e+02 4.089701652499999618e+00 5.574981570000000497e-01 2.323170900000000039e-01 4.953017090000000344e-02
7.564741169530309737e+07 2.984638977051000097e+02 3.630432128899999888e+00 7.012931108000000080e-01 3.273911774000000108e-01 5.242454629999999949e-02
7.564751169530309737e+07 3.015906677245999958e+02 3.648401498800000198e+00 7.013522983000000099e-01 3.021817206999999894e-01 5.036361889999999703e-02
7.564761169530309737e+07 2.943749389647999806e+02 3.603671312299999929e+00 7.014630437000000107e-01 2.769562005999999799e-01 4.821188380000000079e-02
7.564771169530309737e+07 2.888761901854999792e+02 4.010221958199999825e+00 5.556017159999999677e-01 2.437059729999999924e-01 5.081620810000000293e-02
7.564781169530309737e+07 2.962331848145000208e+02 3.620112419099999812e+00 7.011173367999999906e-01 4.198375046000000221e-01 5.937398969999999748e-02
7.564791169530309737e+07 nan nan 0.000000000000000000e+00 nan nan
7.564801169530309737e+07 2.852847290038999972e+02 3.915878057500000065e+00 5.801682472000000423e-01 7.204541563999999898e-01 8.550217749999999839e-02
7.564811169530309737e+07 nan nan 0.000000000000000000e+00 nan nan
7.564821169530309737e+07 2.887964477538999972e+02 3.577239513399999904e+00 7.004241943000000248e-01 4.454681575000000171e-01 6.118975580000000219e-02
7.564831169530309737e+07 2.815868530272999806e+02 3.962388277100000078e+00 5.575251579000000124e-01 5.279678702000000223e-01 7.466592639999999892e-02
7.564841169530309737e+07 nan nan 0.000000000000000000e+00 nan nan
7.564851169530309737e+07 nan nan 0.000000000000000000e+00 nan nan
7.564861169530309737e+07 2.838080444336000028e+02 3.687481641799999821e+00 6.480669974999999638e-01 4.632892013000000087e-01 6.487346439999999714e-02
7.564871169530309737e+07 nan nan 0.000000000000000000e+00 nan nan
7.564881169530309737e+07 2.817525939940999820e+02 3.538261890399999832e+00 7.005315423000000319e-01 6.050715446000000108e-01 7.130836699999999750e-02
7.564891169530309737e+07 2.831730346680000139e+02 3.972891807599999936e+00 5.566743015999999766e-01 4.230198561999999884e-01 6.688531490000000634e-02
7.564901169530309737e+07 2.854036254883000083e+02 3.552385330199999913e+00 7.007709145999999611e-01 3.444369434999999813e-01 5.379201470000000151e-02
7.564911169530309737e+07 2.846220703125000000e+02 3.551379203799999829e+00 7.007654308999999859e-01 4.704541266000000221e-01 6.286708269999999321e-02
7.564921169530309737e+07 2.807118225098000153e+02 3.525009155299999808e+00 7.010837197000000520e-01 4.282547831999999888e-01 5.996766690000000094e-02
7.564931169530309737e+07 2.832589721680000139e+02 3.978621721300000136e+00 5.557503104000000027e-01 4.766885638000000203e-01 7.106053079999999356e-02
7.564941169530309737e+07 2.821253662108999833e+02 3.528813123699999998e+00 7.012392281999999533e-01 2.770445943000000022e-01 4.822727289999999972e-02
7.564951169530309737e+07 2.877557373047000056e+02 3.565123557999999804e+00 7.012705206999999552e-01 3.274016975999999857e-01 5.242623019999999995e-02
7.564961169530309737e+07 2.815174255370999958e+02 3.523254871399999821e+00 7.014343738999999633e-01 2.350027412000000038e-01 4.441134260000000056e-02
7.564971169530309737e+07 2.818999328612999875e+02 3.524569988300000123e+00 7.013505696999999817e-01 1.930610239999999977e-01 4.025600480000000175e-02
7.564981169530309737e+07 2.792053222655999889e+02 3.508206605899999886e+00 7.013698816000000225e-01 2.098431735999999881e-01 4.196863249999999851e-02
7.564991169530309737e+07 2.758930053711000028e+02 3.488149404500000106e+00 7.014886737000000094e-01 2.433768511000000134e-01 4.519394410000000112e-02
7.565001169530309737e+07 2.851554260254000042e+02 3.544281244300000022e+00 7.015534043000000164e-01 1.930052190999999862e-01 4.024437069999999700e-02
7.565011169530309737e+07 2.782549743651999847e+02 3.499818325000000119e+00 7.015191912999999557e-01 1.426629870999999994e-01 3.460085759999999983e-02
7.565021169530309737e+07 2.758494567870999958e+02 3.488866805999999876e+00 7.014021873000000351e-01 2.685868739999999755e-01 4.747989770000000248e-02
7.565031169530309737e+07 2.772950439452999944e+02 3.497508525799999823e+00 7.014768719999999735e-01 2.601658404000000147e-01 4.672716190000000130e-02
7.565041169530309737e+07 2.783300781250000000e+02 3.500773429900000178e+00 7.015315890000000110e-01 1.594440490000000044e-01 3.657897189999999993e-02
7.565051169530309737e+07 2.842211303711000028e+02 3.541203498799999849e+00 7.014874220000000271e-01 2.769465446000000108e-01 4.821020740000000332e-02
7.565061169530309737e+07 2.766945800780999889e+02 3.490566730499999881e+00 7.014020085000000071e-01 1.510801612999999877e-01 3.560993450000000254e-02
7.565071169530309737e+07 2.709501037598000153e+02 3.456874132199999838e+00 7.013924717999999725e-01 2.350167780999999900e-01 4.441399499999999778e-02
7.565081169530309737e+07 2.784267272948999903e+02 3.507767200500000015e+00 7.009356617999999983e-01 3.191592097000000017e-01 5.177446079999999812e-02
7.565091169530309737e+07 nan nan 0.000000000000000000e+00 nan nan
7.565101169530309737e+07 2.712689819336000028e+02 3.467252969700000076e+00 7.009672523000000099e-01 4.703186750000000194e-01 6.284897770000000272e-02
7.565111169530309737e+07 2.688544006348000153e+02 3.449069976800000159e+00 7.012715936000000205e-01 4.029553532999999854e-01 5.816159399999999702e-02
7.565121169530309737e+07 2.683615112305000139e+02 3.443272352200000164e+00 7.010747790000000368e-01 3.023013473000000229e-01 5.038355659999999708e-02
7.565131169530309737e+07 2.734051208495999958e+02 3.478515148200000073e+00 7.009321451000000147e-01 3.947515189999999952e-01 5.758042630000000106e-02
7.565141169530309737e+07 2.698921203612999875e+02 3.881079435300000213e+00 5.556418300000000032e-01 3.708301782999999796e-01 6.268174199999999863e-02
7.565151169530309737e+07 nan nan 0.000000000000000000e+00 nan nan
7.565161169530309737e+07 2.750616149901999847e+02 3.490870952599999910e+00 7.012030482000000120e-01 4.785562754000000085e-01 6.338632850000000540e-02
7.565171169530309737e+07 2.663297119141000167e+02 3.433390617400000178e+00 7.010954021999999952e-01 4.030566215999999979e-01 5.817621199999999798e-02
7.565181169530309737e+07 2.700141601561999778e+02 3.457844972599999789e+00 7.010241150999999560e-01 4.282911717999999812e-01 5.997275929999999755e-02
7.565191169530309737e+07 2.660650939940999820e+02 3.432994127300000198e+00 7.013156414000000227e-01 4.616906941000000208e-01 6.225435809999999709e-02
7.565201169530309737e+07 2.698272094727000194e+02 3.462312459900000139e+00 7.010586857999999699e-01 6.130140424000000143e-01 7.174786180000000679e-02
7.565211169530309737e+07 2.651927490233999833e+02 3.424117326699999797e+00 7.010474800999999534e-01 3.359034657000000146e-01 5.311099810000000088e-02
7.565221169530309737e+07 2.688759155272999806e+02 3.457660913499999822e+00 7.010251283999999750e-01 6.550326942999999957e-01 7.416784760000000309e-02
7.565231169530309737e+07 2.670084533690999820e+02 3.444192409499999830e+00 7.010288238999999866e-01 6.046423316000000270e-01 7.125777749999999411e-02
7.565241169530309737e+07 nan nan 0.000000000000000000e+00 nan nan
7.565251169530309737e+07 2.670102233887000125e+02 3.439753532400000147e+00 7.010251283999999750e-01 4.618819952000000062e-01 6.228015569999999917e-02
7.565261169530309737e+07 nan nan 0.000000000000000000e+00 nan nan
7.565271169530309737e+07 nan nan 0.000000000000000000e+00 nan nan
7.565281169530309737e+07 nan nan 0.000000000000000000e+00 nan nan
7.565291169530309737e+07 nan nan 0.000000000000000000e+00 nan nan
7.565301169530309737e+07 nan nan 0.000000000000000000e+00 nan nan
7.565311169530309737e+07 nan nan 0.000000000000000000e+00 nan nan
7.565321169530309737e+07 nan nan 0.000000000000000000e+00 nan nan
7.565331169530309737e+07 2.781749267577999944e+02 3.953938484200000048e+00 5.547482967000000320e-01 6.897938250999999799e-01 8.555839210000000528e-02
7.565341169530309737e+07 nan nan 0.000000000000000000e+00 nan nan
7.565351169530309737e+07 nan nan 0.000000000000000000e+00 nan nan
7.565361169530309737e+07 2.721404418944999861e+02 3.480703592299999816e+00 7.007051706000000380e-01 7.057418823000000119e-01 7.700274880000000655e-02
7.565371169530309737e+07 nan nan 0.000000000000000000e+00 nan nan
7.565381169530309737e+07 nan nan 0.000000000000000000e+00 nan nan
7.565391169530309737e+07 nan nan 0.000000000000000000e+00 nan nan
7.565401169530309737e+07 2.673744506836000028e+02 3.449494600299999991e+00 7.010986208999999691e-01 7.053458095000000316e-01 7.695953549999999532e-02
7.565411169530309737e+07 2.664605407715000069e+02 3.437968254099999843e+00 7.010700703000000145e-01 5.206336378999999459e-01 6.612053510000000245e-02
7.565421169530309737e+07 2.692307128905999889e+02 3.456784248399999981e+00 7.010239958999999743e-01 5.542593002000000268e-01 6.822460140000000117e-02
7.565431169530309737e+07 2.654602355956999986e+02 3.434522390400000180e+00 7.009400128999999646e-01 6.047189236000000134e-01 7.126680759999999559e-02
7.565441169530309737e+07 2.649659423827999944e+02 3.429264545400000141e+00 7.009350061000000354e-01 5.375317930999999883e-01 6.719147409999999543e-02
7.565451169530309737e+07 2.682921447754000042e+02 3.602506637599999895e+00 6.406347155999999599e-01 3.308216630999999963e-01 5.513694510000000104e-02
7.565461169530309737e+07 2.743970947266000167e+02 3.485648393600000006e+00 7.008941770000000071e-01 4.199711977999999735e-01 5.939289550000000084e-02
7.565471169530309737e+07 nan nan 0.000000000000000000e+00 nan nan
7.565481169530309737e+07 nan nan 0.000000000000000000e+00 nan nan
7.565491169530309737e+07 nan nan 0.000000000000000000e+00 nan nan
7.565501169530309737e+07 nan nan 0.000000000000000000e+00 nan nan
7.565511169530309737e+07 nan nan 0.000000000000000000e+00 nan nan
7.565521169530309737e+07 nan nan 0.000000000000000000e+00 nan nan
7.565531169530309737e+07 nan nan 0.000000000000000000e+00 nan nan
7.565541169530309737e+07 nan nan 0.000000000000000000e+00 nan nan
7.565551169530309737e+07 nan nan 0.000000000000000000e+00 nan nan
7.565561169530309737e+07 nan nan 0.000000000000000000e+00 nan nan
7.565571169530309737e+07 nan nan 0.000000000000000000e+00 nan nan
7.565581169530309737e+07 2.648677673340000069e+02 3.432322263700000153e+00 7.007221580000000394e-01 6.385129094000000505e-01 7.324244829999999873e-02
7.565591169530309737e+07 2.683634033202999944e+02 3.448462247800000213e+00 7.006773949000000279e-01 4.369051754000000121e-01 6.058784569999999675e-02
7.565601169530309737e+07 2.687989196776999847e+02 3.451215505600000011e+00 7.008969783999999814e-01 4.535670578000000064e-01 6.172265860000000076e-02
7.565611169530309737e+07 nan nan 0.000000000000000000e+00 nan nan
7.565621169530309737e+07 nan nan 0.000000000000000000e+00 nan nan
7.565631169530309737e+07 nan nan 0.000000000000000000e+00 nan nan
7.565641169530309737e+07 nan nan 0.000000000000000000e+00 nan nan
7.565651169530309737e+07 nan nan 0.000000000000000000e+00 nan nan
7.565661169530309737e+07 nan nan 0.000000000000000000e+00 nan nan
7.565671169530309737e+07 nan nan 0.000000000000000000e+00 nan nan
7.565681169530309737e+07 nan nan 0.000000000000000000e+00 nan nan
7.565691169530309737e+07 nan nan 0.000000000000000000e+00 nan nan
7.565701169530309737e+07 nan nan 0.000000000000000000e+00 nan nan
7.565711169530309737e+07 nan nan 0.000000000000000000e+00 nan nan
7.565721169530309737e+07 nan nan 0.000000000000000000e+00 nan nan
7.565731169530309737e+07 nan nan 0.000000000000000000e+00 nan nan
7.565741169530309737e+07 nan nan 0.000000000000000000e+00 nan nan
7.565751169530309737e+07 nan nan 0.000000000000000000e+00 nan nan
7.565761169530309737e+07 nan nan 0.000000000000000000e+00 nan nan
7.565771169530309737e+07 nan nan 0.000000000000000000e+00 nan nan
7.565781169530309737e+07 2.558072357178000118e+02 3.372888565099999791e+00 7.008772492000000520e-01 6.215723752999999796e-01 7.225631920000000208e-02
7.565791169530309737e+07 nan nan 0.000000000000000000e+00 nan nan
7.565801169530309737e+07 nan nan 0.000000000000000000e+00 nan nan
7.565811169530309737e+07 2.580960388184000180e+02 3.388083457900000095e+00 7.009661198000000093e-01 6.382906436999999933e-01 7.321695979999999493e-02
7.565821169530309737e+07 2.562946472168000014e+02 3.368453979499999917e+00 7.011436224000000550e-01 4.030289054000000259e-01 5.817221110000000278e-02
7.565831169530309737e+07 2.535868072510000104e+02 3.352036714600000078e+00 7.010562420000000516e-01 4.366690516000000244e-01 6.055510420000000116e-02
7.565841169530309737e+07 nan nan 0.000000000000000000e+00 nan nan
7.565851169530309737e+07 2.586559753418000014e+02 3.387392044099999833e+00 7.006617188000000551e-01 4.789259433999999982e-01 6.343529370000000611e-02
7.565861169530309737e+07 2.519121093750000000e+02 3.343524455999999923e+00 7.008109093000000067e-01 4.956248701000000034e-01 6.452486659999999430e-02
7.565871169530309737e+07 2.531348419189000083e+02 3.350613832500000111e+00 7.009762525999999605e-01 4.787110686000000115e-01 6.340683249999999604e-02
7.565881169530309737e+07 2.499309844971000132e+02 3.326890468599999817e+00 7.011756896999999933e-01 4.114065170000000271e-01 5.877235900000000318e-02
7.565891169530309737e+07 nan nan 0.000000000000000000e+00 nan nan
7.565901169530309737e+07 nan nan 0.000000000000000000e+00 nan nan
7.565911169530309737e+07 nan nan 0.000000000000000000e+00 nan nan
7.565921169530309737e+07 nan nan 0.000000000000000000e+00 nan nan
7.565931169530309737e+07 nan nan 0.000000000000000000e+00 nan nan
7.565941169530309737e+07 nan nan 0.000000000000000000e+00 nan nan
7.565951169530309737e+07 nan nan 0.000000000000000000e+00 nan nan
7.565961169530309737e+07 nan nan 0.000000000000000000e+00 nan nan
7.565971169530309737e+07 nan nan 0.000000000000000000e+00 nan nan
7.565981169530309737e+07 nan nan 0.000000000000000000e+00 nan nan
7.565991169530309737e+07 nan nan 0.000000000000000000e+00 nan nan
7.566001169530309737e+07 nan nan 0.000000000000000000e+00 nan nan
7.566011169530309737e+07 nan nan 0.000000000000000000e+00 nan nan
7.566021169530309737e+07 nan nan 0.000000000000000000e+00 nan nan
7.566031169530309737e+07 nan nan 0.000000000000000000e+00 nan nan
7.566041169530309737e+07 nan nan 0.000000000000000000e+00 nan nan
7.566051169530309737e+07 nan nan 0.000000000000000000e+00 nan nan
7.566061169530309737e+07 nan nan 0.000000000000000000e+00 nan nan
7.566071169530309737e+07 nan nan 0.000000000000000000e+00 nan nan
7.566081169530309737e+07 nan nan 0.000000000000000000e+00 nan nan
7.566091169530309737e+07 nan nan 0.000000000000000000e+00 nan nan
7.566101169530309737e+07 2.669010009766000167e+02 3.436183929399999837e+00 7.012310027999999473e-01 3.861878812000000272e-01 5.694029850000000004e-02
7.566111169530309737e+07 nan nan 0.000000000000000000e+00 nan nan
7.566121169530309737e+07 2.656362915038999972e+02 3.747250795399999834e+00 5.900057553999999982e-01 6.785073875999999560e-01 8.228110519999999595e-02
7.566131169530309737e+07 2.635672302245999958e+02 3.418173074699999869e+00 7.012589573999999937e-01 4.953081905999999757e-01 6.448363510000000576e-02
7.566141169530309737e+07 2.676159667969000111e+02 3.446869373300000206e+00 7.012994885000000123e-01 5.876198410999999844e-01 7.023400069999999329e-02
7.566151169530309737e+07 2.671891479491999917e+02 3.442791223499999997e+00 7.012130022000000462e-01 5.373187065000000207e-01 6.716483830000000155e-02
7.566161169530309737e+07 nan nan 0.000000000000000000e+00 nan nan
7.566171169530309737e+07 nan nan 0.000000000000000000e+00 nan nan
7.566181169530309737e+07 nan nan 0.000000000000000000e+00 nan nan
7.566191169530309737e+07 nan nan 0.000000000000000000e+00 nan nan
7.566201169530309737e+07 nan nan 0.000000000000000000e+00 nan nan
7.566211169530309737e+07 nan nan 0.000000000000000000e+00 nan nan
7.566221169530309737e+07 nan nan 0.000000000000000000e+00 nan nan
7.566231169530309737e+07 nan nan 0.000000000000000000e+00 nan nan
7.566241169530309737e+07 nan nan 0.000000000000000000e+00 nan nan
7.566251169530309737e+07 nan nan 0.000000000000000000e+00 nan nan
7.566261169530309737e+07 nan nan 0.000000000000000000e+00 nan nan
7.566271169530309737e+07 nan nan 0.000000000000000000e+00 nan nan
7.566281169530309737e+07 nan nan 0.000000000000000000e+00 nan nan
7.566291169530309737e+07 nan nan 0.000000000000000000e+00 nan nan
7.566301169530309737e+07 nan nan 0.000000000000000000e+00 nan nan
7.566311169530309737e+07 nan nan 0.000000000000000000e+00 nan nan
7.566321169530309737e+07 nan nan 0.000000000000000000e+00 nan nan
7.566331169530309737e+07 nan nan 0.000000000000000000e+00 nan nan
7.566341169530309737e+07 nan nan 0.000000000000000000e+00 nan nan
7.566351169530309737e+07 nan nan 0.000000000000000000e+00 nan nan
7.566361169530309737e+07 nan nan 0.000000000000000000e+00 nan nan
7.566371169530309737e+07 2.889883117676000097e+02 3.581992626199999918e+00 7.008987069000000014e-01 6.047545670999999734e-01 7.127100969999999869e-02
7.566381169530309737e+07 2.905225830077999944e+02 4.034978866600000380e+00 5.557442903999999517e-01 6.567780374999999671e-01 8.341088889999999367e-02
7.566391169530309737e+07 nan nan 0.000000000000000000e+00 nan nan
7.566401169530309737e+07 nan nan 0.000000000000000000e+00 nan nan
7.566411169530309737e+07 2.833069458008000083e+02 3.980716943700000066e+00 5.581490993000000067e-01 7.805189489999999619e-01 9.073348339999999512e-02
7.566421169530309737e+07 nan nan 0.000000000000000000e+00 nan nan
7.566431169530309737e+07 nan nan 0.000000000000000000e+00 nan nan
7.566441169530309737e+07 nan nan 0.000000000000000000e+00 nan nan
7.566451169530309737e+07 nan nan 0.000000000000000000e+00 nan nan
7.566461169530309737e+07 nan nan 0.000000000000000000e+00 nan nan
7.566471169530309737e+07 nan nan 0.000000000000000000e+00 nan nan
7.566481169530309737e+07 2.787682189940999820e+02 3.512525081600000210e+00 7.010188698999999524e-01 4.114985167999999915e-01 5.878550560000000286e-02
7.566491169530309737e+07 2.733766784668000014e+02 3.479722261400000072e+00 7.011041045000000471e-01 4.534330665999999899e-01 6.170442329999999836e-02
7.566501169530309737e+07 2.802143859862999875e+02 3.513528585400000015e+00 7.014568448000000345e-01 1.846390962999999996e-01 3.936518729999999994e-02
7.566511169530309737e+07 2.823421325684000180e+02 3.527342796300000138e+00 7.013431191000000231e-01 1.930630802999999951e-01 4.025643319999999692e-02
7.566521169530309737e+07 2.713208618163999972e+02 3.458645343800000216e+00 7.015226482999999957e-01 2.265812606000000007e-01 4.360558469999999825e-02
7.566531169530309737e+07 2.745470581055000139e+02 3.484730958900000175e+00 7.012242674999999981e-01 3.861915766999999833e-01 5.694084239999999686e-02
7.566541169530309737e+07 2.752638244629000042e+02 3.503642320600000026e+00 7.007384300000000232e-01 8.149251342000000120e-01 8.274310830000000672e-02
7.566551169530309737e+07 2.735870361327999944e+02 3.487241506600000207e+00 7.007030249000000266e-01 6.217269301000000192e-01 7.227429000000000492e-02
7.566561169530309737e+07 2.752496948241999917e+02 3.930260419800000182e+00 5.551999806999999842e-01 6.468183398000000306e-01 8.281660080000000090e-02
7.566571169530309737e+07 2.734166564940999820e+02 3.473835229900000154e+00 7.013804316999999733e-01 2.769888043000000022e-01 4.821756110000000040e-02
7.566581169530309737e+07 2.784562072754000042e+02 3.505334138899999896e+00 7.013627290999999708e-01 2.686019837999999993e-01 4.748256879999999958e-02
7.566591169530309737e+07 2.785597534180000139e+02 3.508059024800000092e+00 7.013553380999999476e-01 3.357560337000000117e-01 5.308768900000000041e-02
7.566601169530309737e+07 2.725558471680000139e+02 3.467650890399999852e+00 7.014683484999999497e-01 2.601689993999999895e-01 4.672773179999999832e-02
7.566611169530309737e+07 2.710717163086000028e+02 3.456719160100000021e+00 7.013453841000000244e-01 2.014564722999999946e-01 4.112213099999999927e-02
7.566621169530309737e+07 2.807638244629000042e+02 3.517244815799999813e+00 7.014457582999999996e-01 1.930348276999999946e-01 4.025054349999999947e-02
7.566631169530309737e+07 2.713011474608999833e+02 3.457813024500000054e+00 7.013868690000000239e-01 1.930510401999999959e-01 4.025392230000000154e-02
7.566641169530309737e+07 2.760863342284999931e+02 3.488911867100000119e+00 7.014635800999999837e-01 2.266003488999999982e-01 4.360925780000000224e-02
7.566651169530309737e+07 2.709056701659999931e+02 3.457450628300000162e+00 7.014671564000000137e-01 2.685620188999999769e-01 4.747550560000000225e-02
7.566661169530309737e+07 2.784678344727000194e+02 3.504638671900000002e+00 7.014637589000000117e-01 2.517780960000000068e-01 4.596818240000000166e-02
7.566671169530309737e+07 2.758100280762000125e+02 3.492175817500000168e+00 7.009107471000000089e-01 3.443682194000000085e-01 5.378127840000000021e-02
7.566681169530309737e+07 2.729917907715000069e+02 3.480619907399999935e+00 7.002935409999999639e-01 4.959910214000000095e-01 6.457252800000000403e-02
7.566691169530309737e+07 nan nan 0.000000000000000000e+00 nan nan
7.566701169530309737e+07 nan nan 0.000000000000000000e+00 nan nan
7.566711169530309737e+07 2.711577148438000222e+02 3.471251964599999962e+00 7.009599209000000331e-01 6.214990616000000134e-01 7.224779580000000034e-02
7.566721169530309737e+07 2.760708618163999972e+02 3.503145456299999960e+00 7.006930708999999924e-01 6.301375627999999951e-01 7.276201990000000230e-02
7.566731169530309737e+07 2.745623168944999861e+02 3.487476825699999949e+00 7.009934783000000280e-01 4.535045922000000007e-01 6.171415749999999839e-02
7.566741169530309737e+07 2.741461486815999820e+02 3.485002994499999840e+00 7.009339929000000247e-01 4.535430967999999896e-01 6.171939889999999984e-02
7.566751169530309737e+07 2.684279479979999792e+02 3.444837570199999810e+00 7.007189392999999544e-01 3.108563721000000002e-01 5.110447480000000070e-02
7.566761169530309737e+07 2.699346923827999944e+02 3.458100557299999878e+00 7.006130218999999659e-01 4.201397002000000214e-01 5.941672619999999877e-02
7.566771169530309737e+07 nan nan 0.000000000000000000e+00 nan nan
7.566781169530309737e+07 nan nan 0.000000000000000000e+00 nan nan
7.566791169530309737e+07 2.689805908202999944e+02 3.455998897599999786e+00 7.010155319999999968e-01 5.794598460000000006e-01 6.975877290000000175e-02
7.566801169530309737e+07 2.618810424805000139e+02 3.412135839499999879e+00 7.001624106999999597e-01 5.633495450000000071e-01 6.882409750000000048e-02
7.566811169530309737e+07 2.640995178223000153e+02 3.427098035799999831e+00 6.992417574000000524e-01 5.135756730999999631e-01 6.575662640000000392e-02
7.566821169530309737e+07 nan nan 0.000000000000000000e+00 nan nan
7.566831169530309737e+07 2.715639953612999875e+02 3.885556220999999866e+00 5.600531696999999642e-01 5.991665124999999703e-01 7.936154310000000101e-02
7.566841169530309737e+07 nan nan 0.000000000000000000e+00 nan nan
7.566851169530309737e+07 nan nan 0.000000000000000000e+00 nan nan
7.566861169530309737e+07 nan nan 0.000000000000000000e+00 nan nan
7.566871169530309737e+07 nan nan 0.000000000000000000e+00 nan nan
7.566881169530309737e+07 nan nan 0.000000000000000000e+00 nan nan
7.566891169530309737e+07 nan nan 0.000000000000000000e+00 nan nan
7.566901169530309737e+07 nan nan 0.000000000000000000e+00 nan nan
7.566911169530309737e+07 nan nan 0.000000000000000000e+00 nan nan
7.566921169530309737e+07 nan nan 0.000000000000000000e+00 nan nan
7.566931169530309737e+07 nan nan 0.000000000000000000e+00 nan nan
7.566941169530309737e+07 nan nan 0.000000000000000000e+00 nan nan
7.566951169530309737e+07 nan nan 0.000000000000000000e+00 nan nan
7.566961169530309737e+07 nan nan 0.000000000000000000e+00 nan nan
7.566971169530309737e+07 nan nan 0.000000000000000000e+00 nan nan
7.566981169530309737e+07 nan nan 0.000000000000000000e+00 nan nan
7.566991169530309737e+07 nan nan 0.000000000000000000e+00 nan nan
7.567001169530309737e+07 nan nan 0.000000000000000000e+00 nan nan
7.567011169530309737e+07 nan nan 0.000000000000000000e+00 nan nan
7.567021169530309737e+07 nan nan 0.000000000000000000e+00 nan nan
7.567031169530309737e+07 nan nan 0.000000000000000000e+00 nan nan
7.567041169530309737e+07 nan nan 0.000000000000000000e+00 nan nan
7.567051169530309737e+07 nan nan 0.000000000000000000e+00 nan nan
7.567061169530309737e+07 nan nan 0.000000000000000000e+00 nan nan
7.567071169530309737e+07 nan nan 0.000000000000000000e+00 nan nan
