1.527830635684010088e+08 1.107104949951000066e+02 1.141770124400000030e+00 9.672803282999999919e-01
1.527831635684010088e+08 1.094260482787999962e+02 1.124761343000000080e+00 9.851918817000000494e-01
1.527832635684010088e+08 1.109959335326999934e+02 1.132847428300000070e+00 9.851108192999999957e-01
1.527833635684010088e+08 1.098785934448000035e+02 1.126737713800000096e+00 9.857988953999999859e-01
1.527834635684010088e+08 1.127304840088000049e+02 1.141548871999999992e+00 9.853107929000000098e-01
1.527835635684010088e+08 1.118479614257999941e+02 1.137110233300000051e+00 9.852440356999999649e-01
1.527836635684010088e+08 1.126921539307000018e+02 1.140985369700000085e+00 9.859490990999999482e-01
1.527837635684010088e+08 1.122081451415999993e+02 1.139653682699999893e+00 9.840101004000000318e-01
1.527838635684010088e+08 1.139519119262999993e+02 1.147929787600000084e+00 9.849447011999999946e-01
1.527839635684010088e+08 1.129441375731999955e+02 1.142950892400000029e+00 9.847579001999999804e-01
1.527840635684010088e+08 1.129303817748999990e+02 1.143162965799999986e+00 9.842727183999999685e-01
1.527841635684010088e+08 1.155622634887999993e+02 1.156780004500000070e+00 9.836382270000000316e-01
1.527842635684010088e+08 1.141344223021999937e+02 1.148661613500000067e+00 9.852657914000000350e-01
1.527843635684010088e+08 1.150439300536999951e+02 1.153036475199999966e+00 9.855949878999999969e-01
1.527844635684010088e+08 1.158119964600000031e+02 1.156790375699999984e+00 9.857461452000000346e-01
1.527845635684010088e+08 1.156608276367000059e+02 1.156203746799999932e+00 9.854588508999999608e-01
1.527846635684010088e+08 1.169038085937999938e+02 1.163351535799999947e+00 9.838471412999999499e-01
1.527847635684010088e+08 1.190670089722000000e+02 1.173486948000000085e+00 9.848176240999999553e-01
1.527848635684010088e+08 1.184110794066999972e+02 1.169752478599999979e+00 9.856558441999999642e-01
1.527849635684010088e+08 1.173116073607999965e+02 1.164530158000000037e+00 9.852816463000000358e-01
1.527850635684010088e+08 1.202342147826999934e+02 1.179333686799999947e+00 9.846356510999999534e-01
1.527851635684010088e+08 1.223850173950000055e+02 1.190056323999999943e+00 9.842696786000000309e-01
1.527852635684010088e+08 1.226217041016000024e+02 1.192583441700000080e+00 9.819982647999999648e-01
1.527853635684010088e+08 1.227934417725000031e+02 1.191103220000000018e+00 9.858192800999999728e-01
1.527854635684010088e+08 1.223856506348000011e+02 1.189556479499999986e+00 9.851021766999999985e-01
1.527855635684010088e+08 1.236192779540999993e+02 1.195967197399999904e+00 9.843931794000000401e-01
1.527856635684010088e+08 1.199881591797000056e+02 1.177260041200000051e+00 9.860852360999999844e-01
1.527857635684010088e+08 1.226964950562000070e+02 1.191565156000000014e+00 9.842774271999999991e-01
1.527858635684010088e+08 1.211798934937000070e+02 1.184061527299999916e+00 9.844709634999999626e-01
1.527859635684010088e+08 1.204902496338000049e+02 1.181958794600000084e+00 9.823542832999999641e-01
1.527860635684010088e+08 1.207191085814999951e+02 1.182044625300000096e+00 9.840772747999999570e-01
1.527861635684010088e+08 1.204297027588000049e+02 1.180003047000000027e+00 9.851180314999999910e-01
1.527862635684010088e+08 1.188982009887999993e+02 1.172620892499999901e+00 9.848747252999999757e-01
1.527863635684010088e+08 1.207841033936000059e+02 1.182624340100000060e+00 9.836420417000000249e-01
1.527864635684010088e+08 1.197766342162999962e+02 1.177795410199999893e+00 9.834523796999999901e-01
1.527865635684010088e+08 1.177476119994999948e+02 1.166847825100000069e+00 9.850188493999999517e-01
1.527866635684010088e+08 1.211503372191999972e+02 1.184677958500000017e+00 9.832069277999999635e-01
1.527867635684010088e+08 1.199230194091999948e+02 1.177584886600000047e+00 9.850062727999999712e-01
1.527868635684010088e+08 1.180050659179999997e+02 1.168309688599999951e+00 9.847037196000000270e-01
1.527869635684010088e+08 1.196703872681000007e+02 1.176011681599999914e+00 9.855628610000000123e-01
1.527870635684010088e+08 1.188869171143000045e+02 1.172680616400000098e+00 9.846807718000000209e-01
1.527871635684010088e+08 1.196828155518000045e+02 1.177385211000000043e+00 9.833667874000000531e-01
1.527872635684010088e+08 1.181157455443999993e+02 1.168318033200000050e+00 9.856132268999999724e-01
1.527873635684010088e+08 1.192106628418000014e+02 1.173649430300000018e+00 9.857328534000000531e-01
1.527874635684010088e+08 1.181260452270999934e+02 1.169908881200000028e+00 9.830202460000000420e-01
1.527875635684010088e+08 1.176579360962000038e+02 1.165901899300000100e+00 9.858664273999999672e-01
1.527876635684010088e+08 1.177183456421000045e+02 1.167245864899999930e+00 9.841026663999999924e-01
1.527877635684010088e+08 1.164813537598000011e+02 1.161161541900000094e+00 9.839929342000000023e-01
1.527878635684010088e+08 1.182488250731999955e+02 1.170493602799999922e+00 9.830591679000000305e-01
1.527879635684010088e+08 1.178912277222000000e+02 1.167697906499999938e+00 9.847850204000000440e-01
1.527880635684010088e+08 1.191737518311000059e+02 1.174025893200000059e+00 9.847956895999999682e-01
1.527881635684010088e+08 1.183850708007999941e+02 1.170009493800000078e+00 9.850065112000000456e-01
1.527882635684010088e+08 1.214967193603999931e+02 1.185855984700000088e+00 9.840599298000000106e-01
1.527883635684010088e+08 1.192315063477000052e+02 1.174310088199999935e+00 9.847962855999999876e-01
1.527884635684010088e+08 1.219784927368000069e+02 1.187901854499999965e+00 9.845619798000000422e-01
1.527885635684010088e+08 1.208353729247999979e+02 1.181937098499999950e+00 9.852041602000000120e-01
1.527886635684010088e+08 1.225139007567999982e+02 1.190634369899999934e+00 9.843498468000000390e-01
1.527887635684010088e+08 1.234200515746999969e+02 1.195607423800000069e+00 9.833981991000000367e-01
1.527888635684010088e+08 1.206655731201000066e+02 1.181746959700000099e+00 9.841363429999999690e-01
1.527889635684010088e+08 1.231618423462000038e+02 1.193330168699999971e+00 9.850899576999999629e-01
1.527890635684010088e+08 1.213510513306000007e+02 1.185111761099999939e+00 9.841148853000000196e-01
1.527891635684010088e+08 1.230384292603000063e+02 1.192806363100000100e+00 9.849671720999999547e-01
1.527892635684010088e+08 1.244704513549999945e+02 1.200611352899999984e+00 9.835180044000000343e-01
1.527893635684010088e+08 1.235402297974000021e+02 1.195762157399999914e+00 9.841011167000000004e-01
1.527894635684010088e+08 1.248880386353000063e+02 1.201013088200000078e+00 9.861574768999999963e-01
1.527895635684010088e+08 1.219772338867000059e+02 1.187833190000000094e+00 9.846655130000000478e-01
1.527896635684010088e+08 1.214459609984999986e+02 1.185247659699999900e+00 9.846588373000000338e-01
1.527897635684010088e+08 1.234254455565999962e+02 1.195155143700000089e+00 9.841857552999999648e-01
1.527898635684010088e+08 1.259851989745999958e+02 1.207716941799999999e+00 9.838074446000000250e-01
1.527899635684010088e+08 1.231925888062000070e+02 1.193068146699999943e+00 9.857686758000000493e-01
1.527900635684010088e+08 1.255938262938999941e+02 1.204629540400000032e+00 9.857848882999999951e-01
1.527901635684010088e+08 1.250841293335000017e+02 1.203065752999999960e+00 9.843383431000000128e-01
1.527902635684010088e+08 1.244465408325000055e+02 1.201555132900000045e+00 9.817849398000000338e-01
1.527903635684010088e+08 1.247896881103999931e+02 1.201290011400000024e+00 9.849267005999999824e-01
1.527904635684010088e+08 1.243271484375000000e+02 1.200626134900000030e+00 9.823613167000000423e-01
1.527905635684010088e+08 1.267534942627000021e+02 1.211082100899999903e+00 9.843140840999999863e-01
1.527906635684010088e+08 1.283979949950999924e+02 1.219139218300000049e+00 9.839489460000000465e-01
1.527907635684010088e+08 1.262700958252000021e+02 1.209337234499999969e+00 9.833918214000000324e-01
1.527908635684010088e+08 1.269413757324000045e+02 1.212821841200000028e+00 9.829469919000000111e-01
1.527909635684010088e+08 1.257283630370999958e+02 1.206197380999999957e+00 9.842771291999999894e-01
1.527910635684010088e+08 1.248587188720999990e+02 1.201954484000000045e+00 9.843822121999999952e-01
1.527911635684010088e+08 1.240986633300999955e+02 1.198811054199999893e+00 9.835275411999999662e-01
1.527912635684010088e+08 1.257992324828999955e+02 1.206599712400000080e+00 9.841753243999999956e-01
1.527913635684010088e+08 1.229931030272999948e+02 1.193433046300000022e+00 9.835706352999999957e-01
1.527914635684010088e+08 1.198990631103999931e+02 1.176839113200000009e+00 9.860580563999999937e-01
1.527915635684010088e+08 1.237643203734999986e+02 1.197538495100000100e+00 9.829634428000000312e-01
1.527916635684010088e+08 1.237364120482999965e+02 1.197212457700000066e+00 9.832772016999999920e-01
1.527917635684010088e+08 1.254505767822000024e+02 1.204641699800000021e+00 9.846407770999999753e-01
1.527918635684010088e+08 1.244193344116000048e+02 1.199950814199999938e+00 9.841966628999999633e-01
1.527919635684010088e+08 1.250277175903000000e+02 1.202968358999999987e+00 9.840536713999999963e-01
1.527920635684010088e+08 1.235208816528000000e+02 1.195239067099999941e+00 9.848085046000000231e-01
1.527921635684010088e+08 1.223183135985999996e+02 1.190139412900000027e+00 9.835959077000000494e-01
1.527922635684010088e+08 1.229512634276999989e+02 1.192914724300000007e+00 9.840906858000000312e-01
1.527923635684010088e+08 1.228598403931000007e+02 1.191747307800000044e+00 9.852864742000000398e-01
1.527924635684010088e+08 1.253544311522999948e+02 1.204162716899999985e+00 9.846690297000000314e-01
1.527925635684010088e+08 1.229434814452999944e+02 1.192446470299999950e+00 9.848014116000000095e-01
1.527926635684010088e+08 1.225821990966999948e+02 1.190623640999999955e+00 9.849163890000000032e-01
1.527927635684010088e+08 1.225407104492000059e+02 1.190164446800000109e+00 9.853428601999999481e-01
1.527928635684010088e+08 1.240043945312000062e+02 1.197565197899999934e+00 9.848263264000000072e-01
1.527929635684010088e+08 1.232249984741000048e+02 1.193661928200000055e+00 9.850472211999999894e-01
1.527930635684010088e+08 1.228386764525999979e+02 1.192327499399999935e+00 9.841580987000000391e-01
1.527931635684010088e+08 1.232100143433000028e+02 1.195143938099999970e+00 9.824861884000000156e-01
1.527932635684010088e+08 1.226839065551999965e+02 1.191161990199999909e+00 9.848425983999999911e-01
1.527933635684010088e+08 1.231301803589000059e+02 1.193303346600000037e+00 9.848808049999999703e-01
1.527934635684010088e+08 1.222123794556000007e+02 1.189841031999999910e+00 9.832369089000000395e-01
1.527935635684010088e+08 1.235228958130000052e+02 1.195482373199999948e+00 9.844236374000000511e-01
1.527936635684010088e+08 1.189084701537999962e+02 1.173121571500000071e+00 9.841191173000000125e-01
1.527937635684010088e+08 1.249579696655000021e+02 1.201907992400000014e+00 9.852409959000000272e-01
1.527938635684010088e+08 1.204612045287999962e+02 1.179462790499999914e+00 9.862787127000000043e-01
1.527939635684010088e+08 1.234350051880000052e+02 1.195247769400000104e+00 9.841095209000000343e-01
1.527940635684010088e+08 1.210544815062999930e+02 1.183401227000000056e+00 9.845499396000000347e-01
1.527941635684010088e+08 1.229435348510999972e+02 1.192222595200000068e+00 9.851716161000000360e-01
1.527942635684010088e+08 1.232918167114000028e+02 1.193693280199999984e+00 9.855296016000000270e-01
1.527943635684010088e+08 1.204426651001000010e+02 1.179281234699999903e+00 9.864305258000000132e-01
1.527944635684010088e+08 1.238822174072000024e+02 1.196385264399999926e+00 9.857975840999999573e-01
1.527945635684010088e+08 1.195310363770000066e+02 1.176347613299999928e+00 9.838531613000000009e-01
1.527946635684010088e+08 1.228011550903000000e+02 1.191738843900000067e+00 9.848297834000000472e-01
1.527947635684010088e+08 1.211033401489000028e+02 1.184444904300000045e+00 9.832122921999999487e-01
1.527948635684010088e+08 1.191487503051999965e+02 1.173608779899999899e+00 9.852890967999999861e-01
1.527949635684010088e+08 1.190234527588000049e+02 1.173684954600000108e+00 9.841253757000000268e-01
1.527950635684010088e+08 1.200959930420000035e+02 1.178601741800000102e+00 9.847256541000000141e-01
1.527951635684010088e+08 1.191751708983999976e+02 1.173641324000000097e+00 9.854530096000000405e-01
1.527952635684010088e+08 1.223621978759999962e+02 1.189778208699999951e+00 9.845463036999999584e-01
1.527953635684010088e+08 1.165337448119999948e+02 1.160876631700000106e+00 9.849188923999999679e-01
1.527954635684010088e+08 1.161926498412999962e+02 1.159090161299999977e+00 9.850655198000000112e-01
1.527955635684010088e+08 1.180553054810000049e+02 1.170011877999999950e+00 9.822586179000000195e-01
1.527956635684010088e+08 1.185088424683000028e+02 1.170546889299999949e+00 9.851310849000000092e-01
1.527957635684010088e+08 1.167467117310000049e+02 1.163055896799999989e+00 9.830246567999999519e-01
1.527958635684010088e+08 1.168606262206999986e+02 1.162231445299999999e+00 9.853802918999999827e-01
1.527959635684010088e+08 1.172302932739000028e+02 1.164181947699999942e+00 9.851877689000000382e-01
1.527960635684010088e+08 1.171332168578999955e+02 1.164021730400000010e+00 9.846429228999999950e-01
1.527961635684010088e+08 1.152467041016000024e+02 1.153794646299999949e+00 9.860351085999999876e-01
1.527962635684010088e+08 1.171458053589000059e+02 1.166048526800000040e+00 9.813285470000000510e-01
1.527963635684010088e+08 1.160940017700000055e+02 1.158452033999999964e+00 9.853138924000000021e-01
1.527964635684010088e+08 1.156535034179999997e+02 1.157055854800000061e+00 9.839456080999999799e-01
1.527965635684010088e+08 1.173031616211000028e+02 1.164561152499999919e+00 9.851583837999999815e-01
1.527966635684010088e+08 1.151092910767000035e+02 1.156308054899999993e+00 9.805826545000000394e-01
1.527967635684010088e+08 1.171031570435000049e+02 1.166722655300000078e+00 9.798379539999999555e-01
1.527968635684010088e+08 1.163631515503000031e+02 1.159580111499999955e+00 9.856776594999999697e-01
1.527969635684010088e+08 1.148649215698000035e+02 1.325374245599999945e+00 7.447856068999999524e-01
1.527970635684010088e+08 1.129899673462000038e+02 1.215297222100000019e+00 8.713563085000000097e-01
1.527971635684010088e+08 1.149547576904000010e+02 1.152548193899999962e+00 9.856659173999999801e-01
1.527972635684010088e+08 1.134784011840999938e+02 1.144496202500000059e+00 9.867460728000000403e-01
1.527973635684010088e+08 1.146913604735999996e+02 1.151238918300000025e+00 9.856454730000000497e-01
1.527974635684010088e+08 1.148271179199000045e+02 1.152311325099999895e+00 9.849761127999999699e-01
1.527975635684010088e+08 1.156564941406000031e+02 1.156564950899999999e+00 9.848064184000000498e-01
1.527976635684010088e+08 1.151618041992000059e+02 1.154275894199999986e+00 9.844872354999999464e-01
1.527977635684010088e+08 1.155496673584000007e+02 1.156074881599999937e+00 9.847311974000000356e-01
1.527978635684010088e+08 1.156197433472000000e+02 1.156370878199999952e+00 9.848239422000000243e-01
1.527979635684010088e+08 1.139219360352000052e+02 1.147686004599999920e+00 9.851039052000000185e-01
1.527980635684010088e+08 1.157273788451999934e+02 1.156464576699999913e+00 9.855811596000000341e-01
1.527981635684010088e+08 1.122603073119999948e+02 1.140418767899999963e+00 9.831470250999999605e-01
1.527982635684010088e+08 1.150493774413999972e+02 1.152685999900000091e+00 9.862412809999999697e-01
1.527983635684010088e+08 1.147154998779000010e+02 1.151713371300000066e+00 9.850409031000000315e-01
1.527984635684010088e+08 1.157696838379000042e+02 1.157002806699999997e+00 9.850242733999999833e-01
1.527985635684010088e+08 1.160012512206999986e+02 1.158969879200000053e+00 9.836469889000000189e-01
1.527986635684010088e+08 1.154663162230999944e+02 1.155761599499999903e+00 9.845542908000000093e-01
1.527987635684010088e+08 1.128659210204999965e+02 1.142627596899999931e+00 9.846329688999999608e-01
1.527988635684010088e+08 1.116469879149999969e+02 1.136124491699999961e+00 9.851812124000000059e-01
1.527989635684010088e+08 1.149236297606999955e+02 1.153163790700000080e+00 9.843471646000000463e-01
1.527990635684010088e+08 1.149022064209000007e+02 1.151789665199999924e+00 9.865132570000000323e-01
1.527991635684010088e+08 1.156936035156000031e+02 1.156646966899999907e+00 9.849827885999999921e-01
1.527992635684010088e+08 1.132670135497999979e+02 1.144227981600000055e+00 9.853696822999999938e-01
1.527993635684010088e+08 1.163227691649999969e+02 1.160215020199999891e+00 9.842573404000000137e-01
1.527994635684010088e+08 1.149632339478000063e+02 1.152980804400000059e+00 9.849988222000000126e-01
1.527995635684010088e+08 1.155950927733999976e+02 1.156124353400000082e+00 9.850339890000000542e-01
1.527996635684010088e+08 1.156735610962000038e+02 1.156330943099999953e+00 9.853504299999999994e-01
1.527997635684010088e+08 1.180657882689999951e+02 1.168452858900000058e+00 9.849690795000000110e-01
1.527998635684010088e+08 1.157497558593999969e+02 1.157960772500000068e+00 9.832257627999999583e-01
1.527999635684010088e+08 1.169589080811000059e+02 1.162576675399999981e+00 9.856234192999999699e-01
1.528000635684010088e+08 1.164735031128000031e+02 1.160910367999999915e+00 9.843526483000000216e-01
1.528001635684010088e+08 1.172815322876000010e+02 1.165668368299999980e+00 9.831063746999999520e-01
1.528002635684010088e+08 1.157194061279000010e+02 1.156789302800000030e+00 9.849600196000000141e-01
1.528003635684010088e+08 1.174015197754000042e+02 1.164963602999999903e+00 9.853031635000000232e-01
1.528004635684010088e+08 1.167494125366000048e+02 1.162505984300000073e+00 9.839775562000000475e-01
1.528005635684010088e+08 1.157838668823000035e+02 1.157202362999999901e+00 9.848051666999999565e-01
1.528006635684010088e+08 1.167682495117000059e+02 1.161140441899999987e+00 9.864524603000000003e-01
1.528007635684010088e+08 1.166699523925999955e+02 1.161369442900000104e+00 9.852334260999999760e-01
1.528008635684010088e+08 1.165501174926999965e+02 1.558998346299999893e+00 5.461881757000000004e-01
1.528009635684010088e+08 1.138545837401999989e+02 1.180616974799999941e+00 9.303649663999999930e-01
1.528010635684010088e+08 1.158613052368000069e+02 1.157918572400000068e+00 9.842452406999999681e-01
1.528011635684010088e+08 1.160208816528000000e+02 1.158530235299999989e+00 9.845604300000000420e-01
1.528012635684010088e+08 1.152131576537999962e+02 1.153805851900000068e+00 9.857290386999999487e-01
1.528013635684010088e+08 1.163765258788999972e+02 1.159886121700000050e+00 9.852707981999999642e-01
1.528014635684010088e+08 1.166044387816999972e+02 1.161120057099999991e+00 9.851032495000000555e-01
1.528015635684010088e+08 1.146400070189999951e+02 1.151071429299999949e+00 9.854908585999999637e-01
1.528016635684010088e+08 1.159970245360999996e+02 1.159159183499999912e+00 9.832900167000000469e-01
1.528017635684010088e+08 1.152504043578999955e+02 1.154294609999999999e+00 9.852128029000000176e-01
1.528018635684010088e+08 1.169853134155000021e+02 1.163529038400000104e+00 9.842326640999999876e-01
1.528019635684010088e+08 1.152107391356999955e+02 1.153955221199999936e+00 9.854531288000000222e-01
1.528020635684010088e+08 1.161599273682000018e+02 1.159398436500000074e+00 9.842644334000000272e-01
1.528021635684010088e+08 1.165099868773999958e+02 1.160582304000000065e+00 9.852175117000000482e-01
1.528022635684010088e+08 1.172843017577999944e+02 1.165811061899999945e+00 9.828889370000000181e-01
1.528023635684010088e+08 1.180928878784000062e+02 1.168320655800000107e+00 9.854182004999999522e-01
1.528024635684010088e+08 1.184240570067999982e+02 1.170795083000000014e+00 9.840089679000000311e-01
1.528025635684010088e+08 1.164090118408000052e+02 1.160959720599999967e+00 9.837238789000000150e-01
1.528026635684010088e+08 1.162301177978999931e+02 1.159694790799999931e+00 9.843559860999999689e-01
1.528027635684010088e+08 1.196026840210000017e+02 1.176198601699999902e+00 9.846922755000000471e-01
1.528028635684010088e+08 1.188081741332999997e+02 1.172075033200000060e+00 9.850457906999999791e-01
1.528029635684010088e+08 1.191785583495999958e+02 1.174301266699999902e+00 9.843737483000000177e-01
1.528030635684010088e+08 1.196850128173999934e+02 1.176439523700000045e+00 9.849665761000000463e-01
1.528031635684010088e+08 1.223449172974000021e+02 1.189385294899999890e+00 9.850577712000000430e-01
1.528032635684010088e+08 1.217082290648999958e+02 1.186846733100000106e+00 9.841279387000000378e-01
1.528033635684010088e+08 1.237632369994999948e+02 1.198145270299999954e+00 9.819597006000000405e-01
1.528034635684010088e+08 1.221573104857999965e+02 1.189023256300000053e+00 9.841463566000000496e-01
1.528035635684010088e+08 1.235730819701999934e+02 1.216834068300000071e+00 9.505655169000000182e-01
1.528036635684010088e+08 1.257502441406000031e+02 1.207074046100000020e+00 9.830189347000000133e-01
1.528037635684010088e+08 1.242023391724000021e+02 1.198973774900000011e+00 9.840821027999999693e-01
1.528038635684010088e+08 1.279130477905000021e+02 1.215686082800000012e+00 9.858093261999999468e-01
1.528039635684010088e+08 1.269733428954999965e+02 1.212739825199999899e+00 9.833274483999999704e-01
1.528040635684010088e+08 1.243753433228000063e+02 1.199749708199999931e+00 9.841784835000000342e-01
1.528041635684010088e+08 1.273781738281000031e+02 1.213786244400000047e+00 9.847625493999999646e-01
1.528042635684010088e+08 1.274057922363000017e+02 1.214656114599999892e+00 9.835656881000000018e-01
1.528043635684010088e+08 1.301184539795000035e+02 1.226877570200000100e+00 9.845943450999999902e-01
1.528044635684010088e+08 1.289724731444999861e+02 1.221897959699999925e+00 9.838933945000000181e-01
1.528045635684010088e+08 1.282040710448999903e+02 1.217188239099999958e+00 9.856148957999999460e-01
1.528046635684010088e+08 1.282983245849999889e+02 1.219072341900000023e+00 9.832928776999999565e-01
1.528047635684010088e+08 1.288274993896000069e+02 1.221401929900000072e+00 9.835860132999999506e-01
1.528048635684010088e+08 1.283245239258000083e+02 1.220589399300000100e+00 9.810506104999999755e-01
1.528049635684010088e+08 1.328290710448999903e+02 1.240797281300000110e+00 9.826806188000000164e-01
1.528050635684010088e+08 1.317754058838000049e+02 1.234460473099999955e+00 9.849198461000000515e-01
1.528051635684010088e+08 1.304784240722999868e+02 1.228253245399999916e+00 9.851078390999999934e-01
1.528052635684010088e+08 1.328970947265999882e+02 1.240242838899999978e+00 9.840630889000000492e-01
1.528053635684010088e+08 1.308666381836000028e+02 1.230708718300000060e+00 9.841002225999999631e-01
1.528054635684010088e+08 1.295750122069999861e+02 1.224915742899999938e+00 9.836254119999999768e-01
1.528055635684010088e+08 1.302544097900000111e+02 1.227995753300000104e+00 9.838289618000000125e-01
1.528056635684010088e+08 1.309194946288999972e+02 1.230988025700000099e+00 9.840509892000000036e-01
1.528057635684010088e+08 1.334748840331999986e+02 1.243039488800000036e+00 9.838992952999999764e-01
1.528058635684010088e+08 1.333247680663999972e+02 1.242018580399999905e+00 9.844090938999999763e-01
1.528059635684010088e+08 1.341250305176000097e+02 1.245910525300000016e+00 9.841403961000000367e-01
1.528060635684010088e+08 1.362729644775000111e+02 1.256572604200000054e+00 9.830043912000000494e-01
1.528061635684010088e+08 1.348288116454999965e+02 1.249325752300000092e+00 9.839029312000000527e-01
1.528062635684010088e+08 1.336011657715000069e+02 1.243676185600000039e+00 9.838218689000000072e-01
1.528063635684010088e+08 1.358153839111000138e+02 1.253846645399999904e+00 9.839681386999999946e-01
1.528064635684010088e+08 nan nan nan
