1.552465353907E+08 2.758229E+02 5.321886E+00 9.349629E-01 1.014130E-01 7.170986E-02
1.552466353907E+08 2.852742E+02 5.408482E+00 9.356652E-01 1.013369E-01 7.165603E-02
1.552467353907E+08 2.805528E+02 5.393796E+00 9.343863E-01 1.522135E-01 8.788048E-02
1.552468353907E+08 2.896244E+02 5.476926E+00 9.346967E-01 1.521629E-01 8.785129E-02
1.552469353907E+08 2.764158E+02 6.783389E+00 5.746052E-01 8.250661E-02 8.250661E-02
1.552470353907E+08 2.836854E+02 5.418123E+00 9.360141E-01 1.519488E-01 8.772765E-02
1.552471353907E+08 2.945245E+02 6.221070E+00 7.249730E-01 6.539378E-02 6.539378E-02
1.552472353907E+08 2.809921E+02 5.906851E+00 7.929784E-01 2.391426E-01 1.195713E-01
1.552473353907E+08 2.901885E+02 5.552894E+00 9.360512E-01 3.038855E-01 1.240607E-01
1.552474353907E+08 3.035136E+02 7.138995E+00 5.848747E-01 2.431737E-01 1.403964E-01
1.552475353907E+08 2.969933E+02 5.489258E+00 9.363808E-01 5.062975E-02 5.062975E-02
1.552476353907E+08 2.980386E+02 6.576159E+00 6.487516E-01 0.000000E+00 0.000000E+00
1.552477353907E+08 2.913098E+02 5.703703E+00 8.685377E-01 1.637536E-01 9.454318E-02
1.552478353907E+08 2.820537E+02 5.377457E+00 9.360024E-01 1.013004E-01 7.163022E-02
1.552479353907E+08 2.978674E+02 6.917801E+00 5.859187E-01 0.000000E+00 0.000000E+00
1.552480353907E+08 2.909607E+02 5.588087E+00 9.349450E-01 3.549525E-01 1.341594E-01
1.552481353907E+08 2.939903E+02 6.908342E+00 5.798770E-01 0.000000E+00 0.000000E+00
1.552482353907E+08 2.825237E+02 5.360002E+00 9.346924E-01 5.072121E-02 5.072121E-02
1.552483353907E+08 2.937163E+02 6.823977E+00 6.107109E-01 1.552575E-01 1.097836E-01
1.552484353907E+08 2.887354E+02 5.559557E+00 9.135330E-01 2.075841E-01 1.037920E-01
1.552485353907E+08 2.912078E+02 5.488270E+00 9.357563E-01 1.519906E-01 8.775182E-02
1.552486353907E+08 2.985638E+02 7.145976E+00 5.750230E-01 2.473399E-01 1.428018E-01
1.552487353907E+08 2.926666E+02 5.500169E+00 9.362381E-01 1.519124E-01 8.770666E-02
1.552488353907E+08 3.039530E+02 7.149100E+00 5.762064E-01 1.645547E-01 1.163577E-01
1.552489353907E+08 2.934804E+02 5.512544E+00 9.346045E-01 1.521779E-01 8.785997E-02
1.552490353907E+08 2.989336E+02 6.484153E+00 6.860203E-01 1.382138E-01 9.773189E-02
1.552491353907E+08 3.047745E+02 5.747394E+00 8.685348E-01 0.000000E+00 0.000000E+00
1.552492353907E+08 2.962393E+02 6.400213E+00 6.893175E-01 6.877632E-02 6.877632E-02
1.552493353907E+08 2.993531E+02 5.824699E+00 8.390633E-01 5.650196E-02 5.650196E-02
1.552494353907E+08 3.032107E+02 5.920862E+00 8.387945E-01 1.695602E-01 9.789564E-02
1.552495353907E+08 3.084708E+02 6.635700E+00 6.835044E-01 2.080837E-01 1.201372E-01
1.552496353907E+08 2.999403E+02 5.807647E+00 8.699908E-01 2.179734E-01 1.089867E-01
1.552497353907E+08 2.815813E+02 6.533523E+00 6.471457E-01 2.197745E-01 1.268869E-01
1.552498353907E+08 2.981579E+02 5.525171E+00 9.362780E-01 1.012706E-01 7.160913E-02
1.552499353907E+08 3.102331E+02 7.122068E+00 5.838832E-01 8.119556E-02 8.119556E-02
1.552500353907E+08 2.946555E+02 5.595629E+00 9.352786E-01 3.041365E-01 1.241632E-01
1.552501353907E+08 3.092311E+02 7.245520E+00 5.783225E-01 2.459288E-01 1.419871E-01
1.552502353907E+08 3.100293E+02 5.661998E+00 9.345123E-01 1.521929E-01 8.786863E-02
1.552503353907E+08 3.060649E+02 7.099707E+00 5.798399E-01 8.176175E-02 8.176175E-02
1.552504353907E+08 3.094845E+02 5.628823E+00 9.357743E-01 1.013251E-01 7.164768E-02
1.552505353907E+08 2.915142E+02 6.999293E+00 5.853766E-01 2.429652E-01 1.402760E-01
1.552506353907E+08 3.092820E+02 5.603633E+00 9.353949E-01 5.068311E-02 5.068311E-02
1.552507353907E+08 2.980241E+02 6.996491E+00 5.815861E-01 8.151626E-02 8.151626E-02
1.552508353907E+08 2.992115E+02 5.611475E+00 9.354280E-01 2.534066E-01 1.133269E-01
1.552509353907E+08 3.000372E+02 7.041448E+00 5.862364E-01 1.617393E-01 1.143669E-01
1.552510353907E+08 2.971194E+02 5.621233E+00 9.341759E-01 3.044955E-01 1.243098E-01
1.552511353907E+08 2.985592E+02 7.109371E+00 5.807073E-01 2.449189E-01 1.414040E-01
1.552512353907E+08 3.052389E+02 5.618694E+00 9.346839E-01 1.521650E-01 8.785250E-02
1.552513353907E+08 2.954041E+02 5.889267E+00 8.017604E-01 0.000000E+00 0.000000E+00
1.552514353907E+08 2.934726E+02 6.256333E+00 7.228431E-01 1.311729E-01 9.275328E-02
1.552515353907E+08 2.972486E+02 5.597304E+00 9.343214E-01 2.537067E-01 1.134611E-01
1.552516353907E+08 3.080230E+02 7.150586E+00 5.832621E-01 1.625641E-01 1.149501E-01
1.552517353907E+08 2.966520E+02 5.513377E+00 9.356362E-01 1.013401E-01 7.165826E-02
1.552518353907E+08 2.986998E+02 6.996597E+00 5.910673E-01 1.604173E-01 1.134322E-01
1.552519353907E+08 2.904547E+02 5.458853E+00 9.348574E-01 1.014245E-01 7.171795E-02
1.552520353907E+08 3.053658E+02 7.102300E+00 5.861795E-01 1.617550E-01 1.143780E-01
1.552521353907E+08 3.000463E+02 5.518421E+00 9.359514E-01 5.065298E-02 5.065298E-02
1.552522353907E+08 2.996711E+02 7.017776E+00 5.812169E-01 8.156803E-02 8.156803E-02
1.552523353907E+08 2.812845E+02 5.477314E+00 9.342239E-01 3.044798E-01 1.243034E-01
1.552524353907E+08 3.009995E+02 7.015934E+00 5.921806E-01 1.601158E-01 1.132189E-01
1.552525353907E+08 3.076798E+02 5.588379E+00 9.356766E-01 5.066785E-02 5.066785E-02
1.552526353907E+08 3.014468E+02 6.681571E+00 6.521959E-01 1.453818E-01 1.028005E-01
1.552527353907E+08 2.998754E+02 5.799880E+00 8.720627E-01 2.174556E-01 1.087278E-01
1.552528353907E+08 3.087476E+02 6.339372E+00 7.232054E-01 0.000000E+00 0.000000E+00
1.552529353907E+08 3.051117E+02 6.032273E+00 7.976194E-01 5.943777E-02 5.943777E-02
1.552530353907E+08 2.994708E+02 6.863907E+00 6.150068E-01 1.541730E-01 1.090168E-01
1.552531353907E+08 3.066458E+02 5.703805E+00 9.116694E-01 1.560063E-01 9.007028E-02
1.552532353907E+08 2.978090E+02 7.053681E+00 5.881758E-01 2.418089E-01 1.396085E-01
1.552533353907E+08 3.131996E+02 5.713598E+00 9.347486E-01 2.028726E-01 1.014363E-01
1.552534353907E+08 3.186952E+02 7.208672E+00 5.929725E-01 1.599019E-01 1.130677E-01
1.552535353907E+08 3.137657E+02 5.702740E+00 9.320845E-01 1.525894E-01 8.809751E-02
1.552536353907E+08 3.108438E+02 7.160374E+00 5.867515E-01 1.615973E-01 1.142665E-01
1.552537353907E+08 3.077684E+02 5.753803E+00 9.149257E-01 2.590851E-01 1.158664E-01
1.552538353907E+08 3.217203E+02 7.141460E+00 6.093417E-01 1.556064E-01 1.100303E-01
1.552539353907E+08 3.176638E+02 6.829701E+00 6.490502E-01 7.304323E-02 7.304323E-02
1.552540353907E+08 3.085417E+02 5.897209E+00 8.748007E-01 2.709687E-01 1.211809E-01
1.552541353907E+08 3.208965E+02 7.322387E+00 5.789308E-01 1.637803E-01 1.158101E-01
1.552542353907E+08 3.258942E+02 5.752725E+00 9.347966E-01 5.071555E-02 5.071555E-02
1.552543353907E+08 3.178047E+02 7.246422E+00 5.776736E-01 8.206836E-02 8.206836E-02
1.552544353907E+08 3.190781E+02 7.204260E+00 6.092300E-01 3.112698E-01 1.556349E-01
1.552545353907E+08 3.286673E+02 5.900178E+00 9.040706E-01 1.048784E-01 7.416020E-02
1.552546353907E+08 3.213626E+02 7.291629E+00 5.768435E-01 8.218645E-02 8.218645E-02
1.552547353907E+08 3.273951E+02 5.765760E+00 9.348242E-01 5.071405E-02 5.071405E-02
1.552548353907E+08 3.286834E+02 7.345175E+00 5.811794E-01 8.157331E-02 8.157331E-02
1.552549353907E+08 3.226207E+02 7.387148E+00 5.794138E-01 2.454656E-01 1.417196E-01
1.552550353907E+08 3.239544E+02 5.757436E+00 9.355296E-01 1.013516E-01 7.166642E-02
1.552551353907E+08 3.206538E+02 7.245770E+00 5.828158E-01 8.134426E-02 8.134426E-02
1.552552353907E+08 3.252829E+02 6.357354E+00 7.576331E-01 0.000000E+00 0.000000E+00
1.552553353907E+08 3.281937E+02 6.364599E+00 7.626735E-01 0.000000E+00 0.000000E+00
1.552554353907E+08 3.380463E+02 7.541049E+00 5.884118E-01 3.222826E-01 1.611413E-01
1.552555353907E+08 3.249279E+02 6.292417E+00 7.954792E-01 1.787931E-01 1.032262E-01
1.552556353907E+08 3.344683E+02 6.745351E+00 7.142482E-01 1.991271E-01 1.149661E-01
1.552557353907E+08 3.267380E+02 7.294419E+00 5.857922E-01 8.093096E-02 8.093096E-02
1.552558353907E+08 3.391847E+02 6.095862E+00 8.740945E-01 1.084751E-01 7.670344E-02
1.552559353907E+08 3.146081E+02 9.334278E+00 3.399061E-01 0.000000E+00 0.000000E+00
