1.536948384966549873e+08 3.934016418456999986e+02 6.312203884099999662e+00 9.342838526000000199e-01 4.630615929999999658e-02 1.543538640000000073e-02
1.536949384966549873e+08 3.969239807129000042e+02 7.559491634399999604e+00 6.576669812000000004e-01 7.193665949999999976e-02 1.922588050000000048e-02
1.536950384966549873e+08 4.040191650391000167e+02 6.939881324799999973e+00 7.940887809000000130e-01 6.167435269999999720e-02 1.780385149999999875e-02
1.536951384966549873e+08 4.083289489745999958e+02 7.788798332199999841e+00 6.368594765999999741e-01 5.135161060000000000e-02 1.623880490000000065e-02
1.536952384966549873e+08 3.957381896973000153e+02 7.980062961599999838e+00 5.883791446999999675e-01 7.202708720000000620e-02 1.925004829999999931e-02
1.536953384966549873e+08 4.039700927733999833e+02 8.125285148599999729e+00 5.788582562999999848e-01 4.631196709999999689e-02 1.543732169999999931e-02
1.536954384966549873e+08 4.140710449219000111e+02 7.778395652799999560e+00 6.473317741999999875e-01 4.107300190000000295e-02 1.452149819999999994e-02
1.536955384966549873e+08 4.189890747069999861e+02 7.172311306000000108e+00 7.709345817999999628e-01 6.170042979999999788e-02 1.781138029999999872e-02
1.536956384966549873e+08 4.066024475098000153e+02 7.537045955700000022e+00 6.769329308999999517e-01 3.590302170000000265e-02 1.357006650000000016e-02
1.536957384966549873e+08 4.301689453125000000e+02 8.349896430999999453e+00 5.837209224999999613e-01 5.148528520000000136e-02 1.628107759999999904e-02
1.536958384966549873e+08 4.187396240233999833e+02 8.235792160000000806e+00 5.840873718000000325e-01 5.139927939999999751e-02 1.625387929999999939e-02
1.536959384966549873e+08 4.273674926758000083e+02 8.359545707700000605e+00 5.781573057000000126e-01 2.567988629999999953e-02 1.148439379999999926e-02
1.536960384966549873e+08 4.154393310547000056e+02 8.015939712499999814e+00 6.118179559999999961e-01 5.653484909999999947e-02 1.704589839999999870e-02
1.536961384966549873e+08 4.229313049315999820e+02 7.462604045900000038e+00 7.191221714000000098e-01 7.711528239999999867e-02 1.991108059999999874e-02
1.536962384966549873e+08 4.328588256836000028e+02 7.469582080800000412e+00 7.341431975000000110e-01 5.650470030000000199e-02 1.703680869999999944e-02
1.536963384966549873e+08 4.242595825194999861e+02 8.211613655100000742e+00 5.950925350000000336e-01 4.115911569999999853e-02 1.455194410000000028e-02
1.536964384966549873e+08 4.234015502930000139e+02 8.235740661599999513e+00 5.905898808999999750e-01 5.138928820000000092e-02 1.625071839999999920e-02
1.536965384966549873e+08 4.202859497069999861e+02 8.201261520399999227e+00 5.915464758999999795e-01 7.195987550000000621e-02 1.923208679999999920e-02
1.536966384966549873e+08 4.294710693358999833e+02 8.388077735899999610e+00 5.778167843999999498e-01 7.197339830000000493e-02 1.923570039999999981e-02
1.536967384966549873e+08 4.302107543944999861e+02 8.397706031800000304e+00 5.774828791999999655e-01 7.195091250000000549e-02 1.922968959999999880e-02
1.536968384966549873e+08 4.381687927245999958e+02 8.154473304699999758e+00 6.236910223999999614e-01 6.709361079999999478e-02 1.860841920000000024e-02
1.536969384966549873e+08 4.425678405762000125e+02 7.546257495899999945e+00 7.347425817999999609e-01 2.571567710000000062e-02 1.150040050000000064e-02
1.536970384966549873e+08 4.462338867188000222e+02 7.857654094699999980e+00 6.839656830000000465e-01 6.177909670000000103e-02 1.783408779999999874e-02
1.536971384966549873e+08 4.395672912598000153e+02 8.121743202199999345e+00 6.303604841000000070e-01 4.629996420000000168e-02 1.543332080000000064e-02
1.536972384966549873e+08 4.490283203125000000e+02 8.573279380800000737e+00 5.779355167999999932e-01 5.144402010000000136e-02 1.626802789999999901e-02
1.536973384966549873e+08 4.513714294434000180e+02 8.643149375900000209e+00 5.718278884999999923e-01 6.681594250000000290e-02 1.853140819999999842e-02
1.536974384966549873e+08 4.549422912598000153e+02 8.575019836399999207e+00 5.852204560999999527e-01 4.631870610000000249e-02 1.543956810000000034e-02
1.536975384966549873e+08 4.547818908690999820e+02 8.664085388200000182e+00 5.731225013999999840e-01 5.137845130000000260e-02 1.624729299999999946e-02
1.536976384966549873e+08 4.528121643065999820e+02 8.575544357300000087e+00 5.824906229999999852e-01 5.134933440000000182e-02 1.623808590000000093e-02
1.536977384966549873e+08 4.437498168944999861e+02 8.518217086800000004e+00 5.787223577000000230e-01 6.168034299999999859e-02 1.780558189999999902e-02
1.536978384966549873e+08 4.534171142577999944e+02 8.544328689600000359e+00 5.875407457000000333e-01 5.143965779999999655e-02 1.626664770000000107e-02
1.536979384966549873e+08 4.532004394530999889e+02 8.606704711900000859e+00 5.791807771000000438e-01 7.727521660000000181e-02 1.995237539999999976e-02
1.536980384966549873e+08 4.527108154297000056e+02 8.342533111599999884e+00 6.157073378999999846e-01 7.205638289999999335e-02 1.925787699999999963e-02
1.536981384966549873e+08 4.571803894043000014e+02 8.581299781800000304e+00 5.873959063999999453e-01 5.648442730000000078e-02 1.703069550000000168e-02
1.536982384966549873e+08 4.609446411133000083e+02 8.217417717000000010e+00 6.458593011000000050e-01 5.653400349999999908e-02 1.704564319999999841e-02
1.536983384966549873e+08 4.479368286133000083e+02 8.236961364700000843e+00 6.248559952000000139e-01 6.676264110000000584e-02 1.851662429999999943e-02
1.536984384966549873e+08 4.664736022948999903e+02 8.753955841099999802e+00 5.759081244000000543e-01 5.658672000000000007e-02 1.706153709999999948e-02
1.536985384966549873e+08 4.634690246581999986e+02 8.657189369199999263e+00 5.849916338999999743e-01 5.148133640000000094e-02 1.627982780000000046e-02
1.536986384966549873e+08 4.632242736815999820e+02 8.763695716899999155e+00 5.711721777999999583e-01 9.261688590000000110e-02 2.183000930000000145e-02
1.536987384966549873e+08 4.610114746094000111e+02 8.668833732599999564e+00 5.803290008999999472e-01 5.141078310000000290e-02 1.625751699999999911e-02
1.536988384966549873e+08 4.679811096190999820e+02 8.884105682399999537e+00 5.611793399000000182e-01 7.184877250000000493e-02 1.920239069999999867e-02
1.536989384966549873e+08 4.836179199219000111e+02 9.209463119500000516e+00 5.399159788999999821e-01 9.256899359999999632e-02 2.181872170000000166e-02
1.536990384966549873e+08 4.767531127930000139e+02 8.839684486399999486e+00 5.775220394000000201e-01 7.701074330000000356e-02 1.988408900000000062e-02
1.536991384966549873e+08 4.963469238280999889e+02 9.566982269300000397e+00 5.131864548000000248e-01 7.184436919999999394e-02 1.920121539999999905e-02
1.536992384966549873e+08 4.891385498047000056e+02 8.934741020200000605e+00 5.798109174000000143e-01 6.691946090000000513e-02 1.856011899999999992e-02
1.536993384966549873e+08 4.736173706055000139e+02 8.741690635699999490e+00 5.863589644000000156e-01 5.651790279999999861e-02 1.704078909999999850e-02
1.536994384966549873e+08 4.958354492188000222e+02 9.015505790700000688e+00 5.773962736000000096e-01 7.708608359999999382e-02 1.990354059999999842e-02
1.536995384966549873e+08 4.871462097168000014e+02 8.897832870500000269e+00 5.821024178999999465e-01 5.654785779999999679e-02 1.704982110000000106e-02
1.536996384966549873e+08 4.798931274413999972e+02 8.958369255099999151e+00 5.657201409000000014e-01 5.663760749999999927e-02 1.707688159999999969e-02
1.536997384966549873e+08 4.935524902344000111e+02 8.959715843199999696e+00 5.816287397999999609e-01 5.659563470000000124e-02 1.706422490000000097e-02
1.536998384966549873e+08 4.786112976073999903e+02 8.785373687699999934e+00 5.870456099999999955e-01 8.241719009999999568e-02 2.060429750000000032e-02
1.536999384966549873e+08 4.934180908202999944e+02 8.962694168100000525e+00 5.811569691000000315e-01 6.166006620000000216e-02 1.779972759999999890e-02
1.537000384966549873e+08 4.798276672362999875e+02 8.979529380800000737e+00 5.629049539999999574e-01 5.142698440000000037e-02 1.626263929999999941e-02
1.537001384966549873e+08 4.780644836426000097e+02 9.443920135500000868e+00 5.070877074999999845e-01 5.651745949999999880e-02 1.704065499999999830e-02
1.537002384966549873e+08 4.874404602051000097e+02 9.836428642299999581e+00 4.769261181000000183e-01 8.733454350000000033e-02 2.118173799999999857e-02
1.537003384966549873e+08 4.796943359375000000e+02 9.150095939599999895e+00 5.420977473000000435e-01 6.168419869999999805e-02 1.780669580000000113e-02
1.537004384966549873e+08 4.885956726073999903e+02 9.476278305099999244e+00 5.147112607999999589e-01 5.649856479999999792e-02 1.703495899999999882e-02
1.537005384966549873e+08 4.797234497069999861e+02 9.211880683900000477e+00 5.351591705999999560e-01 8.243092890000000561e-02 2.060773219999999933e-02
1.537006384966549873e+08 5.110036010741999917e+02 9.138527870200000791e+00 5.791125298000000532e-01 7.700401540000000045e-02 1.988235119999999870e-02
1.537007384966549873e+08 4.866076965331999986e+02 8.842241287200000244e+00 5.891035795000000297e-01 7.718458029999999970e-02 1.992897319999999833e-02
1.537008384966549873e+08 4.912958068848000153e+02 8.950665473899999114e+00 5.799946784999999716e-01 4.627228530000000034e-02 1.542409510000000011e-02
1.537009384966549873e+08 4.796553955077999944e+02 8.851890563999999628e+00 5.788254738000000454e-01 3.605371339999999952e-02 1.362702250000000052e-02
1.537010384966549873e+08 4.958541564940999820e+02 8.996515274000000062e+00 5.796377062999999996e-01 6.161944569999999732e-02 1.778800230000000121e-02
1.537011384966549873e+08 4.764218444823999903e+02 8.846249580400000312e+00 5.764186382000000552e-01 8.739139140000000416e-02 2.119552530000000032e-02
1.537012384966549873e+08 4.825916748047000056e+02 8.878993034400000539e+00 5.790432692000000436e-01 5.152504890000000198e-02 1.629365049999999954e-02
1.537013384966549873e+08 4.771982727051000097e+02 9.107506752000000816e+00 5.443369745999999676e-01 6.165012339999999952e-02 1.779685729999999980e-02
1.537014384966549873e+08 4.975628356934000180e+02 9.448972702000000723e+00 5.271172522999999499e-01 5.139369149999999803e-02 1.625211160000000071e-02
1.537015384966549873e+08 5.163357543944999861e+02 9.852435112000000217e+00 5.035701989999999961e-01 9.254891429999999308e-02 2.181398869999999837e-02
1.537016384966549873e+08 4.858497009276999847e+02 9.661883354200000440e+00 4.924637078999999917e-01 6.675012410000000229e-02 1.851315419999999962e-02
1.537017384966549873e+08 5.030052795409999931e+02 9.797241210899999331e+00 4.958975613000000116e-01 7.203382249999999709e-02 1.925184760000000009e-02
1.537018384966549873e+08 5.186240234375000000e+02 9.853011131300000613e+00 5.053206681999999894e-01 5.645770209999999983e-02 1.702263769999999912e-02
1.537019384966549873e+08 5.095162658690999820e+02 9.169619560199999242e+00 5.734488368000000280e-01 7.191497830000000147e-02 1.922008769999999922e-02
1.537020384966549873e+08 5.191521606444999861e+02 9.201288223300000624e+00 5.802642703000000513e-01 7.200343160000000076e-02 1.924372649999999893e-02
1.537021384966549873e+08 5.154651489258000083e+02 9.150832176199999779e+00 5.824508667000000139e-01 6.685735289999999997e-02 1.854289320000000046e-02
1.537022384966549873e+08 5.005465698241999917e+02 9.901161193800000149e+00 4.831104576999999956e-01 6.688824300000000000e-02 1.855146140000000013e-02
1.537023384966549873e+08 5.204216308594000111e+02 1.072486114500000021e+01 4.280597568000000241e-01 6.682248409999999583e-02 1.853322240000000037e-02
1.537024384966549873e+08 5.292166137694999861e+02 1.030688667299999928e+01 4.713688493000000035e-01 7.193475959999999503e-02 1.922537389999999860e-02
1.537025384966549873e+08 5.287156372069999861e+02 9.275596618699999851e+00 5.814350246999999694e-01 6.678480650000000185e-02 1.852277290000000146e-02
1.537026384966549873e+08 5.307947387694999861e+02 9.306760788000000062e+00 5.797463058999999808e-01 6.166951360000000326e-02 1.780245449999999854e-02
1.537027384966549873e+08 5.410413208008000083e+02 1.010229587549999941e+01 5.016667843000000016e-01 7.710845019999999772e-02 1.990931480000000114e-02
1.537028384966549873e+08 5.261091308594000111e+02 1.093974113460000019e+01 4.158023894000000276e-01 5.655448879999999678e-02 1.705181970000000172e-02
1.537029384966549873e+08 5.399014892577999944e+02 1.050893592829999967e+01 4.627599418000000187e-01 9.243829550000000339e-02 2.178791539999999985e-02
1.537030384966549873e+08 5.138199462891000167e+02 9.255442619300000118e+00 5.676788092000000230e-01 7.720816140000000272e-02 1.993506219999999912e-02
1.537031384966549873e+08 5.341811523438000222e+02 9.631122589100000297e+00 5.446020365000000529e-01 4.624139890000000114e-02 1.541379929999999940e-02
1.537032384966549873e+08 5.012197265625000000e+02 9.105198860199999800e+00 5.720663070999999489e-01 6.679172070000000128e-02 1.852468960000000150e-02
1.537033384966549873e+08 5.265960083008000083e+02 9.561300277699999128e+00 5.449400544000000401e-01 6.169101600000000130e-02 1.780866269999999835e-02
1.537034384966549873e+08 4.994898681641000167e+02 9.708443641700000626e+00 5.013680458000000506e-01 6.186132130000000090e-02 1.785782539999999918e-02
1.537035384966549873e+08 4.888714599608999833e+02 9.872694015500000475e+00 4.744639992999999945e-01 5.653086300000000064e-02 1.704469700000000101e-02
1.537036384966549873e+08 5.074903259276999847e+02 1.006777191159999951e+01 4.737205206999999807e-01 6.679693609999999560e-02 1.852613690000000021e-02
1.537037384966549873e+08 4.877936401366999917e+02 9.322904586800000004e+00 5.315243005999999992e-01 1.027847229999999945e-01 2.298336289999999837e-02
1.537038384966549873e+08 4.749510498047000056e+02 8.769798278799999736e+00 5.843973160000000000e-01 6.670581550000000137e-02 1.850086449999999855e-02
1.537039384966549873e+08 4.586755371094000111e+02 8.663873672499999401e+00 5.784493089000000143e-01 7.709530739999999327e-02 1.990592290000000111e-02
1.537040384966549873e+08 4.509025573729999792e+02 8.588366508500000052e+00 5.788691043999999453e-01 8.725664019999999910e-02 2.116284519999999877e-02
1.537041384966549873e+08 4.571940307616999917e+02 8.630912780799999240e+00 5.810820460000000187e-01 8.243111520000000192e-02 2.060777880000000048e-02
1.537042384966549873e+08 4.639357299805000139e+02 9.592832565300000169e+00 4.768623114000000163e-01 4.491477829999999949e-02 1.833638179999999909e-02
