1.5526104657e+08 3.0713375854e+02 3.9556114674e+00
1.5526114657e+08 3.1934786987e+02 4.0321235657e+00
1.5526124657e+08 3.1768548584e+02 4.9105744362e+00
1.5526134657e+08 3.1673645020e+02 4.0113143921e+00
1.5526144657e+08 3.1577645874e+02 4.9232358932e+00
1.5526154657e+08 3.1946127319e+02 4.3335814476e+00
1.5526164657e+08 3.0947097778e+02 4.4404110909e+00
1.5526174657e+08 3.2245718384e+02 4.9957475662e+00
1.5526184657e+08 3.2352618408e+02 4.0575203896e+00
1.5526194657e+08 3.2220260620e+02 4.9729223251e+00
1.5526204657e+08 3.1742861938e+02 4.2264132500e+00
1.5526214657e+08 3.2039804077e+02 4.6344366074e+00
1.5526224657e+08 3.1824789429e+02 4.9443149567e+00
1.5526234657e+08 3.1951126099e+02 4.0257105827e+00
1.5526244657e+08 3.1653631592e+02 4.9380774498e+00
1.5526254657e+08 3.1978149414e+02 4.0324907303e+00
1.5526264657e+08 3.2021951294e+02 4.9395866394e+00
1.5526274657e+08 3.1889526367e+02 4.6719107628e+00
1.5526284657e+08 3.1494317627e+02 4.1476426125e+00
1.5526294657e+08 3.1840679932e+02 4.9456605911e+00
1.5526304657e+08 3.1773165894e+02 4.0148005486e+00
1.5526314657e+08 3.0770132446e+02 4.8419785500e+00
1.5526324657e+08 3.1563107300e+02 4.3947577477e+00
1.5526334657e+08 3.3112710571e+02 4.4788322449e+00
1.5526344657e+08 3.2061999512e+02 4.9708294868e+00
1.5526354657e+08 3.1274810791e+02 3.9850153923e+00
1.5526364657e+08 3.1685372925e+02 4.9299101830e+00
1.5526374657e+08 3.1837466431e+02 4.4166116714e+00
1.5526384657e+08 3.2492248535e+02 4.4318332672e+00
1.5526394657e+08 3.2935998535e+02 5.0277104378e+00
1.5526404657e+08 3.1587820435e+02 4.0063862801e+00
1.5526414657e+08 3.1081344604e+02 4.8662457466e+00
1.5526424657e+08 3.2014019775e+02 4.6625866890e+00
1.5526434657e+08 3.1900338745e+02 4.1972470284e+00
1.5526444657e+08 3.2644583130e+02 4.9820389748e+00
1.5526454657e+08 3.1746203613e+02 4.1233220100e+00
1.5526464657e+08 3.2537277222e+02 4.7769818306e+00
1.5526474657e+08 3.2235885620e+02 4.9330554008e+00
1.5526484657e+08 3.2519445801e+02 4.0686135292e+00
1.5526494657e+08 3.2506607056e+02 5.0074520111e+00
1.5526504657e+08 3.1961453247e+02 4.6523795128e+00
1.5526514657e+08 3.1820312500e+02 4.1972398758e+00
1.5526524657e+08 3.2423822021e+02 4.9616646767e+00
1.5526534657e+08 3.2090942383e+02 4.2389183044e+00
1.5526544657e+08 3.1425454712e+02 4.5798335075e+00
1.5526554657e+08 3.1345791626e+02 5.5981035233e+00
1.5526564657e+08 3.2041394043e+02 4.0382318497e+00
1.5526574657e+08 3.1355374146e+02 4.9086546898e+00
1.5526584657e+08 3.1904922485e+02 4.2259240150e+00
1.5526594657e+08 3.2091577148e+02 4.6251702309e+00
1.5526604657e+08 3.1118515015e+02 4.8968853951e+00
1.5526614657e+08 3.1488360596e+02 4.0023813248e+00
1.5526624657e+08 3.3057226562e+02 5.0266098976e+00
1.5526634657e+08 3.1953912354e+02 4.0324201584e+00
1.5526644657e+08 3.1177844238e+02 4.8705987930e+00
1.5526654657e+08 3.0851513672e+02 4.5945105553e+00
1.5526664657e+08 3.1186303711e+02 4.1328721046e+00
1.5526674657e+08 3.2263397217e+02 4.9372110367e+00
1.5526684657e+08 3.1796862793e+02 4.0165333748e+00
1.5526694657e+08 3.1432205200e+02 4.9142780304e+00
1.5526704657e+08 3.1463949585e+02 3.9987571239e+00
1.5526714657e+08 3.2001071167e+02 4.9510183334e+00
1.5526724657e+08 3.1488842773e+02 3.9985933304e+00
1.5526734657e+08 3.1434243774e+02 4.9009799957e+00
1.5526744657e+08 3.1135528564e+02 4.2801871300e+00
1.5526754657e+08 3.1276812744e+02 4.4648241997e+00
1.5526764657e+08 3.1168112183e+02 4.8929858208e+00
1.5526774657e+08 3.0983038330e+02 3.9681985378e+00
1.5526784657e+08 3.0987344360e+02 4.8575530052e+00
1.5526794657e+08 3.1321658325e+02 3.9912075996e+00
1.5526804657e+08 3.1661196899e+02 4.9043641090e+00
1.5526814657e+08 3.1925271606e+02 4.0293831825e+00
1.5526824657e+08 3.1368478394e+02 4.8848891258e+00
1.5526834657e+08 3.2154602051e+02 4.8018531799e+00
1.5526844657e+08 3.1357876587e+02 4.0787215233e+00
1.5526854657e+08 3.2139385986e+02 4.9639539719e+00
1.5526864657e+08 3.1949670410e+02 4.0285363197e+00
1.5526874657e+08 3.1332391357e+02 4.9170513153e+00
1.5526884657e+08 3.1616461182e+02 4.0512413979e+00
1.5526894657e+08 3.0979360962e+02 4.8031740189e+00
1.5526904657e+08 3.2291406250e+02 4.7347092628e+00
1.5526914657e+08 3.1749765015e+02 4.1937775612e+00
1.5526924657e+08 3.0493112183e+02 4.8371725082e+00
1.5526934657e+08 3.1089547729e+02 3.9750986099e+00
1.5526944657e+08 3.1162097168e+02 4.8819065094e+00
1.5526954657e+08 3.1198907471e+02 3.9770028591e+00
1.5526964657e+08 3.1139010620e+02 4.8603878021e+00
1.5526974657e+08 3.1830148315e+02 4.7829542160e+00
1.5526984657e+08 3.1379418945e+02 4.0641856194e+00
1.5526994657e+08 3.1773144531e+02 4.9399781227e+00
1.5527004657e+08 3.1673999023e+02 4.0155196190e+00
1.5527014657e+08 3.2560446167e+02 4.9749855995e+00
1.5527024657e+08 3.1639102173e+02 4.3115777969e+00
1.5527034657e+08 3.2819815063e+02 4.5512332916e+00
1.5527044657e+08 3.1938351440e+02 6.8240456581e+00
