1.527580596630739868e+08 7.855268859859999964e+01 1.378966450699999902e+00 9.684979916000000522e-01
1.527581596630739868e+08 8.065895080570000175e+01 1.385328292799999916e+00 9.853538275000000013e-01
1.527582596630739868e+08 8.029410552980000659e+01 1.380284070999999946e+00 9.880792498999999562e-01
1.527583596630739868e+08 7.978687286379999932e+01 1.377069234799999986e+00 9.864270686999999649e-01
1.527584596630739868e+08 7.948197174070000415e+01 1.373444318800000064e+00 9.878513813000000532e-01
1.527585596630739868e+08 8.036139678959999344e+01 1.383486509299999945e+00 9.843344687999999731e-01
1.527586596630739868e+08 7.871304321290000416e+01 1.368146896400000090e+00 9.858852029000000350e-01
1.527587596630739868e+08 8.083759307859999410e+01 1.386353373499999986e+00 9.860764741999999972e-01
1.527588596630739868e+08 7.991138458250000554e+01 1.377987384799999937e+00 9.866503477000000411e-01
1.527589596630739868e+08 7.836963653559999443e+01 1.364240288700000026e+00 9.872137307999999667e-01
1.527590596630739868e+08 8.049465942380000172e+01 1.382506608999999997e+00 9.873649477999999480e-01
1.527591596630739868e+08 8.048633575440000243e+01 1.382771611199999917e+00 9.868844747999999667e-01
1.527592596630739868e+08 8.045835876460000691e+01 1.385566472999999910e+00 9.825654625999999947e-01
1.527593596630739868e+08 7.990587615970000002e+01 1.378712534900000009e+00 9.855448007999999538e-01
1.527594596630739868e+08 8.060598754880000172e+01 1.383602738400000032e+00 9.871646762000000352e-01
1.527595596630739868e+08 7.878212738039999863e+01 1.369347691500000019e+00 9.850206970999999534e-01
1.527596596630739868e+08 8.015711212159999377e+01 1.380174159999999928e+00 9.865506291000000205e-01
1.527597596630739868e+08 8.018675231929999825e+01 1.382119536400000070e+00 9.841392636000000360e-01
1.527598596630739868e+08 8.034730529789999309e+01 1.383244037599999920e+00 9.845070243000000332e-01
1.527599596630739868e+08 7.874443817140000590e+01 1.368485808400000003e+00 9.857899546999999707e-01
1.527600596630739868e+08 7.878787231450000661e+01 1.368207931499999974e+00 9.867343307000000507e-01
1.527601596630739868e+08 8.026978302000000554e+01 1.381295442599999923e+00 9.863340855000000129e-01
1.527602596630739868e+08 8.067322540279999998e+01 1.384756803499999966e+00 9.863419532999999628e-01
1.527603596630739868e+08 8.006963348390000590e+01 1.378667831400000043e+00 9.876284599000000330e-01
1.527604596630739868e+08 7.990371704099999306e+01 1.377855062499999894e+00 9.867451190999999566e-01
1.527605596630739868e+08 8.073395538329999965e+01 1.384983301199999906e+00 9.867615699999999768e-01
1.527606596630739868e+08 7.937933349610000278e+01 1.373723268500000039e+00 9.861751198999999524e-01
1.527607596630739868e+08 7.873847198490000210e+01 1.368382096299999962e+00 9.858646393000000119e-01
1.527608596630739868e+08 7.880998992920000035e+01 1.368179559699999936e+00 9.870523213999999879e-01
1.527609596630739868e+08 7.846455383299999653e+01 1.366513848299999889e+00 9.851230978999999666e-01
1.527610596630739868e+08 7.971112823490000210e+01 1.376582264899999908e+00 9.861879349000000072e-01
1.527611596630739868e+08 7.658427429200000347e+01 1.350459575699999970e+00 9.845131635999999631e-01
1.527612596630739868e+08 7.830780029299999967e+01 1.363577127499999930e+00 9.873945117000000327e-01
1.527613596630739868e+08 7.907745361329999412e+01 1.371170759199999978e+00 9.860857129000000221e-01
1.527614596630739868e+08 7.827892303470000002e+01 1.365768790199999971e+00 9.838652015000000084e-01
1.527615596630739868e+08 7.778785705570000175e+01 1.359478950500000005e+00 9.867609143000000138e-01
1.527616596630739868e+08 7.817975616459999344e+01 1.362794518500000107e+00 9.869124889000000511e-01
1.527617596630739868e+08 8.036157989500000554e+01 1.381443977400000023e+00 9.872496128000000093e-01
1.527618596630739868e+08 7.797294616700000347e+01 1.362505555200000051e+00 9.847192764000000098e-01
1.527619596630739868e+08 8.042663574220000555e+01 1.383175611500000013e+00 9.855765104000000498e-01
1.527620596630739868e+08 7.961783599849999860e+01 1.375176191300000017e+00 9.870490431999999759e-01
1.527621596630739868e+08 8.010219573969999374e+01 1.380047082899999999e+00 9.860562085999999837e-01
1.527622596630739868e+08 8.066675567629999932e+01 1.384237885499999932e+00 9.870023727000000191e-01
1.527623596630739868e+08 7.889151763920000349e+01 1.369388580300000102e+00 9.863294958999999640e-01
1.527624596630739868e+08 7.945877075200000661e+01 1.374480605100000030e+00 9.860744475999999592e-01
1.527625596630739868e+08 7.816936492920000035e+01 1.364064812699999907e+00 9.849442243999999569e-01
1.527626596630739868e+08 7.651902008060000071e+01 1.348680019399999930e+00 9.862718581999999623e-01
1.527627596630739868e+08 7.770935821529999998e+01 1.358522057500000102e+00 9.871543050000000097e-01
1.527628596630739868e+08 7.659807586670000035e+01 1.348398923900000046e+00 9.877025485000000549e-01
1.527629596630739868e+08 7.747554779050000207e+01 1.356508970299999950e+00 9.871073365000000432e-01
1.527630596630739868e+08 7.931571960450000347e+01 1.373445272399999917e+00 9.857837557999999945e-01
1.527631596630739868e+08 7.770091247560000625e+01 1.358789801599999958e+00 9.866580963000000093e-01
1.527632596630739868e+08 7.691048431400000140e+01 1.351179480599999927e+00 9.876533747000000307e-01
1.527633596630739868e+08 7.804091644289999863e+01 1.362653493899999901e+00 9.853637217999999809e-01
1.527634596630739868e+08 7.923266601560000311e+01 1.372624516499999947e+00 9.859294294999999542e-01
1.527635596630739868e+08 7.849348449709999898e+01 1.366396188700000014e+00 9.856560826000000386e-01
1.527636596630739868e+08 7.628495025629999304e+01 1.346018672000000027e+00 9.871467948000000048e-01
1.527637596630739868e+08 7.557169342039999549e+01 1.340547561599999993e+00 9.859157204999999813e-01
1.527638596630739868e+08 7.821192169190000243e+01 1.363148093199999966e+00 9.868063927000000346e-01
1.527639596630739868e+08 7.857720184330000279e+01 1.366818427999999974e+00 9.860978126999999649e-01
1.527640596630739868e+08 7.779824066160000484e+01 1.360491752599999993e+00 9.854238628999999472e-01
1.527641596630739868e+08 7.605268096919999721e+01 1.344644308099999908e+00 9.861541390000000407e-01
1.527642596630739868e+08 7.714336395259999790e+01 1.353600740399999891e+00 9.871031045999999476e-01
1.527643596630739868e+08 7.507127380369999514e+01 1.335880875600000017e+00 9.862418174999999509e-01
1.527644596630739868e+08 7.665708923340000069e+01 1.350274920499999975e+00 9.857188462999999512e-01
1.527645596630739868e+08 7.548229217530000312e+01 1.338330149699999971e+00 9.880152940999999966e-01
1.527646596630739868e+08 7.742706298829999412e+01 1.356283903100000021e+00 9.868171215000000052e-01
1.527647596630739868e+08 7.698513031010000418e+01 1.351865172399999926e+00 9.876093268000000203e-01
1.527648596630739868e+08 7.713433837889999722e+01 1.353859186200000009e+00 9.866107106000000515e-01
1.527649596630739868e+08 7.733603668210000137e+01 1.356772661199999952e+00 9.849470258000000422e-01
1.527650596630739868e+08 7.568046569819999547e+01 1.339949607799999942e+00 9.882162212999999751e-01
1.527651596630739868e+08 7.900869750980000106e+01 1.370596885699999934e+00 9.860535860000000374e-01
1.527652596630739868e+08 7.773485565190000557e+01 1.359383225400000006e+00 9.862273335000000252e-01
1.527653596630739868e+08 7.570715332029999445e+01 1.342950463300000008e+00 9.841516613999999885e-01
1.527654596630739868e+08 7.642478942869999514e+01 1.347228407900000091e+00 9.871811271000000554e-01
1.527655596630739868e+08 7.497527313230000345e+01 1.334806680700000081e+00 9.865666032000000030e-01
1.527656596630739868e+08 7.669113922120000382e+01 1.350455641699999987e+00 9.858925938999999472e-01
1.527657596630739868e+08 7.683757019040000102e+01 1.351986408199999934e+00 9.855394362999999602e-01
1.527658596630739868e+08 7.613562774659999377e+01 1.344430804299999949e+00 9.875432253000000493e-01
1.527659596630739868e+08 7.638180541990000449e+01 1.347308278100000090e+00 9.865089655000000013e-01
1.527660596630739868e+08 7.714564514159999931e+01 1.354057550400000087e+00 9.864661693999999814e-01
1.527661596630739868e+08 7.743479156489999582e+01 1.357669591899999917e+00 9.849019647000000210e-01
1.527662596630739868e+08 7.782029724119999514e+01 1.362336277999999901e+00 9.830356836000000431e-01
1.527663596630739868e+08 7.896508789060000311e+01 1.368811011300000047e+00 9.880826472999999499e-01
1.527664596630739868e+08 7.475925445560000071e+01 1.332651495899999983e+00 9.869084357999999835e-01
1.527665596630739868e+08 7.831723785399999826e+01 1.363948225999999986e+00 9.869761467000000010e-01
1.527666596630739868e+08 7.730842590330000519e+01 1.356914758699999890e+00 9.843890070999999908e-01
1.527667596630739868e+08 7.550089263920000349e+01 1.339291572600000091e+00 9.868403673000000209e-01
1.527668596630739868e+08 7.481217956540000102e+01 1.332959771200000088e+00 9.871504306999999701e-01
1.527669596630739868e+08 7.711654663090000383e+01 1.353964090300000089e+00 9.862303138000000358e-01
1.527670596630739868e+08 7.966839599610000278e+01 1.375844359400000050e+00 9.867168665000000116e-01
1.527671596630739868e+08 7.881661987299999339e+01 1.368707179999999912e+00 9.863744378000000035e-01
1.527672596630739868e+08 7.727232360840000069e+01 1.355654835700000005e+00 9.857591391000000147e-01
1.527673596630739868e+08 7.890438079829999651e+01 1.369818210600000086e+00 9.858716130000000355e-01
1.527674596630739868e+08 7.622347259519999341e+01 1.345772266400000028e+00 9.867126346000000270e-01
1.527675596630739868e+08 7.632984924320000175e+01 1.346391797099999899e+00 9.871804713999999814e-01
1.527676596630739868e+08 7.873070526120000068e+01 1.368040680900000083e+00 9.862596393000000461e-01
1.527677596630739868e+08 7.766175842289999309e+01 1.357689857500000041e+00 9.877594113000000009e-01
1.527678596630739868e+08 7.927782440190000557e+01 1.374232053799999909e+00 9.841848015999999921e-01
1.527679596630739868e+08 7.776818847660000245e+01 1.359550476099999905e+00 9.864075183999999608e-01
1.527680596630739868e+08 7.807955932619999828e+01 1.362290382400000111e+00 9.863773583999999595e-01
1.527681596630739868e+08 7.622788238530000626e+01 1.346059918399999944e+00 9.863480329999999574e-01
1.527682596630739868e+08 7.711728668210000137e+01 1.353768467899999939e+00 9.865248799000000401e-01
1.527683596630739868e+08 7.740811157230000106e+01 1.355536103199999953e+00 9.876644015000000110e-01
1.527684596630739868e+08 7.515611267090000069e+01 1.337178826299999956e+00 9.854404925999999953e-01
1.527685596630739868e+08 7.726756286619999514e+01 1.354945898099999990e+00 9.867301582999999932e-01
1.527686596630739868e+08 7.736226654050000207e+01 1.356815218900000009e+00 9.852192401999999571e-01
1.527687596630739868e+08 7.622273254389999408e+01 1.346388816799999999e+00 9.857994914000000053e-01
1.527688596630739868e+08 7.542649078370000382e+01 1.338182330099999984e+00 9.875029922000000404e-01
1.527689596630739868e+08 7.495265197749999686e+01 1.335462570200000032e+00 9.853003621000000489e-01
1.527690596630739868e+08 7.502669525150000140e+01 1.335299014999999923e+00 9.865153432000000056e-01
1.527691596630739868e+08 7.599225616459999344e+01 1.343366026900000065e+00 9.872468114000000350e-01
1.527692596630739868e+08 7.675397491459999344e+01 1.350097656199999996e+00 9.872236848000000009e-01
1.527693596630739868e+08 7.554450988770000208e+01 1.339643836000000032e+00 9.868912101000000270e-01
1.527694596630739868e+08 7.696705627439999375e+01 1.351964712100000021e+00 9.872320293999999885e-01
1.527695596630739868e+08 7.581284332280000626e+01 1.341872692099999931e+00 9.871091843000000532e-01
1.527696596630739868e+08 7.487877655030000312e+01 1.333299994499999919e+00 9.875249267000000275e-01
1.527697596630739868e+08 7.498721313480000106e+01 1.334596395499999977e+00 9.870347380999999753e-01
1.527698596630739868e+08 7.533415222169999481e+01 1.338230133099999941e+00 9.862236381000000218e-01
1.527699596630739868e+08 7.879717254640000590e+01 1.367750883100000037e+00 9.875105023000000370e-01
1.527700596630739868e+08 7.524090576170000588e+01 1.335730910299999907e+00 9.886922836000000547e-01
1.527701596630739868e+08 7.563020324709999898e+01 1.342853665400000063e+00 9.832931161000000309e-01
1.527702596630739868e+08 7.481185913090000383e+01 1.332742452600000016e+00 9.874680042000000268e-01
1.527703596630739868e+08 7.819250488279999445e+01 1.364053368600000038e+00 9.852524400000000071e-01
1.527704596630739868e+08 7.867287445069999308e+01 1.367035746600000046e+00 9.869846105999999786e-01
1.527705596630739868e+08 7.531392669679999585e+01 1.337659716599999937e+00 9.867997765999999560e-01
1.527706596630739868e+08 7.732103729249999446e+01 1.356509447100000099e+00 9.851381182999999764e-01
1.527707596630739868e+08 7.532889556879999304e+01 1.337714672099999946e+00 9.869149326999999694e-01
1.527708596630739868e+08 7.769912719730000106e+01 1.359590292000000034e+00 9.854738711999999623e-01
1.527709596630739868e+08 7.562976837159999377e+01 1.340102672600000044e+00 9.873286486000000250e-01
1.527710596630739868e+08 7.659925079350000487e+01 1.349255919500000012e+00 9.864631890999999708e-01
1.527711596630739868e+08 7.834724426270000208e+01 1.364057064100000050e+00 9.871966839000000382e-01
1.527712596630739868e+08 7.539514160160000245e+01 1.338679909699999948e+00 9.863588213999999743e-01
1.527713596630739868e+08 7.978647613530000626e+01 1.377472758299999933e+00 9.858442545000000168e-01
1.527714596630739868e+08 7.684024810789999549e+01 1.351197242700000078e+00 9.867255092000000172e-01
1.527715596630739868e+08 7.718333435060000625e+01 1.354928016699999960e+00 9.856806396999999720e-01
1.527716596630739868e+08 7.752132415769999341e+01 1.356479048700000023e+00 9.877341986000000018e-01
1.527717596630739868e+08 7.650386047359999964e+01 1.348412871400000101e+00 9.864673017999999738e-01
1.527718596630739868e+08 7.607278442380000172e+01 1.344159603100000044e+00 9.871262908000000280e-01
1.527719596630739868e+08 7.715995025629999304e+01 1.353891730299999985e+00 9.868909716999999526e-01
1.527720596630739868e+08 7.733632659910000484e+01 1.355943203000000041e+00 9.861559868000000506e-01
1.527721596630739868e+08 7.628916931150000380e+01 1.347352147100000064e+00 9.852483273000000041e-01
1.527722596630739868e+08 8.060723876950000033e+01 1.383013009999999987e+00 9.880219698000000106e-01
1.527723596630739868e+08 7.921260833739999896e+01 1.371248722100000039e+00 9.876588582999999977e-01
1.527724596630739868e+08 7.553573608400000694e+01 1.340331435199999977e+00 9.857643843000000183e-01
1.527725596630739868e+08 7.604679107670000349e+01 1.344329953199999927e+00 9.865388273999999846e-01
1.527726596630739868e+08 7.745905303959999344e+01 1.356844305999999944e+00 9.864095448999999904e-01
1.527727596630739868e+08 7.737638854979999792e+01 1.354772806199999957e+00 9.883723259000000150e-01
1.527728596630739868e+08 7.909267425539999863e+01 1.370610713999999897e+00 9.870816468999999982e-01
1.527729596630739868e+08 7.469528198240000449e+01 1.331934452100000055e+00 9.871259331999999720e-01
1.527730596630739868e+08 7.710928344730000106e+01 1.354672074300000029e+00 9.851070642000000488e-01
1.527731596630739868e+08 7.685577392579999412e+01 1.351888299000000071e+00 9.859160781000000373e-01
1.527732596630739868e+08 7.733665466310000625e+01 1.354908108699999891e+00 9.876675606000000496e-01
1.527733596630739868e+08 7.805874633790000416e+01 1.361719846700000014e+00 9.869407414999999961e-01
1.527734596630739868e+08 7.661911010740000449e+01 1.348769187900000111e+00 9.874314069999999832e-01
1.527735596630739868e+08 7.848681640620000621e+01 1.365039706199999925e+00 9.875320791999999681e-01
1.527736596630739868e+08 7.707740783689999375e+01 1.353694319699999982e+00 9.861227870000000006e-01
1.527737596630739868e+08 7.608277893070000175e+01 1.345597147899999957e+00 9.851477145999999463e-01
1.527738596630739868e+08 7.837453460689999929e+01 1.365774750699999984e+00 9.850581287999999880e-01
1.527739596630739868e+08 7.766501617430000692e+01 1.360243439700000057e+00 9.840955138000000435e-01
1.527740596630739868e+08 7.773810577390000276e+01 1.359232187299999950e+00 9.864877462000000152e-01
1.527741596630739868e+08 7.883039855959999898e+01 1.368327617600000101e+00 9.870942234999999787e-01
1.527742596630739868e+08 7.924590301509999790e+01 1.371824979799999955e+00 9.872438907999999680e-01
1.527743596630739868e+08 8.031764221189999375e+01 1.382323622699999977e+00 9.854544996999999862e-01
1.527744596630739868e+08 7.810982513429999585e+01 1.364897370300000023e+00 9.829937220000000142e-01
1.527745596630739868e+08 7.621407318120000696e+01 1.346025824500000079e+00 9.862191676999999546e-01
1.527746596630739868e+08 7.907990264890000276e+01 1.370183706299999971e+00 9.875374435999999534e-01
1.527747596630739868e+08 7.880306243900000140e+01 1.368471741700000077e+00 9.865441322000000346e-01
1.527748596630739868e+08 7.802341461180000692e+01 1.361932754499999954e+00 9.861856699000000059e-01
1.527749596630739868e+08 7.971081542970000555e+01 1.376371622099999970e+00 9.864859580999999489e-01
1.527750596630739868e+08 7.721495056150000380e+01 1.356528401400000083e+00 9.837589860000000019e-01
1.527751596630739868e+08 7.817215728760000104e+01 1.362248182300000110e+00 9.876081944000000279e-01
1.527752596630739868e+08 7.969090271000000314e+01 1.376643657700000078e+00 9.858497977000000301e-01
1.527753596630739868e+08 7.891179656980000345e+01 1.370980262800000071e+00 9.842934608000000196e-01
1.527754596630739868e+08 7.841045379640000590e+01 1.365364670800000013e+00 9.861018061999999862e-01
1.527755596630739868e+08 8.049384307859999410e+01 1.382696509400000107e+00 9.870837330999999715e-01
1.527756596630739868e+08 7.729096221919999721e+01 1.355773210499999992e+00 9.858247042000000127e-01
1.527757596630739868e+08 7.865712738039999863e+01 1.367174982999999955e+00 9.865860938999999608e-01
1.527758596630739868e+08 7.915519714360000592e+01 1.371488332700000035e+00 9.865981339999999600e-01
1.527759596630739868e+08 7.896945190430000139e+01 1.371361136400000014e+00 9.844654798999999956e-01
1.527760596630739868e+08 7.892417907710000691e+01 1.370368361499999965e+00 9.853272438000000299e-01
1.527761596630739868e+08 8.052928924559999757e+01 1.383305430400000091e+00 9.866492152000000404e-01
1.527762596630739868e+08 7.974673461909999617e+01 1.376376509700000028e+00 9.869235158000000396e-01
1.527763596630739868e+08 8.075743103029999759e+01 1.385182261500000012e+00 9.867650270000000168e-01
1.527764596630739868e+08 7.757133483890000036e+01 1.357354164099999982e+00 9.870973825000000090e-01
1.527765596630739868e+08 7.971656036379999932e+01 1.377292394599999970e+00 9.852383732999999699e-01
1.527766596630739868e+08 8.148204803470000002e+01 1.391686797099999984e+00 9.863339066999999849e-01
1.527767596630739868e+08 7.881431579590000069e+01 1.370114088100000016e+00 9.843209981999999636e-01
1.527768596630739868e+08 8.150568389890000276e+01 1.392293691599999939e+00 9.857602118999999607e-01
1.527769596630739868e+08 8.022506713869999828e+01 1.379709124599999948e+00 9.880527853999999666e-01
1.527770596630739868e+08 8.147653961180000692e+01 1.391187071799999897e+00 9.869760870999999547e-01
1.527771596630739868e+08 7.989078521730000659e+01 1.377222657199999922e+00 9.874916673000000422e-01
1.527772596630739868e+08 8.429128265379999618e+01 1.416110277200000045e+00 9.854477047999999906e-01
1.527773596630739868e+08 8.120880889890000276e+01 1.389454126399999989e+00 9.861882329000000169e-01
1.527774596630739868e+08 8.389897155760000658e+01 1.411912441299999932e+00 9.867023230000000478e-01
1.527775596630739868e+08 8.015745544429999825e+01 1.380384683599999995e+00 9.862538575999999502e-01
1.527776596630739868e+08 8.288650512700000661e+01 1.403848171199999939e+00 9.860265850999999637e-01
1.527777596630739868e+08 8.166100311280000312e+01 1.393727302600000106e+00 9.856078624999999871e-01
1.527778596630739868e+08 8.131339263920000349e+01 1.390429735199999906e+00 9.860730766999999952e-01
1.527779596630739868e+08 8.308489990229999478e+01 1.404993295699999978e+00 9.867761135000000516e-01
1.527780596630739868e+08 8.209332275389999722e+01 1.396839976299999897e+00 9.864148498000000487e-01
1.527781596630739868e+08 8.305592346189999375e+01 1.405307292899999894e+00 9.859912395000000052e-01
1.527782596630739868e+08 8.164259338380000486e+01 1.393007397699999927e+00 9.864044785000000148e-01
1.527783596630739868e+08 8.193834686280000312e+01 1.396225690799999919e+00 9.854192137999999712e-01
1.527784596630739868e+08 8.477026367189999689e+01 1.419159293199999894e+00 9.867936968999999614e-01
1.527785596630739868e+08 8.218281555180000453e+01 1.398160457599999962e+00 9.856258630999999992e-01
1.527786596630739868e+08 8.063966369630000486e+01 1.384588718400000085e+00 9.861709476000000141e-01
1.527787596630739868e+08 8.328393554689999689e+01 1.406550288200000054e+00 9.869514108000000396e-01
1.527788596630739868e+08 8.019665527339999755e+01 1.380650401100000035e+00 9.863564968000000377e-01
1.527789596630739868e+08 8.209785461430000453e+01 1.396108984899999905e+00 9.875026344999999761e-01
1.527790596630739868e+08 8.313461303709999584e+01 1.407041668900000042e+00 9.844939112999999686e-01
1.527791596630739868e+08 8.408950805659999617e+01 1.413718342799999972e+00 9.864182472000000423e-01
1.527792596630739868e+08 8.399138641359999724e+01 1.413667798000000086e+00 9.853376150000000555e-01
1.527793596630739868e+08 8.373329925539999863e+01 1.410523295399999988e+00 9.866946340000000149e-01
1.527794596630739868e+08 8.267385864259999551e+01 1.401654601099999953e+00 9.865776896000000296e-01
1.527795596630739868e+08 8.442137908940000557e+01 1.417495965999999941e+00 9.850399493999999478e-01
1.527796596630739868e+08 8.398899841310000625e+01 1.414629936200000104e+00 9.839698672000000146e-01
1.527797596630739868e+08 8.186878204350000487e+01 1.393826603900000016e+00 9.879748225000000161e-01
1.527798596630739868e+08 8.398136901860000592e+01 1.415907978999999983e+00 9.821051359000000369e-01
1.527799596630739868e+08 8.522966766359999724e+01 1.422867894199999927e+00 9.869763255000000290e-01
1.527800596630739868e+08 8.292082977290000656e+01 1.771101117099999955e+00 6.197577714999999987e-01
1.527801596630739868e+08 8.604802703859999724e+01 2.331590890899999824e+00 3.710917234000000176e-01
1.527802596630739868e+08 nan nan 0.000000000000000000e+00
1.527803596630739868e+08 8.213824462889999722e+01 1.714939117399999935e+00 6.547765135999999986e-01
1.527804596630739868e+08 8.582847595210000691e+01 1.429085850699999938e+00 9.852803946000000535e-01
1.527805596630739868e+08 8.523567199709999898e+01 1.423761963800000085e+00 9.858065844000000189e-01
1.527806596630739868e+08 8.104388427729999478e+01 1.387851595899999957e+00 9.864594340000000239e-01
1.527807596630739868e+08 8.554528808589999755e+01 1.426349282299999910e+00 9.858013391000000070e-01
1.527808596630739868e+08 8.283609008790000416e+01 1.404203295699999909e+00 9.849285482999999841e-01
1.527809596630739868e+08 8.227323913569999547e+01 1.398283004799999896e+00 9.865373968999999743e-01
1.527810596630739868e+08 8.136338043210000137e+01 1.390065550799999938e+00 9.871962069999999922e-01
1.527811596630739868e+08 8.520710754389999408e+01 1.423682093600000087e+00 9.855867028000000474e-01
1.527812596630739868e+08 8.484846496580000519e+01 1.420468449599999960e+00 9.858842491999999513e-01
1.527813596630739868e+08 8.613500976560000311e+01 1.430427312900000025e+00 9.869455098999999620e-01
1.527814596630739868e+08 nan nan 0.000000000000000000e+00
