1.551720283961000144e+08 2.770460815430000139e+02 1.720683574699999996e+00 9.877755642000000114e-01
1.551721283961000144e+08 2.797987670897999806e+02 1.960521459600000016e+00 7.684416174999999516e-01
1.551722283961000144e+08 2.859697570801000097e+02 1.970004677799999993e+00 7.778465152000000327e-01
1.551723283961000144e+08 nan nan 0.000000000000000000e+00
1.551724283961000144e+08 nan nan 0.000000000000000000e+00
1.551725283961000144e+08 nan nan 0.000000000000000000e+00
1.551726283961000144e+08 nan nan 0.000000000000000000e+00
1.551727283961000144e+08 nan nan 0.000000000000000000e+00
1.551728283961000144e+08 nan nan 0.000000000000000000e+00
1.551729283961000144e+08 nan nan 0.000000000000000000e+00
1.551730283961000144e+08 nan nan 0.000000000000000000e+00
1.551731283961000144e+08 2.803652038573999903e+02 1.735283970800000075e+00 9.828590751000000347e-01
1.551732283961000144e+08 nan nan 0.000000000000000000e+00
1.551733283961000144e+08 2.818640747069999861e+02 1.955080747600000057e+00 7.784283160999999618e-01
1.551734283961000144e+08 2.764368591309000180e+02 1.929589629200000100e+00 7.837441563999999472e-01
1.551735283961000144e+08 2.763566284180000139e+02 1.949317812899999947e+00 7.677376865999999689e-01
1.551736283961000144e+08 2.792521972655999889e+02 1.945453405399999891e+00 7.788668275000000252e-01
1.551737283961000144e+08 2.749438171387000125e+02 1.931059479700000026e+00 7.783249616999999843e-01
1.551738283961000144e+08 2.777703857422000056e+02 1.937906861299999894e+00 7.807796596999999617e-01
1.551739283961000144e+08 2.749854431151999847e+02 1.747816204999999901e+00 9.502249955999999553e-01
1.551740283961000144e+08 2.789234924315999820e+02 2.043080329899999992e+00 7.053790091999999623e-01
1.551741283961000144e+08 2.778354187012000125e+02 1.844383359000000056e+00 8.621711134999999748e-01
1.551742283961000144e+08 2.788070068358999833e+02 1.887843131999999979e+00 8.258100748000000157e-01
1.551743283961000144e+08 2.796651611327999944e+02 1.944464922000000096e+00 7.808119059000000473e-01
1.551744283961000144e+08 2.749410705565999820e+02 1.928331136700000004e+00 7.805212139999999632e-01
1.551745283961000144e+08 2.774098510741999917e+02 1.936428427699999899e+00 7.809572219999999509e-01
1.551746283961000144e+08 2.785072021483999833e+02 1.938899278600000109e+00 7.820494770999999457e-01
1.551747283961000144e+08 2.767310485840000069e+02 1.936129212400000021e+00 7.792871594000000401e-01
1.551748283961000144e+08 2.770751342772999806e+02 1.836102724100000083e+00 8.675847053999999892e-01
1.551749283961000144e+08 2.785146484375000000e+02 1.802202463199999993e+00 9.052096009000000221e-01
1.551750283961000144e+08 2.773084106444999861e+02 1.930927872700000103e+00 7.851257324000000537e-01
1.551751283961000144e+08 2.746918640137000125e+02 1.928529024099999933e+00 7.796536684000000550e-01
1.551752283961000144e+08 2.745243530272999806e+02 1.924272894900000086e+00 7.826288939000000111e-01
1.551753283961000144e+08 2.764581298827999944e+02 1.929737925500000006e+00 7.836839557000000456e-01
1.551754283961000144e+08 2.744602966309000180e+02 1.926333665800000094e+00 7.807730435999999941e-01
1.551755283961000144e+08 2.730357055663999972e+02 1.818985462199999903e+00 8.711026310999999689e-01
1.551756283961000144e+08 2.813240661620999958e+02 1.816923379899999969e+00 8.995844125999999941e-01
1.551757283961000144e+08 2.734667053223000153e+02 1.919170856500000077e+00 7.837642431000000354e-01
1.551758283961000144e+08 2.741529541016000167e+02 1.924271345099999975e+00 7.815713286000000037e-01
1.551759283961000144e+08 2.752890930176000097e+02 1.929017305399999938e+00 7.809532285000000407e-01
1.551760283961000144e+08 2.736123046875000000e+02 1.745695233299999982e+00 9.477790593999999569e-01
1.551761283961000144e+08 2.757716979979999792e+02 1.879655003499999921e+00 8.239516615999999960e-01
1.551762283961000144e+08 2.714122009276999847e+02 1.918982267400000108e+00 7.780289649999999613e-01
1.551763283961000144e+08 2.707603149413999972e+02 1.921639680900000036e+00 7.740150690000000555e-01
1.551764283961000144e+08 2.761185302733999833e+02 1.926007509199999967e+00 7.857564092000000056e-01
1.551765283961000144e+08 2.741315917969000111e+02 1.747444152799999983e+00 9.476780295000000187e-01
1.551766283961000144e+08 2.705463256836000028e+02 1.861679673200000051e+00 8.240242599999999529e-01
1.551767283961000144e+08 2.738703613280999889e+02 1.919028758999999917e+00 7.850373982999999667e-01
1.551768283961000144e+08 2.725079956055000139e+02 1.917074918700000019e+00 7.827253342000000114e-01
1.551769283961000144e+08 2.713388977051000097e+02 1.777066349999999906e+00 9.070119857999999757e-01
1.551770283961000144e+08 2.734392395020000208e+02 1.829076170900000076e+00 8.627908826000000309e-01
1.551771283961000144e+08 2.764168090819999861e+02 1.930014014199999961e+00 7.833427787000000198e-01
1.551772283961000144e+08 2.767256469727000194e+02 1.932924389799999920e+00 7.818582057999999835e-01
1.551773283961000144e+08 2.735211791991999917e+02 1.937869429600000082e+00 7.688652873000000332e-01
1.551774283961000144e+08 2.712164611815999820e+02 1.859785795200000091e+00 8.277486563000000519e-01
1.551775283961000144e+08 2.725427856444999861e+02 1.788098216100000082e+00 8.998295068999999646e-01
1.551776283961000144e+08 2.673442382811999778e+02 1.851474762000000052e+00 8.232723475000000013e-01
1.551777283961000144e+08 2.700413513184000180e+02 1.912687063199999926e+00 7.792031765000000387e-01
1.551778283961000144e+08 2.706043395995999958e+02 1.912553429599999966e+00 7.809368371999999558e-01
1.551779283961000144e+08 2.720995788573999903e+02 1.914533376699999900e+00 7.836286425999999805e-01
1.551780283961000144e+08 2.730863647461000028e+02 1.779602408399999947e+00 9.102534056000000096e-01
1.551781283961000144e+08 2.715114135741999917e+02 1.864044785499999968e+00 8.248665333000000377e-01
1.551782283961000144e+08 2.705985717772999806e+02 1.861730694800000085e+00 8.241382241000000386e-01
1.551783283961000144e+08 2.709398193358999833e+02 1.911680579200000007e+00 7.826192378999999866e-01
1.551784283961000144e+08 2.744436340331999986e+02 1.923659801499999933e+00 7.828974723999999608e-01
1.551785283961000144e+08 2.720588989258000083e+02 1.922161698300000054e+00 7.773048282000000198e-01
1.551786283961000144e+08 2.700292968750000000e+02 1.698599934600000028e+00 9.879546761999999926e-01
1.551787283961000144e+08 2.664583129883000083e+02 1.903807878500000106e+00 7.760528921999999552e-01
1.551788283961000144e+08 2.660914001465000069e+02 1.894476771399999926e+00 7.826372981000000451e-01
1.551789283961000144e+08 2.671714172362999875e+02 1.897746324499999915e+00 7.831085324000000014e-01
1.551790283961000144e+08 2.713860778809000180e+02 1.702224612199999987e+00 9.886944890000000097e-01
1.551791283961000144e+08 2.665547790526999847e+02 1.899799466099999945e+00 7.796133756999999997e-01
1.551792283961000144e+08 2.680174865723000153e+02 1.909157872199999995e+00 7.762252092000000436e-01
1.551793283961000144e+08 2.673955688477000194e+02 1.898572444900000100e+00 7.830836772999999473e-01
1.551794283961000144e+08 2.679264526366999917e+02 1.693127870599999918e+00 9.866073727999999932e-01
1.551795283961000144e+08 2.684261474608999833e+02 1.901628375100000046e+00 7.835772037999999551e-01
1.551796283961000144e+08 2.671292114258000083e+02 1.896251082400000065e+00 7.842201590999999805e-01
1.551797283961000144e+08 2.668764343262000125e+02 1.901512384399999922e+00 7.791484593999999930e-01
1.551798283961000144e+08 2.691689147948999903e+02 1.697221994399999989e+00 9.864065051000000528e-01
1.551799283961000144e+08 2.687170410155999889e+02 2.023175716399999935e+00 6.930049061999999926e-01
1.551800283961000144e+08 2.666010742188000222e+02 1.805277824400000064e+00 8.635393381000000534e-01
1.551801283961000144e+08 2.672319030762000125e+02 1.900959491699999893e+00 7.806401253000000429e-01
1.551802283961000144e+08 2.666979370116999917e+02 1.799181580499999988e+00 8.697170019000000085e-01
1.551803283961000144e+08 2.604038391112999875e+02 1.745084762599999895e+00 9.026567340000000161e-01
1.551804283961000144e+08 2.642467346190999820e+02 1.886851072300000043e+00 7.835066319000000279e-01
1.551805283961000144e+08 2.643627624512000125e+02 1.889607310299999954e+00 7.815656065999999624e-01
1.551806283961000144e+08 2.652362365723000153e+02 1.888771295500000003e+00 7.848422526999999649e-01
1.551807283961000144e+08 2.631639709473000153e+02 1.676543831800000106e+00 9.883366823000000467e-01
1.551808283961000144e+08 2.664895935059000180e+02 1.897744893999999904e+00 7.811112999999999529e-01
1.551809283961000144e+08 2.624786071776999847e+02 1.881289124500000076e+00 7.828726172000000094e-01
1.551810283961000144e+08 2.602625732422000056e+02 1.675456166300000049e+00 9.787096381000000012e-01
1.551811283961000144e+08 2.623217163086000028e+02 1.882486939399999892e+00 7.814092635999999592e-01
1.551812283961000144e+08 2.607181701659999931e+02 1.876398682600000090e+00 7.816805839999999561e-01
1.551813283961000144e+08 2.620856628418000014e+02 1.749026656200000085e+00 9.043961763000000209e-01
1.551814283961000144e+08 2.625252990723000153e+02 1.794082999200000028e+00 8.609825969000000079e-01
1.551815283961000144e+08 2.623222045897999806e+02 1.887649655299999951e+00 7.771422266999999939e-01
1.551816283961000144e+08 2.592993164061999778e+02 1.877453207999999929e+00 7.765536307999999499e-01
1.551817283961000144e+08 2.639366760254000042e+02 1.679592847799999955e+00 9.876430035000000052e-01
1.551818283961000144e+08 2.577919616698999903e+02 1.867371439900000096e+00 7.803981899999999916e-01
1.551819283961000144e+08 2.587032775879000042e+02 1.813687205299999938e+00 8.302051424999999929e-01
1.551820283961000144e+08 2.643174438477000194e+02 1.720997691200000013e+00 9.420491456999999791e-01
1.551821283961000144e+08 2.619305419922000056e+02 1.879873514200000040e+00 7.824150323999999879e-01
1.551822283961000144e+08 2.610666809081999986e+02 1.879637360600000084e+00 7.800304890000000491e-01
1.551823283961000144e+08 2.594301147461000028e+02 1.664655923800000048e+00 9.882792830000000084e-01
1.551824283961000144e+08 2.640588989258000083e+02 1.888738513000000063e+00 7.813856005999999521e-01
1.551825283961000144e+08 2.590266418456999986e+02 1.877300262499999928e+00 7.758632897999999667e-01
1.551826283961000144e+08 2.593206787108999833e+02 1.670986056300000078e+00 9.803920388000000319e-01
1.551827283961000144e+08 2.616047058104999792e+02 1.877003312100000043e+00 7.838334440999999986e-01
1.551828283961000144e+08 2.629051208495999958e+02 1.885024189899999980e+00 7.810403704999999697e-01
1.551829283961000144e+08 2.597152709961000028e+02 1.874528646499999951e+00 7.802280783999999692e-01
1.551830283961000144e+08 2.653312072754000042e+02 1.842933297200000098e+00 8.246646522999999673e-01
1.551831283961000144e+08 2.635545349120999958e+02 1.722836255999999899e+00 9.373262525000000123e-01
1.551832283961000144e+08 2.623194580077999944e+02 1.879810452499999895e+00 7.836292982000000462e-01
1.551833283961000144e+08 2.613862609862999875e+02 1.876789212200000057e+00 7.833576798000000396e-01
1.551834283961000144e+08 2.627783813477000194e+02 1.881023407000000036e+00 7.839881182000000281e-01
1.551835283961000144e+08 2.631209106444999861e+02 1.676201343500000052e+00 9.885787367999999686e-01
1.551836283961000144e+08 2.632312927245999958e+02 1.883879542400000107e+00 7.829599977000000210e-01
1.551837283961000144e+08 2.673229675293000014e+02 1.909206271199999971e+00 7.741745114000000427e-01
1.551838283961000144e+08 2.620180358887000125e+02 1.885656356799999989e+00 7.778832315999999469e-01
1.551839283961000144e+08 2.671772460938000222e+02 1.689067959800000018e+00 9.885838032000000553e-01
1.551840283961000144e+08 2.654852600098000153e+02 1.890688538600000079e+00 7.839867472999999531e-01
1.551841283961000144e+08 2.595840759276999847e+02 1.873386740699999997e+00 7.807850241999999552e-01
1.551842283961000144e+08 2.665228271483999833e+02 1.755797028499999968e+00 9.126285911000000528e-01
1.551843283961000144e+08 2.647723388672000056e+02 1.802173376100000057e+00 8.605730534000000098e-01
1.551844283961000144e+08 2.653148193358999833e+02 1.897236466400000099e+00 7.780846356999999713e-01
1.551845283961000144e+08 2.670104064940999820e+02 1.900008916900000067e+00 7.807737589000000034e-01
1.551846283961000144e+08 2.648109130858999833e+02 1.681517124199999991e+00 9.886477590000000149e-01
1.551847283961000144e+08 2.657659606934000180e+02 1.894562244400000095e+00 7.816096543999999646e-01
1.551848283961000144e+08 2.632270812987999875e+02 1.898787975300000097e+00 7.707009912000000185e-01
1.551849283961000144e+08 2.659670715331999986e+02 1.893975734699999913e+00 7.826856374999999755e-01
1.551850283961000144e+08 2.617412414551000097e+02 1.671828270000000005e+00 9.885466098999999840e-01
1.551851283961000144e+08 2.614128723145000208e+02 1.879112601299999907e+00 7.815011739999999651e-01
1.551852283961000144e+08 2.640095825194999861e+02 1.885734677300000106e+00 7.837306260999999941e-01
1.551853283961000144e+08 2.666155090331999986e+02 1.895663619000000022e+00 7.831972241000000334e-01
1.551854283961000144e+08 2.614409790038999972e+02 1.705779671700000000e+00 9.484973549999999864e-01
1.551855283961000144e+08 2.659021606444999861e+02 1.846453785900000089e+00 8.232908844999999864e-01
1.551856283961000144e+08 2.657928161620999958e+02 1.892398953400000083e+00 7.834767699000000363e-01
1.551857283961000144e+08 2.645108337401999847e+02 1.890714049300000088e+00 7.810881734000000298e-01
1.551858283961000144e+08 2.611007385254000042e+02 1.670089364100000084e+00 9.881820083000000254e-01
1.551859283961000144e+08 2.711272888184000180e+02 1.914147138599999964e+00 7.811436653000000119e-01
1.551860283961000144e+08 2.621809082030999889e+02 1.879928111999999985e+00 7.831173539000000350e-01
1.551861283961000144e+08 2.665031738280999889e+02 1.686762809800000040e+00 9.887868166000000070e-01
1.551862283961000144e+08 2.666455688477000194e+02 1.897893309599999911e+00 7.814462184999999561e-01
1.551863283961000144e+08 2.661960449219000111e+02 1.895029783200000040e+00 7.824882268999999724e-01
1.551864283961000144e+08 2.654047546387000125e+02 1.759887099299999980e+00 9.045808315000000155e-01
1.551865283961000144e+08 2.633200378418000014e+02 1.794367909400000016e+00 8.633149265999999766e-01
1.551866283961000144e+08 2.624237976073999903e+02 1.881621479999999957e+00 7.824327349999999903e-01
1.551867283961000144e+08 2.614902038573999903e+02 1.874590039299999900e+00 7.855088711000000057e-01
1.551868283961000144e+08 2.628702087401999847e+02 1.675760865200000005e+00 9.881561398999999524e-01
1.551869283961000144e+08 2.637554626465000069e+02 1.888017773599999893e+00 7.810837626000000089e-01
1.551870283961000144e+08 2.653534240723000153e+02 1.892294645300000022e+00 7.822678089000000279e-01
1.551871283961000144e+08 2.610876159668000014e+02 1.873148679700000097e+00 7.855070829000000421e-01
1.551872283961000144e+08 2.628933715819999861e+02 1.675670146899999935e+00 9.883502125999999999e-01
1.551873283961000144e+08 2.613184204102000194e+02 1.873166084299999978e+00 7.861867546999999901e-01
1.551874283961000144e+08 2.618991699219000111e+02 1.877039790200000002e+00 7.846852541000000070e-01
1.551875283961000144e+08 2.666796875000000000e+02 1.730373382600000065e+00 9.401963353000000190e-01
1.551876283961000144e+08 2.600473022461000028e+02 1.824500322300000033e+00 8.246558904999999884e-01
1.551877283961000144e+08 2.627001342772999806e+02 1.884668827100000055e+00 7.807257174999999716e-01
1.551878283961000144e+08 2.661226501465000069e+02 1.893835663800000013e+00 7.832593321999999914e-01
1.551879283961000144e+08 2.641938171387000125e+02 1.753825068500000084e+00 9.066891073999999717e-01
1.551880283961000144e+08 2.581979980469000111e+02 1.776119947400000010e+00 8.640056848999999595e-01
1.551881283961000144e+08 2.625363769530999889e+02 1.888115763699999894e+00 7.773928046000000425e-01
1.551882283961000144e+08 2.599522094727000194e+02 1.876189947100000088e+00 7.795575260999999534e-01
1.551883283961000144e+08 2.600088195801000097e+02 1.666209697700000048e+00 9.886373877999999893e-01
1.551884283961000144e+08 2.591657409668000014e+02 1.874668717400000073e+00 7.784609795000000387e-01
1.551885283961000144e+08 2.629767456055000139e+02 1.882684588400000081e+00 7.831960319999999864e-01
1.551886283961000144e+08 2.617991638184000180e+02 1.749180197700000106e+00 9.032489060999999708e-01
1.551887283961000144e+08 2.612038574219000111e+02 1.786931037900000074e+00 8.635197282000000030e-01
1.551888283961000144e+08 2.610467529297000056e+02 1.874109983399999901e+00 7.845786214000000092e-01
1.551889283961000144e+08 2.640289306641000167e+02 1.791602253900000052e+00 8.683136106000000076e-01
1.551890283961000144e+08 2.633607482909999931e+02 1.756988167799999889e+00 9.005786776999999965e-01
1.551891283961000144e+08 2.595738830565999820e+02 1.870053052899999901e+00 7.835404276999999862e-01
1.551892283961000144e+08 2.616168518065999820e+02 1.823745131499999950e+00 8.303204775000000426e-01
1.551893283961000144e+08 2.659922485352000194e+02 1.728060483899999999e+00 9.402847290000000413e-01
1.551894283961000144e+08 2.667111206055000139e+02 1.895289778700000038e+00 7.837871909000000414e-01
1.551895283961000144e+08 2.631182861327999944e+02 1.891078591299999889e+00 7.766765356000000509e-01
1.551896283961000144e+08 2.639880065918000014e+02 1.895421266600000099e+00 7.756772040999999618e-01
1.551897283961000144e+08 2.592370605469000111e+02 1.663691401499999944e+00 9.886894226000000341e-01
1.551898283961000144e+08 2.644272460938000222e+02 1.892875075300000098e+00 7.790595292999999977e-01
1.551899283961000144e+08 2.628774719237999875e+02 1.890813469900000099e+00 7.761833071999999500e-01
1.551900283961000144e+08 2.629471130370999958e+02 1.831683754900000016e+00 8.273241519999999793e-01
1.551901283961000144e+08 2.633605346680000139e+02 1.719915389999999933e+00 9.398204087999999512e-01
1.551902283961000144e+08 2.636388854979999792e+02 1.898255229000000099e+00 7.723399997000000017e-01
1.551903283961000144e+08 2.607362060547000056e+02 1.824981927899999912e+00 8.264041543000000267e-01
1.551904283961000144e+08 2.620557250977000194e+02 1.714871525800000018e+00 9.406731128999999969e-01
1.551905283961000144e+08 2.593526611327999944e+02 1.871424078900000065e+00 7.817259430999999870e-01
1.551906283961000144e+08 2.646213989258000083e+02 1.760352134699999960e+00 9.014344214999999716e-01
1.551907283961000144e+08 2.597904052733999833e+02 1.784121513399999914e+00 8.615540266000000225e-01
1.551908283961000144e+08 2.619809570311999778e+02 1.879122614899999988e+00 7.831912040999999824e-01
1.551909283961000144e+08 2.625411376952999944e+02 1.881592392900000021e+00 7.828067541000000018e-01
1.551910283961000144e+08 2.645842590331999986e+02 1.878090739299999923e+00 7.918431163000000383e-01
1.551911283961000144e+08 2.635809936522999806e+02 1.683682203300000069e+00 9.815266728000000551e-01
1.551912283961000144e+08 2.632107543944999861e+02 1.888769864999999992e+00 7.788500785999999954e-01
1.551913283961000144e+08 2.660371093750000000e+02 1.893850326499999959e+00 7.829953431999999713e-01
1.551914283961000144e+08 2.655465087891000167e+02 1.684321522699999907e+00 9.880955219000000511e-01
1.551915283961000144e+08 2.624183349608999833e+02 1.887755274799999938e+00 7.773401736999999700e-01
1.551916283961000144e+08 2.660027160645000208e+02 1.894950389899999976e+00 7.819854021000000044e-01
1.551917283961000144e+08 2.636956176758000083e+02 1.677990913399999950e+00 9.886259437000000094e-01
1.551918283961000144e+08 2.652963562012000125e+02 1.892561435700000017e+00 7.818790674000000163e-01
1.551919283961000144e+08 2.610268859862999875e+02 1.875950336500000093e+00 7.829803227999999615e-01
1.551920283961000144e+08 2.648330383301000097e+02 1.902911424600000068e+00 7.720462679999999800e-01
1.551921283961000144e+08 2.628276977538999972e+02 1.681479573200000077e+00 9.812873601999999584e-01
1.551922283961000144e+08 2.617658996581999986e+02 1.881990671200000076e+00 7.801649569999999922e-01
1.551923283961000144e+08 2.647731018065999820e+02 1.892057180399999927e+00 7.807529569000000169e-01
1.551924283961000144e+08 2.645608520508000083e+02 1.892232298899999998e+00 7.799828052999999706e-01
1.551925283961000144e+08 2.609732971190999820e+02 1.669137835499999944e+00 9.888262748999999685e-01
1.551926283961000144e+08 2.612470092772999806e+02 1.871500492100000024e+00 7.873715162000000101e-01
1.551927283961000144e+08 2.641969604491999917e+02 1.892681837100000042e+00 7.785398959999999535e-01
1.551928283961000144e+08 2.636662597655999889e+02 1.678042054200000077e+00 9.884557127999999970e-01
1.551929283961000144e+08 2.614523010254000042e+02 1.886034727099999975e+00 7.758922577000000320e-01
1.551930283961000144e+08 2.633519287108999833e+02 1.885515570599999968e+00 7.819600104999999690e-01
1.551931283961000144e+08 2.609968261719000111e+02 1.669253945399999939e+00 9.887776970999999637e-01
1.551932283961000144e+08 2.559042205810999917e+02 1.869957566300000096e+00 7.725422978000000551e-01
1.551933283961000144e+08 2.586922302245999958e+02 1.865736126899999903e+00 7.844969630000000471e-01
1.551934283961000144e+08 2.578219299315999820e+02 1.659434914600000033e+00 9.883430004000000046e-01
1.551935283961000144e+08 2.542655944823999903e+02 1.848239183400000041e+00 7.857412099999999677e-01
1.551936283961000144e+08 2.594375305176000097e+02 1.870090365400000065e+00 7.830976844000000492e-01
1.551937283961000144e+08 2.547083129883000083e+02 1.648986220400000091e+00 9.888203740000000019e-01
1.551938283961000144e+08 2.523374938965000069e+02 1.844633460000000058e+00 7.828344107000000385e-01
1.551939283961000144e+08 2.584214172362999875e+02 1.865093112000000053e+00 7.842161654999999509e-01
1.551940283961000144e+08 2.534111633301000097e+02 1.645076274900000080e+00 9.884665607999999493e-01
1.551941283961000144e+08 2.515453948974999889e+02 1.842094421399999904e+00 7.825298308999999453e-01
1.551942283961000144e+08 2.554918365478999931e+02 1.859019875500000030e+00 7.803999781999999552e-01
1.551943283961000144e+08 2.524884338379000042e+02 1.641925573299999996e+00 9.886506200000000355e-01
1.551944283961000144e+08 2.490246276855000076e+02 1.834886789300000043e+00 7.807860373999999659e-01
1.551945283961000144e+08 2.508833618163999972e+02 1.637000560800000004e+00 9.882856010999999663e-01
1.551946283961000144e+08 2.506432647704999965e+02 1.835832595799999911e+00 7.850515246000000502e-01
1.551947283961000144e+08 2.480664062500000000e+02 1.627408623700000057e+00 9.887421131000000418e-01
1.551948283961000144e+08 2.497162475586000028e+02 1.832042813299999962e+00 7.853872179999999981e-01
1.551949283961000144e+08 2.459655609131000062e+02 1.823568701699999961e+00 7.807973027000000288e-01
1.551950283961000144e+08 2.462618103027000132e+02 1.621688485099999966e+00 9.884859919999999800e-01
1.551951283961000144e+08 2.473424987793000014e+02 1.824722647700000033e+00 7.841755151999999507e-01
1.551952283961000144e+08 2.458183441161999951e+02 1.620244383800000021e+00 9.884656668000000312e-01
1.551953283961000144e+08 2.446936340331999986e+02 1.695667147600000035e+00 8.983587026999999559e-01
1.551954283961000144e+08 2.459499359131000062e+02 1.734495043799999969e+00 8.629961609999999839e-01
1.551955283961000144e+08 2.441296539306999875e+02 1.720930695500000107e+00 8.701658844999999864e-01
1.551956283961000144e+08 2.441567535400000111e+02 1.689029216800000066e+00 9.034470319999999832e-01
1.551957283961000144e+08 2.436401062012000125e+02 1.818310976000000023e+00 7.778945564999999451e-01
1.551958283961000144e+08 2.495085601806999875e+02 1.632274746900000073e+00 9.885695576999999901e-01
1.551959283961000144e+08 2.489077758788999972e+02 1.843710660900000020e+00 7.729674577999999796e-01
1.551960283961000144e+08 2.509293060303000118e+02 1.637614131000000084e+00 9.877260327000000339e-01
1.551961283961000144e+08 2.478895111084000007e+02 1.826324701299999909e+00 7.845316529000000427e-01
1.551962283961000144e+08 2.490788269043000014e+02 1.833992242799999950e+00 7.817180156999999907e-01
1.551963283961000144e+08 2.509448242187999938e+02 1.637680530499999954e+00 9.877070784999999464e-01
1.551964283961000144e+08 2.487080993652000132e+02 1.831461071999999968e+00 7.827135323999999672e-01
1.551965283961000144e+08 2.470210418700999924e+02 1.624470591499999950e+00 9.881401062000000346e-01
1.551966283961000144e+08 2.498724975586000028e+02 1.842084526999999916e+00 7.773339747999999938e-01
1.551967283961000144e+08 2.524112396239999896e+02 1.752771258399999921e+00 8.672942518999999795e-01
1.551968283961000144e+08 2.503974304198999903e+02 1.710722565700000031e+00 9.031897186999999771e-01
1.551969283961000144e+08 2.501466064452999944e+02 1.838716864600000056e+00 7.810397744000000531e-01
1.551970283961000144e+08 2.522589111327999944e+02 1.641439795499999965e+00 9.883366227000000004e-01
1.551971283961000144e+08 2.527269897461000028e+02 1.843838691700000032e+00 7.847188711000000483e-01
1.551972283961000144e+08 2.522779083252000021e+02 1.841395616500000054e+00 7.854044436999999546e-01
1.551973283961000144e+08 2.536935119629000042e+02 1.652910590200000085e+00 9.802095293999999459e-01
1.551974283961000144e+08 2.571140136719000111e+02 1.868253469499999930e+00 7.776111959999999490e-01
1.551975283961000144e+08 2.580019226073999903e+02 1.659871459000000105e+00 9.885128140000000174e-01
1.551976283961000144e+08 2.582406921387000125e+02 1.868319392200000095e+00 7.809634209000000382e-01
1.551977283961000144e+08 2.556023559569999861e+02 1.854480743399999909e+00 7.845641374999999806e-01
1.551978283961000144e+08 2.556182098388999862e+02 1.652212858199999967e+00 9.884804486999999584e-01
1.551979283961000144e+08 2.557976531982000097e+02 1.856533050499999948e+00 7.834286689999999664e-01
1.551980283961000144e+08 2.557578430176000097e+02 1.861251115800000022e+00 7.793406247999999925e-01
1.551981283961000144e+08 2.561865234375000000e+02 1.654090404500000000e+00 9.884303211999999617e-01
1.551982283961000144e+08 2.550330352782999910e+02 1.852447867400000003e+00 7.845357059999999993e-01
1.551983283961000144e+08 2.546700439452999944e+02 1.652935028099999926e+00 9.839534760000000491e-01
1.551984283961000144e+08 2.612647705077999944e+02 1.876884818099999963e+00 7.829138040999999992e-01
1.551985283961000144e+08 2.583720397948999903e+02 1.664527773899999952e+00 9.844002128000000074e-01
1.551986283961000144e+08 2.561829223633000083e+02 1.859427332899999952e+00 7.821680306999999610e-01
1.551987283961000144e+08 2.558114624023000090e+02 1.863023161899999947e+00 7.780218719999999477e-01
1.551988283961000144e+08 2.556461639403999868e+02 1.855922460599999990e+00 7.834799886000000102e-01
1.551989283961000144e+08 2.537988281250000000e+02 1.646032810199999918e+00 9.888284205999999799e-01
1.551990283961000144e+08 2.575453491211000028e+02 1.867595076600000015e+00 7.794649600999999928e-01
1.551991283961000144e+08 2.594906005858999833e+02 1.869065165499999903e+00 7.841173409999999677e-01
1.551992283961000144e+08 2.543647460937999938e+02 1.648040294599999900e+00 9.886204600000000342e-01
1.551993283961000144e+08 2.569024353026999847e+02 1.875350236899999912e+00 7.711018920000000110e-01
1.551994283961000144e+08 2.592079162598000153e+02 1.880244493500000003e+00 7.739767431999999836e-01
1.551995283961000144e+08 2.571479492188000222e+02 1.733257889699999943e+00 9.035766124999999871e-01
1.551996283961000144e+08 2.589653015137000125e+02 1.778371334100000034e+00 8.643805384999999619e-01
1.551997283961000144e+08 2.572539978026999847e+02 1.860840201400000060e+00 7.842459679000000072e-01
1.551998283961000144e+08 2.575650024413999972e+02 1.863431215300000110e+00 7.830120921000000012e-01
1.551999283961000144e+08 2.578983764647999806e+02 1.862045764899999956e+00 7.851926087999999693e-01
1.552000283961000144e+08 2.568316955565999820e+02 1.655772924399999901e+00 9.889066815000000510e-01
1.552001283961000144e+08 2.582997741698999903e+02 1.866501331300000066e+00 7.826646565999999527e-01
1.552002283961000144e+08 2.552322845459000007e+02 1.651824474299999901e+00 9.874522089999999697e-01
1.552003283961000144e+08 2.532375640868999938e+02 1.856977582000000071e+00 7.752165793999999943e-01
1.552004283961000144e+08 2.561036682129000042e+02 1.856896519700000026e+00 7.840588688999999833e-01
1.552005283961000144e+08 2.546221923827999944e+02 1.649396657899999896e+00 9.879940151999999642e-01
1.552006283961000144e+08 2.516941223144999924e+02 1.845709323899999976e+00 7.799284457999999809e-01
1.552007283961000144e+08 2.545436096191000104e+02 1.718555927299999952e+00 9.097941518000000061e-01
1.552008283961000144e+08 2.509212341308999896e+02 1.753194212899999993e+00 8.617586493000000125e-01
1.552009283961000144e+08 2.530536499023000090e+02 1.845092773399999997e+00 7.846653461000000496e-01
1.552010283961000144e+08 2.562119750977000194e+02 1.654392719300000092e+00 9.881673454999999606e-01
1.552011283961000144e+08 2.559130249023000090e+02 1.863861680000000076e+00 7.776305676000000444e-01
1.552012283961000144e+08 2.520396575928000118e+02 1.640499353400000082e+00 9.886100291999999623e-01
1.552013283961000144e+08 2.466276855469000111e+02 1.821731090499999928e+00 7.844793797000000346e-01
1.552014283961000144e+08 2.499462585448999903e+02 1.846395254099999939e+00 7.739370464999999477e-01
1.552015283961000144e+08 2.515694732665999993e+02 1.639280438399999928e+00 9.882338046999999959e-01
1.552016283961000144e+08 2.553398895263999862e+02 1.852918028800000005e+00 7.850812078000000138e-01
1.552017283961000144e+08 2.524642181396000069e+02 1.642706155800000012e+00 9.876165390000000155e-01
1.552018283961000144e+08 2.525813446045000035e+02 1.845134615899999941e+00 7.831652760999999741e-01
1.552019283961000144e+08 2.552499542236000138e+02 1.763324379900000016e+00 8.665817975999999812e-01
1.552020283961000144e+08 2.540494842528999868e+02 1.725594520600000070e+00 9.006355405000000536e-01
1.552021283961000144e+08 2.496424713135000104e+02 1.833476424199999899e+00 7.839279175000000155e-01
1.552022283961000144e+08 2.595537109375000000e+02 1.816393732999999955e+00 8.304538727000000398e-01
1.552023283961000144e+08 2.546621246338000049e+02 1.690028548199999925e+00 9.412057400000000129e-01
1.552024283961000144e+08 2.532285308838000049e+02 1.847645282700000058e+00 7.830396294999999451e-01
1.552025283961000144e+08 2.494501800536999951e+02 1.631962657000000094e+00 9.887162446999999688e-01
1.552026283961000144e+08 2.504098358153999868e+02 1.844542622599999904e+00 7.769306301999999720e-01
1.552027283961000144e+08 2.510554504394999924e+02 1.637391686399999990e+00 9.884911776000000483e-01
1.552028283961000144e+08 2.498026275635000104e+02 1.833120703699999909e+00 7.847353219999999574e-01
1.552029283961000144e+08 2.494766387939000083e+02 1.701851964000000050e+00 9.092736839999999710e-01
1.552030283961000144e+08 2.509755706786999951e+02 1.751266956300000066e+00 8.638433814000000543e-01
1.552031283961000144e+08 2.484963684081999986e+02 1.834583640099999968e+00 7.793872952000000520e-01
1.552032283961000144e+08 2.473119049071999882e+02 1.625469803799999946e+00 9.880877137000000365e-01
1.552033283961000144e+08 2.503244171142999903e+02 1.833989262600000059e+00 7.856297492999999577e-01
1.552034283961000144e+08 2.460440063476999910e+02 1.621273875199999992e+00 9.881168604000000188e-01
1.552035283961000144e+08 2.440183868407999910e+02 1.820120692299999954e+00 7.775538563999999653e-01
1.552036283961000144e+08 2.483973083495999958e+02 1.628458499900000023e+00 9.887848496000000154e-01
1.552037283961000144e+08 2.460232696532999910e+02 1.823094964000000040e+00 7.813864945999999811e-01
1.552038283961000144e+08 2.434212341308999896e+02 1.612131833999999930e+00 9.887024760000000523e-01
1.552039283961000144e+08 2.481390991211000028e+02 1.827766656899999953e+00 7.840829491999999901e-01
1.552040283961000144e+08 2.467508697510000104e+02 1.623501539200000066e+00 9.882380365999999805e-01
1.552041283961000144e+08 2.466997070312000062e+02 1.823706507700000090e+00 7.830094695000000549e-01
1.552042283961000144e+08 2.463749694823999903e+02 1.622152328499999907e+00 9.883747697000000443e-01
1.552043283961000144e+08 2.462534637450999924e+02 1.822300910899999904e+00 7.827994227000000249e-01
1.552044283961000144e+08 2.437727355956999986e+02 1.806021213500000000e+00 7.889467477999999589e-01
1.552045283961000144e+08 2.435094146728999931e+02 1.618654966400000061e+00 9.811049699999999651e-01
1.552046283961000144e+08 2.459190368652000132e+02 1.695026159300000002e+00 9.035404920999999812e-01
1.552047283961000144e+08 nan nan 0.000000000000000000e+00
1.552048283961000144e+08 2.523271484375000000e+02 1.844459176099999986e+00 7.829502225000000148e-01
1.552049283961000144e+08 nan nan 0.000000000000000000e+00
1.552050283961000144e+08 nan nan 0.000000000000000000e+00
1.552051283961000144e+08 nan nan 0.000000000000000000e+00
1.552052283961000144e+08 nan nan 0.000000000000000000e+00
1.552053283961000144e+08 nan nan 0.000000000000000000e+00
1.552054283961000144e+08 nan nan 0.000000000000000000e+00
1.552055283961000144e+08 nan nan 0.000000000000000000e+00
1.552056283961000144e+08 2.528132324219000111e+02 1.801997303999999911e+00 8.218637108999999885e-01
1.552057283961000144e+08 2.500256347655999889e+02 1.838026285199999998e+00 7.812488078999999530e-01
1.552058283961000144e+08 2.498940124512000125e+02 1.834334611899999912e+00 7.839837074000000072e-01
1.552059283961000144e+08 nan nan 0.000000000000000000e+00
1.552060283961000144e+08 2.480228118896000069e+02 1.829194188100000007e+00 7.824926972000000314e-01
1.552061283961000144e+08 2.463571929931999875e+02 1.621859431300000098e+00 9.886603354999999871e-01
1.552062283961000144e+08 2.496732177734000118e+02 1.832763314199999938e+00 7.846346497999999725e-01
1.552063283961000144e+08 2.487718505859000118e+02 1.834618687599999909e+00 7.802215219000000479e-01
1.552064283961000144e+08 2.485598754883000083e+02 1.629314184200000071e+00 9.883929490999999734e-01
1.552065283961000144e+08 2.543103942870999958e+02 1.859602332099999922e+00 7.763047814000000324e-01
1.552066283961000144e+08 nan nan 0.000000000000000000e+00
1.552067283961000144e+08 nan nan 0.000000000000000000e+00
1.552068283961000144e+08 nan nan 0.000000000000000000e+00
1.552069283961000144e+08 2.521934204101999910e+02 1.850117087399999916e+00 7.777564526000000367e-01
1.552070283961000144e+08 2.539066314696999882e+02 1.852395653699999922e+00 7.811146974999999548e-01
1.552071283961000144e+08 2.489836578368999938e+02 1.630481600800000042e+00 9.886609316000000147e-01
1.552072283961000144e+08 2.524640045165999993e+02 1.849863409999999986e+00 7.788044213999999466e-01
1.552073283961000144e+08 2.501249847411999951e+02 1.634105920799999945e+00 9.887920618000000106e-01
1.552074283961000144e+08 2.508222351073999903e+02 1.842290162999999925e+00 7.801143526999999578e-01
1.552075283961000144e+08 2.497008666991999917e+02 1.739748358699999997e+00 8.708742857000000281e-01
1.552076283961000144e+08 2.501371612549000076e+02 1.711903452899999900e+00 9.010065793999999517e-01
1.552077283961000144e+08 2.453671722411999951e+02 1.819932818400000096e+00 7.820131182999999764e-01
1.552078283961000144e+08 2.489529724120999958e+02 1.630665183100000082e+00 9.883164167000000333e-01
1.552079283961000144e+08 2.523339538573999903e+02 1.851247668300000093e+00 7.772396206999999668e-01
1.552080283961000144e+08 2.481784973144999924e+02 1.627723693799999927e+00 9.888059497000000198e-01
1.552081283961000144e+08 2.466524353027000132e+02 1.837775230399999904e+00 7.709193229999999897e-01
1.552082283961000144e+08 2.468345794678000118e+02 1.623665690399999972e+00 9.883733392000000340e-01
1.552083283961000144e+08 2.511284179687999938e+02 1.843495130500000023e+00 7.800459861999999855e-01
1.552084283961000144e+08 2.485581970215000069e+02 1.830257892599999936e+00 7.832705379000000079e-01
1.552085283961000144e+08 2.482726440430000139e+02 1.628166079499999919e+00 9.886435270000000219e-01
1.552086283961000144e+08 2.458190307616999917e+02 1.690166592600000017e+00 9.083741306999999487e-01
1.552087283961000144e+08 2.477559967040999993e+02 1.741955161099999927e+00 8.619033097999999615e-01
1.552088283961000144e+08 2.474195251465000069e+02 1.835004091300000084e+00 7.756542562999999557e-01
1.552089283961000144e+08 2.499086456299000076e+02 1.633599162099999891e+00 9.885498284999999496e-01
1.552090283961000144e+08 2.508665771484000118e+02 1.839096903800000016e+00 7.829641104000000240e-01
1.552091283961000144e+08 2.522799835204999965e+02 1.641090631500000008e+00 9.888398646999999597e-01
1.552092283961000144e+08 2.535534667969000111e+02 2.172366857500000137e+00 5.671676992999999944e-01
1.552093283961000144e+08 2.519132080077999944e+02 1.847315907500000076e+00 7.792501450000000052e-01
1.552094283961000144e+08 2.511812286377000021e+02 1.640131712000000075e+00 9.856847524999999832e-01
1.552095283961000144e+08 2.542635345459000007e+02 1.853471040699999905e+00 7.813053130999999540e-01
1.552096283961000144e+08 2.533634796142999903e+02 1.840660929700000059e+00 7.894138694000000234e-01
1.552097283961000144e+08 2.532740325928000118e+02 1.650668144199999965e+00 9.812494515999999889e-01
1.552098283961000144e+08 2.541918029784999931e+02 1.849952459300000074e+00 7.840589880999999650e-01
1.552099283961000144e+08 2.550822448730000076e+02 1.650162577599999958e+00 9.888606667999999544e-01
1.552100283961000144e+08 2.571056823729999792e+02 1.875435113900000061e+00 7.716419696999999855e-01
1.552101283961000144e+08 2.537561340331999986e+02 1.848986506499999960e+00 7.835331558999999446e-01
1.552102283961000144e+08 2.594033813477000194e+02 1.664690136900000006e+00 9.881369472000000043e-01
1.552103283961000144e+08 2.584255065918000014e+02 1.868483424199999909e+00 7.813851832999999525e-01
1.552104283961000144e+08 2.581027526854999792e+02 1.866686701799999959e+00 7.819123864000000479e-01
1.552105283961000144e+08 2.598570251465000069e+02 1.819407701500000085e+00 8.286721110000000445e-01
1.552106283961000144e+08 2.582440795897999806e+02 1.702255964299999924e+00 9.407818316999999597e-01
1.552107283961000144e+08 2.583557739258000083e+02 1.868516564399999913e+00 7.811466455000000142e-01
1.552108283961000144e+08 2.629076232909999931e+02 1.890443444299999998e+00 7.765761613999999646e-01
1.552109283961000144e+08 2.635446166991999917e+02 1.678015589699999977e+00 9.880307316999999978e-01
1.552110283961000144e+08 2.616117858887000125e+02 1.880542635899999926e+00 7.809069157000000372e-01
1.552111283961000144e+08 2.633147277831999986e+02 1.889661908099999899e+00 7.784222960000000135e-01
1.552112283961000144e+08 2.660404663086000028e+02 1.685421466800000045e+00 9.886416793000000203e-01
1.552113283961000144e+08 2.626484069823999903e+02 1.878890037499999943e+00 7.853808402999999938e-01
1.552114283961000144e+08 2.642013854979999792e+02 1.888791680299999998e+00 7.817632556000000399e-01
1.552115283961000144e+08 2.648100280762000125e+02 1.888899803199999949e+00 7.834744452999999886e-01
1.552116283961000144e+08 2.649795837401999847e+02 1.751340270000000032e+00 9.119680524000000066e-01
1.552117283961000144e+08 2.647998657227000194e+02 1.803781986199999965e+00 8.591281772000000094e-01
1.552118283961000144e+08 2.667027893065999820e+02 1.895517706899999988e+00 7.835742235000000555e-01
1.552119283961000144e+08 2.671100463866999917e+02 1.900044560400000027e+00 7.810357809000000318e-01
1.552120283961000144e+08 2.673951721190999820e+02 1.726244330399999916e+00 9.472342134000000247e-01
1.552121283961000144e+08 2.714210205077999944e+02 1.866373539000000026e+00 8.225355147999999783e-01
1.552122283961000144e+08 2.701977539061999778e+02 1.907251954099999924e+00 7.841044663999999775e-01
1.552123283961000144e+08 2.696232299805000139e+02 1.894765734699999982e+00 7.927834392000000507e-01
1.552124283961000144e+08 2.720769958495999958e+02 1.723180174799999964e+00 9.672500491000000089e-01
1.552125283961000144e+08 2.712007141112999875e+02 1.914665341400000109e+00 7.809322476000000179e-01
1.552126283961000144e+08 2.698050842284999931e+02 1.907095074699999948e+00 7.830936909000000279e-01
1.552127283961000144e+08 2.735167541504000042e+02 1.922222256700000020e+00 7.814209461000000134e-01
1.552128283961000144e+08 2.744196166991999917e+02 1.924011468900000077e+00 7.825428842999999635e-01
1.552129283961000144e+08 2.738566589354999792e+02 1.923139333700000009e+00 7.816459537000000068e-01
1.552130283961000144e+08 2.744602661133000083e+02 1.711736440699999973e+00 9.888126254000000337e-01
1.552131283961000144e+08 2.716469116211000028e+02 1.917290091499999960e+00 7.800769210000000342e-01
1.552132283961000144e+08 2.778177795409999931e+02 1.934896946000000062e+00 7.833442687999999654e-01
1.552133283961000144e+08 2.805327758788999972e+02 3.232425212899999956e+00 2.834229171000000047e-01
1.552134283961000144e+08 2.767952270508000083e+02 1.719324588799999942e+00 9.884419440999999695e-01
1.552135283961000144e+08 2.775527648926000097e+02 1.934130430199999973e+00 7.832174301000000005e-01
1.552136283961000144e+08 2.760097656250000000e+02 1.928112030000000088e+00 7.837331294999999587e-01
1.552137283961000144e+08 2.792957153319999861e+02 1.944954276100000046e+00 7.793880700999999966e-01
1.552138283961000144e+08 2.804851684569999861e+02 1.944207310699999969e+00 7.833089232000000068e-01
1.552139283961000144e+08 2.772551879883000083e+02 1.720622301099999918e+00 9.885916113999999588e-01
1.552140283961000144e+08 2.776393432616999917e+02 1.944054722800000023e+00 7.754830122000000436e-01
1.552141283961000144e+08 2.767394104004000042e+02 1.936709046400000078e+00 7.788440585000000471e-01
1.552142283961000144e+08 2.769981079102000194e+02 1.932471752199999893e+00 7.829946279999999703e-01
1.552143283961000144e+08 2.760521850586000028e+02 1.829564929000000006e+00 8.705702424000000272e-01
1.552144283961000144e+08 2.765922851561999778e+02 1.799090743100000056e+00 9.020740985999999850e-01
1.552145283961000144e+08 2.825613098145000208e+02 1.958127856299999969e+00 7.779271007000000404e-01
1.552146283961000144e+08 2.739560546875000000e+02 1.921139121099999958e+00 7.835587263000000080e-01
1.552147283961000144e+08 2.788406372069999861e+02 1.937795519800000088e+00 7.838779688000000467e-01
1.552148283961000144e+08 2.778206176758000083e+02 1.931873560000000101e+00 7.858060002000000210e-01
1.552149283961000144e+08 2.786235656737999875e+02 1.883279681200000111e+00 8.292710781000000031e-01
1.552150283961000144e+08 2.781671447754000042e+02 1.891724586500000083e+00 8.205372691000000218e-01
1.552151283961000144e+08 2.728885803223000153e+02 1.787407398200000053e+00 9.016678332999999990e-01
1.552152283961000144e+08 2.795670776366999917e+02 1.938029646900000014e+00 7.857303022999999609e-01
1.552153283961000144e+08 2.753491210938000222e+02 1.930243849800000078e+00 7.801312207999999693e-01
1.552154283961000144e+08 2.758137512206999986e+02 1.932361722000000004e+00 7.797355651999999804e-01
1.552155283961000144e+08 2.755382385254000042e+02 1.830303788199999948e+00 8.682480454000000014e-01
1.552156283961000144e+08 2.724849853516000167e+02 1.786028504399999939e+00 9.017249346000000276e-01
1.552157283961000144e+08 2.698431091309000180e+02 1.902191281299999925e+00 7.872474193999999814e-01
1.552158283961000144e+08 2.735908813477000194e+02 1.921509742700000078e+00 7.822124362000000275e-01
1.552159283961000144e+08 2.673213195801000097e+02 1.894562244400000095e+00 7.861838936999999694e-01
1.552160283961000144e+08 2.676856994629000042e+02 1.690425515200000062e+00 9.888749718999999549e-01
1.552161283961000144e+08 2.657329101561999778e+02 1.887433290499999972e+00 7.874271870000000284e-01
1.552162283961000144e+08 2.696378784180000139e+02 1.903394579900000050e+00 7.856543064000000021e-01
1.552163283961000144e+08 2.676171569823999903e+02 1.895231485400000082e+00 7.864981890000000142e-01
1.552164283961000144e+08 2.635292968750000000e+02 1.892127633100000095e+00 7.770274282000000365e-01
1.552165283961000144e+08 2.623547058104999792e+02 1.673801541300000029e+00 9.885285497000000365e-01
1.552166283961000144e+08 2.638975830077999944e+02 1.895065069199999952e+00 7.757030128999999885e-01
1.552167283961000144e+08 2.614136657715000069e+02 1.879992842700000111e+00 7.807719110999999934e-01
1.552168283961000144e+08 2.561703796387000125e+02 1.767406821300000042e+00 8.656933904000000402e-01
1.552169283961000144e+08 2.635937805176000097e+02 1.756355404900000083e+00 9.020251632000000352e-01
1.552170283961000144e+08 2.601874389647999806e+02 1.882847309099999977e+00 7.747550010999999515e-01
1.552171283961000144e+08 2.594676208495999958e+02 1.770542979200000033e+00 8.737325667999999990e-01
1.552172283961000144e+08 2.600568237305000139e+02 1.746607065200000086e+00 8.998832106999999914e-01
1.552173283961000144e+08 2.612281494141000167e+02 1.880020379999999935e+00 7.801949381999999655e-01
1.552174283961000144e+08 2.574522705077999944e+02 1.698180913899999922e+00 9.424040914000000324e-01
1.552175283961000144e+08 2.561784057616999917e+02 1.815407633800000031e+00 8.205451368999999717e-01
1.552176283961000144e+08 2.581304321288999972e+02 1.865618467300000027e+00 7.828918695000000039e-01
1.552177283961000144e+08 2.584324340819999861e+02 1.661369681400000076e+00 9.883773327000000553e-01
1.552178283961000144e+08 2.580507507323999903e+02 1.867825508099999920e+00 7.808018327000000314e-01
1.552179283961000144e+08 2.568309631348000153e+02 1.803844451900000090e+00 8.332157730999999457e-01
1.552180283961000144e+08 2.573600463866999917e+02 1.700348973299999900e+00 9.396655560000000129e-01
1.552181283961000144e+08 2.564581909180000139e+02 1.863783240300000088e+00 7.793527841999999817e-01
1.552182283961000144e+08 2.501205596924000076e+02 1.634600400899999917e+00 9.881764650000000039e-01
1.552183283961000144e+08 2.539593658446999882e+02 1.851401448200000077e+00 7.821163534999999722e-01
1.552184283961000144e+08 2.525685119629000042e+02 1.788972854600000106e+00 8.330670595000000400e-01
1.552185283961000144e+08 2.523431854247999979e+02 1.684010148000000040e+00 9.393132329000000169e-01
1.552186283961000144e+08 2.566253356934000180e+02 1.866329073900000024e+00 7.777345181000000496e-01
1.552187283961000144e+08 2.517174987793000014e+02 1.640175461799999956e+00 9.877365232000000494e-01
1.552188283961000144e+08 2.571053161620999958e+02 1.860884785699999933e+00 7.837551235999999921e-01
1.552189283961000144e+08 2.532723083495999958e+02 1.847620368000000068e+00 7.831960319999999864e-01
1.552190283961000144e+08 2.488993835448999903e+02 1.630174398399999891e+00 9.886987805000000407e-01
1.552191283961000144e+08 2.516813812256000062e+02 1.840033769599999980e+00 7.847074269999999574e-01
1.552192283961000144e+08 2.519494934081999986e+02 1.647855400999999942e+00 9.794529676000000018e-01
1.552193283961000144e+08 2.525724029540999993e+02 1.847684025800000018e+00 7.809779047999999557e-01
1.552194283961000144e+08 2.502420654297000056e+02 1.837929606399999916e+00 7.820073962000000378e-01
1.552195283961000144e+08 2.473298034668000014e+02 1.732462048499999963e+00 8.698759674999999580e-01
1.552196283961000144e+08 2.491758422851999910e+02 1.710378885299999929e+00 8.991447090999999947e-01
1.552197283961000144e+08 2.513027954101999910e+02 1.838248729700000084e+00 7.850494981000000205e-01
1.552198283961000144e+08 2.468120117187999938e+02 1.623657822600000022e+00 9.882926345000000445e-01
1.552199283961000144e+08 2.490307159424000076e+02 1.830514431000000108e+00 7.845395803000000390e-01
1.552200283961000144e+08 2.485217742920000035e+02 1.629204511600000016e+00 9.883745312999999699e-01
1.552201283961000144e+08 2.469442291260000104e+02 1.829417228699999898e+00 7.788998485000000471e-01
1.552202283961000144e+08 2.490363769530999889e+02 1.661461353299999999e+00 9.523368478000000525e-01
1.552203283961000144e+08 2.467424011230000076e+02 1.778349518800000029e+00 8.236027956000000483e-01
1.552204283961000144e+08 2.490946807861000138e+02 1.630928754799999991e+00 9.885593652999999925e-01
1.552205283961000144e+08 2.437031707763999862e+02 1.811631560299999943e+00 7.838441133000000338e-01
1.552206283961000144e+08 2.508806457519999924e+02 1.852893114100000016e+00 7.713912129000000117e-01
1.552207283961000144e+08 2.475590209961000028e+02 1.625900387800000013e+00 9.885511994000000247e-01
1.552208283961000144e+08 2.483663330077999944e+02 1.833773612999999969e+00 7.796677947000000275e-01
1.552209283961000144e+08 2.492887725829999965e+02 1.754728198100000025e+00 8.546559215000000265e-01
1.552210283961000144e+08 2.455724334717000090e+02 1.697077393500000086e+00 9.000872373999999621e-01
1.552211283961000144e+08 2.460243377685999917e+02 1.620827674899999904e+00 9.885819554000000453e-01
1.552212283961000144e+08 2.461575317383000083e+02 1.824741363500000046e+00 7.804027796000000405e-01
1.552213283961000144e+08 2.503152465819999861e+02 1.666547656100000108e+00 9.513933062999999635e-01
1.552214283961000144e+08 2.497656555176000097e+02 1.791781902299999896e+00 8.212412000000000045e-01
1.552215283961000144e+08 2.516530761719000111e+02 1.851140975999999938e+00 7.752317189999999858e-01
1.552216283961000144e+08 2.469268493652000132e+02 1.623570442199999908e+00 9.888589977999999725e-01
1.552217283961000144e+08 2.508474273681999875e+02 1.837722420700000026e+00 7.840759158000000228e-01
1.552218283961000144e+08 2.484272155762000125e+02 1.832077026399999919e+00 7.813038826000000547e-01
1.552219283961000144e+08 2.480207366943000125e+02 1.627844810500000072e+00 9.880303143999999982e-01
1.552220283961000144e+08 2.517976989745999958e+02 1.838233232499999925e+00 7.866088152000000333e-01
1.552221283961000144e+08 2.501475982665999993e+02 1.840066909799999983e+00 7.798973322000000152e-01
1.552222283961000144e+08 2.504070892334000007e+02 1.635251164400000068e+00 9.885212182999999486e-01
1.552223283961000144e+08 2.476839752196999882e+02 1.825603246700000071e+00 7.845008372999999757e-01
1.552224283961000144e+08 2.489558563232000097e+02 1.630369424800000022e+00 9.886865019999999671e-01
1.552225283961000144e+08 2.524287109375000000e+02 1.844807386400000082e+00 7.829697131999999726e-01
1.552226283961000144e+08 2.506327819823999903e+02 1.744971275299999958e+00 8.688997029999999677e-01
1.552227283961000144e+08 2.520889892577999944e+02 1.719232678400000047e+00 9.003116488000000306e-01
1.552228283961000144e+08 2.512333984375000000e+02 1.846206784200000062e+00 7.780813574999999593e-01
1.552229283961000144e+08 2.552206115722999868e+02 1.650850295999999995e+00 9.885727167000000204e-01
1.552230283961000144e+08 2.530005340575999924e+02 1.844999790199999934e+00 7.845797539000000098e-01
1.552231283961000144e+08 2.550493011474999889e+02 1.853397369400000105e+00 7.837821244999999548e-01
1.552232283961000144e+08 2.533715515137000125e+02 1.645269870799999978e+00 9.880794883000000306e-01
1.552233283961000144e+08 2.513562774657999910e+02 1.839082956299999960e+00 7.845044732000000520e-01
1.552234283961000144e+08 2.529426727295000035e+02 1.643489956900000104e+00 9.885445832999999460e-01
1.552235283961000144e+08 2.511551666260000104e+02 1.844835043000000008e+00 7.789961695999999547e-01
1.552236283961000144e+08 2.529773254394999924e+02 1.853624582299999934e+00 7.772241830999999657e-01
1.552237283961000144e+08 2.527183380127000021e+02 1.642726063700000072e+00 9.885866641999999649e-01
1.552238283961000144e+08 2.521588134765999882e+02 1.848471045499999965e+00 7.790353298000000093e-01
1.552239283961000144e+08 2.524291229247999979e+02 1.794298171999999969e+00 8.276724814999999458e-01
1.552240283961000144e+08 2.525732421875000000e+02 1.684607982599999998e+00 9.395024776000000521e-01
1.552241283961000144e+08 2.558466339111000138e+02 1.863427519800000098e+00 7.777910828999999859e-01
1.552242283961000144e+08 2.490526733398000090e+02 1.630688786499999932e+00 9.886836409999999464e-01
1.552243283961000144e+08 2.522185974120999958e+02 1.843764185900000019e+00 7.832034825999999450e-01
1.552244283961000144e+08 2.540315093993999938e+02 1.850698232699999890e+00 7.829331160000000400e-01
1.552245283961000144e+08 2.542689819336000028e+02 1.650088667899999972e+00 9.857960939000000034e-01
1.552246283961000144e+08 2.510733489989999896e+02 1.842098474499999972e+00 7.810579537999999822e-01
1.552247283961000144e+08 2.552234344482000097e+02 1.854467034300000039e+00 7.834127545000000303e-01
1.552248283961000144e+08 2.502000579834000007e+02 1.635469198200000029e+00 9.874405860999999618e-01
1.552249283961000144e+08 2.534508209228999931e+02 1.853069186199999940e+00 7.791458368000000467e-01
1.552250283961000144e+08 2.511249847411999951e+02 1.637636184700000053e+00 9.884697198999999879e-01
1.552251283961000144e+08 2.506759033202999944e+02 1.840173244500000083e+00 7.814540863000000170e-01
1.552252283961000144e+08 2.521559448241999917e+02 1.849344491999999951e+00 7.782906889999999800e-01
1.552253283961000144e+08 2.505275726318000125e+02 1.635689139399999936e+00 9.884671568999999769e-01
1.552254283961000144e+08 2.525262603760000104e+02 1.843797802899999949e+00 7.841303348999999479e-01
1.552255283961000144e+08 2.501244506836000028e+02 1.635044813199999947e+00 9.876546264000000130e-01
1.552256283961000144e+08 2.545797729491999917e+02 1.855332732199999946e+00 7.807078957999999957e-01
1.552257283961000144e+08 2.526001281737999875e+02 1.791265010799999891e+00 8.310404420000000458e-01
1.552258283961000144e+08 2.533274536133000083e+02 1.686565041499999973e+00 9.401223659999999871e-01
1.552259283961000144e+08 2.500742950439000083e+02 1.836499333399999934e+00 7.827008962999999486e-01
1.552260283961000144e+08 nan nan 0.000000000000000000e+00
1.552261283961000144e+08 2.493115539551000097e+02 1.830700397500000021e+00 7.852648496999999894e-01
1.552262283961000144e+08 2.503923645019999924e+02 1.635678291300000087e+00 9.879469871999999597e-01
1.552263283961000144e+08 nan nan 0.000000000000000000e+00
1.552264283961000144e+08 2.528616638183999896e+02 1.850741267200000095e+00 7.792913317999999867e-01
1.552265283961000144e+08 2.509978790282999910e+02 1.830687522899999919e+00 7.905874252000000268e-01
1.552266283961000144e+08 nan nan 0.000000000000000000e+00
1.552267283961000144e+08 2.503244781493999938e+02 1.842814326300000083e+00 7.781233190999999882e-01
1.552268283961000144e+08 2.502834472655999889e+02 1.837589383100000084e+00 7.824263572999999861e-01
1.552269283961000144e+08 2.540222320556999875e+02 1.647100687000000008e+00 9.884158968999999795e-01
1.552270283961000144e+08 2.521326446532999910e+02 1.840580463400000033e+00 7.856475711000000528e-01
1.552271283961000144e+08 2.510269317627000021e+02 1.637066483499999947e+00 9.887716770000000155e-01
1.552272283961000144e+08 2.470113983153999868e+02 1.820448040999999906e+00 7.868078350999999637e-01
1.552273283961000144e+08 2.463551940918000014e+02 1.769822359099999964e+00 8.302534222999999880e-01
1.552274283961000144e+08 2.495086517334000007e+02 1.673838615400000007e+00 9.400842190000000542e-01
1.552275283961000144e+08 2.474205017090000069e+02 1.828435540200000098e+00 7.812404037000000301e-01
1.552276283961000144e+08 2.477808837890999882e+02 1.626621007900000082e+00 9.885607361999999565e-01
1.552277283961000144e+08 2.517917480469000111e+02 1.847319483799999995e+00 7.788714169999999548e-01
1.552278283961000144e+08 2.504395904540999993e+02 1.840174675000000093e+00 7.807161808000000480e-01
1.552279283961000144e+08 2.503920898437999938e+02 1.635222911799999901e+00 9.884961247000000339e-01
1.552280283961000144e+08 2.515167083739999896e+02 1.845599651299999922e+00 7.794713377999999970e-01
1.552281283961000144e+08 2.496706390381000062e+02 1.699344277400000047e+00 9.126683474000000240e-01
1.552282283961000144e+08 2.522965850829999965e+02 1.761986851699999912e+00 8.578559159999999961e-01
1.552283283961000144e+08 2.538705902099999889e+02 1.850360870400000080e+00 7.827225327000000288e-01
1.552284283961000144e+08 2.532478942870999958e+02 1.644466876999999938e+00 9.885619879000000498e-01
1.552285283961000144e+08 2.467068481444999861e+02 1.829919815100000013e+00 7.777237891999999597e-01
1.552286283961000144e+08 2.529228515625000000e+02 1.643569469500000046e+00 9.883716106000000057e-01
1.552287283961000144e+08 2.516895904540999993e+02 1.842409491499999996e+00 7.827106118000000112e-01
1.552288283961000144e+08 2.511190490722999868e+02 1.839613556900000058e+00 7.833119035000000174e-01
1.552289283961000144e+08 2.498626098633000083e+02 1.633821964300000040e+00 9.880982041000000438e-01
1.552290283961000144e+08 2.538879394530999889e+02 1.855372667299999945e+00 7.785527706000000547e-01
1.552291283961000144e+08 2.499303131103999931e+02 1.839862823500000077e+00 7.793927192999999809e-01
1.552292283961000144e+08 2.479561767577999944e+02 1.627105712899999945e+00 9.886707663999999562e-01
1.552293283961000144e+08 2.485394134521000069e+02 1.629110097899999943e+00 9.885592461000000108e-01
1.552294283961000144e+08 2.515321197510000104e+02 1.842738509199999930e+00 7.819415926999999655e-01
1.552295283961000144e+08 2.510603332519999924e+02 1.644327521299999928e+00 9.801887870000000058e-01
1.552296283961000144e+08 2.587472229004000042e+02 1.872131228400000014e+00 7.793121337999999731e-01
1.552297283961000144e+08 2.539274291991999917e+02 1.752641320199999964e+00 8.726333976000000270e-01
1.552298283961000144e+08 2.538756103515999882e+02 1.727524757400000111e+00 8.980091213999999988e-01
1.552299283961000144e+08 2.542996368407999910e+02 1.853685021400000021e+00 7.812358737000000275e-01
1.552300283961000144e+08 nan nan 0.000000000000000000e+00
1.552301283961000144e+08 nan nan 0.000000000000000000e+00
1.552302283961000144e+08 nan nan 0.000000000000000000e+00
1.552303283961000144e+08 2.548719635010000104e+02 1.865904927299999905e+00 7.727718948999999782e-01
1.552304283961000144e+08 2.572010803223000153e+02 1.657500028599999897e+00 9.882662295999999902e-01
1.552305283961000144e+08 2.593632507323999903e+02 1.866067528699999922e+00 7.862524986000000160e-01
1.552306283961000144e+08 2.542553253174000076e+02 1.751860976199999920e+00 8.745387793000000132e-01
1.552307283961000144e+08 2.524864501952999944e+02 1.722584366800000044e+00 8.982254862999999867e-01
1.552308283961000144e+08 2.541213531493999938e+02 1.853469014200000098e+00 7.808700800000000219e-01
1.552309283961000144e+08 2.525793151855000076e+02 1.642308235200000022e+00 9.885457157999999467e-01
1.552310283961000144e+08 2.558173980713000049e+02 1.861093163500000092e+00 7.796543836999999533e-01
1.552311283961000144e+08 2.570787048340000069e+02 1.863427400600000006e+00 7.815368176000000444e-01
1.552312283961000144e+08 2.539227142334000007e+02 1.646801710100000093e+00 9.883875251000000528e-01
1.552313283961000144e+08 2.579145812987999875e+02 1.865911245299999965e+00 7.819917798000000086e-01
1.552314283961000144e+08 2.555121459961000028e+02 1.651665329899999923e+00 9.887255430000000400e-01
1.552315283961000144e+08 2.536221160888999862e+02 1.849827766400000018e+00 7.824071646000000380e-01
1.552316283961000144e+08 2.548994750976999910e+02 1.797296404799999969e+00 8.329861760000000226e-01
1.552317283961000144e+08 2.514740295409999931e+02 1.683315396300000044e+00 9.368507861999999520e-01
1.552318283961000144e+08 2.514057617187999938e+02 1.673659801499999933e+00 9.474344254000000021e-01
1.552319283961000144e+08 2.542844696045000035e+02 1.810966610899999996e+00 8.184784650999999966e-01
1.552320283961000144e+08 2.551495361327999944e+02 1.854272723200000028e+00 7.833500504000000531e-01
1.552321283961000144e+08 2.558434143066000104e+02 1.653599381400000068e+00 9.876928926000000386e-01
1.552322283961000144e+08 2.601801452637000125e+02 1.873788714400000055e+00 7.822421192999999828e-01
1.552323283961000144e+08 2.579595031737999875e+02 1.869517326400000012e+00 7.791137694999999974e-01
1.552324283961000144e+08 2.570663146973000153e+02 1.657216787300000105e+00 9.880862235999999799e-01
1.552325283961000144e+08 2.577908325194999861e+02 1.868245720900000073e+00 7.796645164000000072e-01
1.552326283961000144e+08 2.586889953612999875e+02 1.856943726499999947e+00 7.919335961000000257e-01
1.552327283961000144e+08 2.568717346190999820e+02 1.663270950300000051e+00 9.801636338000000448e-01
1.552328283961000144e+08 2.542414398193000125e+02 1.853457689300000100e+00 7.812486291000000360e-01
1.552329283961000144e+08 2.570148620604999792e+02 1.866350769999999937e+00 7.788969277999999719e-01
1.552330283961000144e+08 2.559121856689000083e+02 1.653180837599999897e+00 9.884586929999999994e-01
1.552331283961000144e+08 2.562453613280999889e+02 1.870852589599999893e+00 7.728320360000000555e-01
1.552332283961000144e+08 2.530809326172000056e+02 1.643833279599999919e+00 9.886718987999999486e-01
1.552333283961000144e+08 2.535982666015999882e+02 1.847639918300000073e+00 7.841874360999999682e-01
1.552334283961000144e+08 2.543517761230000076e+02 1.855198979399999892e+00 7.801211475999999534e-01
1.552335283961000144e+08 2.533978729247999979e+02 1.645059227900000032e+00 9.884350896000000386e-01
1.552336283961000144e+08 2.543156127930000139e+02 1.852964639699999916e+00 7.818924189000000524e-01
1.552337283961000144e+08 2.587274169922000056e+02 1.868080258400000027e+00 7.826358079999999884e-01
1.552338283961000144e+08 2.602899780272999806e+02 1.667326927199999975e+00 9.883806108999999562e-01
1.552339283961000144e+08 2.588859252930000139e+02 1.875984907200000107e+00 7.765296101999999978e-01
1.552340283961000144e+08 2.557170257568000125e+02 1.721307635300000083e+00 9.110683799000000027e-01
1.552341283961000144e+08 2.589815368651999847e+02 1.784383058500000008e+00 8.586198687999999635e-01
1.552342283961000144e+08 2.590119323729999792e+02 1.876602530500000032e+00 7.763963341999999823e-01
1.552343283961000144e+08 2.650045776366999917e+02 1.682407736800000109e+00 9.883236289000000285e-01
1.552344283961000144e+08 2.627349548340000069e+02 1.881001830099999994e+00 7.838765978999999717e-01
1.552345283961000144e+08 2.608678588866999917e+02 1.876213073700000011e+00 7.822841405999999553e-01
1.552346283961000144e+08 2.659075317383000083e+02 1.896873235699999993e+00 7.801216244999999994e-01
1.552347283961000144e+08 2.642448425293000014e+02 1.755905747399999939e+00 9.047163725000000323e-01
1.552348283961000144e+08 2.659871520995999958e+02 1.805513739600000056e+00 8.613256811999999707e-01
1.552349283961000144e+08 2.690834350586000028e+02 1.905711173999999897e+00 7.821339368999999930e-01
1.552350283961000144e+08 2.647500915526999847e+02 1.749785304099999994e+00 9.127984046999999546e-01
1.552351283961000144e+08 2.662970581055000139e+02 1.809410691300000096e+00 8.586187959000000092e-01
1.552352283961000144e+08 2.669252014159999931e+02 1.900365114199999983e+00 7.802320123000000551e-01
1.552353283961000144e+08 2.744416198729999792e+02 1.928483962999999912e+00 7.789798379000000272e-01
1.552354283961000144e+08 2.675421752930000139e+02 1.897844076199999952e+00 7.841144799999999471e-01
1.552355283961000144e+08 2.687602233887000125e+02 1.694106221199999984e+00 9.885349274000000408e-01
1.552356283961000144e+08 2.681972045897999806e+02 1.904840469400000069e+00 7.802707553000000074e-01
1.552357283961000144e+08 2.723949890137000125e+02 1.916090369199999977e+00 7.832050323000000480e-01
1.552358283961000144e+08 2.705957031250000000e+02 1.909870624499999892e+00 7.831073402999999544e-01
1.552359283961000144e+08 2.732273559569999861e+02 1.780634641600000068e+00 9.096677898999999679e-01
1.552360283961000144e+08 2.717480163573999903e+02 1.827809452999999973e+00 8.586433530000000536e-01
1.552361283961000144e+08 2.704824829102000194e+02 1.909024000200000071e+00 7.834741472999999790e-01
1.552362283961000144e+08 2.707498474120999958e+02 1.916455984099999954e+00 7.781777977999999596e-01
1.552363283961000144e+08 2.743120117188000222e+02 1.862752199200000014e+00 8.345319033000000442e-01
1.552364283961000144e+08 2.691066589354999792e+02 1.739905595800000038e+00 9.383856057999999667e-01
1.552365283961000144e+08 2.698012084961000028e+02 1.904452800799999901e+00 7.852569221999999849e-01
1.552366283961000144e+08 2.716647033690999820e+02 1.920767545699999967e+00 7.773058414000000305e-01
1.552367283961000144e+08 2.728289489745999958e+02 1.864497661599999967e+00 8.284667730000000452e-01
1.552368283961000144e+08 2.725660705565999820e+02 1.785371661199999904e+00 9.026572108000000538e-01
1.552369283961000144e+08 2.707011718750000000e+02 1.867704272299999912e+00 8.191853761999999817e-01
1.552370283961000144e+08 2.714556884766000167e+02 1.912608623499999938e+00 7.833485602999999964e-01
1.552371283961000144e+08 2.667857055663999972e+02 1.896634101899999925e+00 7.828953861999999875e-01
1.552372283961000144e+08 2.708243103026999847e+02 1.866821885100000022e+00 8.203330039999999768e-01
1.552373283961000144e+08 2.695228881836000028e+02 1.741250753399999907e+00 9.383856057999999667e-01
1.552374283961000144e+08 2.692535705565999820e+02 1.907394528400000011e+00 7.812476753999999524e-01
1.552375283961000144e+08 2.692778625487999875e+02 1.906562089899999979e+00 7.820004820999999495e-01
1.552376283961000144e+08 2.705257263184000180e+02 1.733854293799999891e+00 9.499301909999999793e-01
1.552377283961000144e+08 2.712283935547000056e+02 1.870229244199999918e+00 8.185660838999999633e-01
1.552378283961000144e+08 2.652423400879000042e+02 1.899780869500000025e+00 7.757899164999999542e-01
1.552379283961000144e+08 2.681267395020000208e+02 1.722516655900000027e+00 9.539411067999999938e-01
1.552380283961000144e+08 2.682682189940999820e+02 1.860150098799999929e+00 8.184300064999999735e-01
1.552381283961000144e+08 2.699173278809000180e+02 1.905035138099999914e+00 7.851146460000000271e-01
1.552382283961000144e+08 2.651885070801000097e+02 1.889725565900000070e+00 7.839087247999999564e-01
1.552383283961000144e+08 2.698175964354999792e+02 1.697368860200000107e+00 9.886124729999999916e-01
1.552384283961000144e+08 2.663629150391000167e+02 1.896313786499999932e+00 7.819187641000000522e-01
1.552385283961000144e+08 2.684061889647999806e+02 1.909747719799999910e+00 7.768708466999999507e-01
1.552386283961000144e+08 2.693563537598000153e+02 1.855689287199999926e+00 8.257051109999999916e-01
1.552387283961000144e+08 2.694750366211000028e+02 1.742287397399999938e+00 9.371027946000000108e-01
1.552388283961000144e+08 2.707108459473000153e+02 1.914358377499999930e+00 7.797716855999999863e-01
1.552389283961000144e+08 2.722433166504000042e+02 1.913840055499999915e+00 7.846107482999999938e-01
1.552390283961000144e+08 2.686652526854999792e+02 1.906962752299999897e+00 7.798936963000000500e-01
1.552391283961000144e+08 2.728337707520000208e+02 1.706845402699999958e+00 9.885941743999999698e-01
1.552392283961000144e+08 2.752670898438000222e+02 1.930807590499999948e+00 7.794433831999999507e-01
1.552393283961000144e+08 2.675620117188000222e+02 1.914628148100000038e+00 7.704843878999999562e-01
1.552394283961000144e+08 2.694632873534999931e+02 1.909790873499999986e+00 7.798953055999999773e-01
1.552395283961000144e+08 2.703442993163999972e+02 1.921690106400000042e+00 7.727852464000000143e-01
1.552396283961000144e+08 2.715852050780999889e+02 1.702937722199999948e+00 9.885914921999999772e-01
1.552397283961000144e+08 2.742708435059000180e+02 1.931580543499999969e+00 7.760009766000000031e-01
1.552398283961000144e+08 2.700213623047000056e+02 1.909769177400000073e+00 7.815282344999999742e-01
1.552399283961000144e+08 2.671950683594000111e+02 1.759882092500000050e+00 9.106879829999999787e-01
1.552400283961000144e+08 2.700116271973000153e+02 1.821204543099999906e+00 8.593563437000000249e-01
1.552401283961000144e+08 2.684468383788999972e+02 1.902921438199999926e+00 7.825730442999999648e-01
1.552402283961000144e+08 2.691636047362999875e+02 1.808178424799999906e+00 8.690446615000000374e-01
1.552403283961000144e+08 2.642368774413999972e+02 1.765467405299999903e+00 8.949159979999999903e-01
1.552404283961000144e+08 2.698240051270000208e+02 1.911147594500000046e+00 7.798308134000000447e-01
1.552405283961000144e+08 2.691011657715000069e+02 1.908422946900000028e+00 7.799640893999999491e-01
1.552406283961000144e+08 2.700817565918000014e+02 1.905816078199999986e+00 7.849493026999999623e-01
1.552407283961000144e+08 2.682265625000000000e+02 1.692559123000000110e+00 9.883764386000000179e-01
1.552408283961000144e+08 2.709638977051000097e+02 1.912135839500000101e+00 7.823160290999999766e-01
1.552409283961000144e+08 2.738473205565999820e+02 1.926353812199999904e+00 7.790128589000000492e-01
1.552410283961000144e+08 2.709305725098000153e+02 1.907914400099999908e+00 7.856850624000000227e-01
1.552411283961000144e+08 2.761694641112999875e+02 1.938711643200000001e+00 7.756351828999999976e-01
1.552412283961000144e+08 2.714111022948999903e+02 1.926598072100000003e+00 7.718869447999999744e-01
1.552413283961000144e+08 2.682267761229999792e+02 1.692459225699999958e+00 9.884938001999999946e-01
1.552414283961000144e+08 2.708413085938000222e+02 1.910557389300000075e+00 7.832546830000000071e-01
1.552415283961000144e+08 2.717796936034999931e+02 1.921196341499999960e+00 7.772877216000000367e-01
1.552416283961000144e+08 2.697475280762000125e+02 1.913632512099999960e+00 7.775864600999999876e-01
1.552417283961000144e+08 2.744184570311999778e+02 1.712108373600000011e+00 9.882323741999999855e-01
1.552418283961000144e+08 2.709286804198999903e+02 2.123054504400000209e+00 6.345137953999999691e-01
