1.057016124185609967e+08 3.363256835938000222e+02 4.789829731000000201e+00 7.013196349000000440e-01 3.950476347999999915e-01 7.095264639999999956e-02
1.057017124185609967e+08 3.398492126465000069e+02 4.807724475899999739e+00 7.014523149000000402e-01 2.930443883000000138e-01 6.110398100000000166e-02
1.057018124185609967e+08 3.503179931641000167e+02 4.890519618999999985e+00 7.013391256000000018e-01 4.460090995000000058e-01 7.538929580000000574e-02
1.057019124185609967e+08 3.453183898926000097e+02 4.858832359300000014e+00 7.014064193000000280e-01 4.969338775000000097e-01 7.957310230000000373e-02
1.057020124185609967e+08 3.425076599120999958e+02 4.836723804500000057e+00 7.014512419999999748e-01 4.586789011999999888e-01 7.644648099999999669e-02
1.057021124185609967e+08 3.381846008301000097e+02 4.819891452800000309e+00 7.012767791999999778e-01 6.627010106999999817e-01 9.190009529999999816e-02
1.057022124185609967e+08 3.517269592284999931e+02 4.901645660399999826e+00 7.013849020000000323e-01 4.714645742999999944e-01 7.750830050000000193e-02
1.057023124185609967e+08 3.395685119629000042e+02 4.816392421699999815e+00 7.013882995000000342e-01 4.587200880000000258e-01 7.645334300000000693e-02
1.057024124185609967e+08 3.464484558104999792e+02 4.864327430700000399e+00 7.013980149999999858e-01 4.587136804999999984e-01 7.645228510000000310e-02
1.057025124185609967e+08 3.464541931151999847e+02 4.865890979799999627e+00 7.014154195999999786e-01 4.841857850999999879e-01 7.854530220000000007e-02
1.057026124185609967e+08 3.415807189940999820e+02 4.822422981299999911e+00 7.014057040000000187e-01 3.312895893999999730e-01 6.497123840000000594e-02
1.057027124185609967e+08 3.407908020020000208e+02 4.820030689200000218e+00 7.014235258000000028e-01 3.822475075999999805e-01 6.978853050000000113e-02
1.057028124185609967e+08 3.458109130858999833e+02 4.854488849600000044e+00 7.013571857999999493e-01 3.695409000000000055e-01 6.862202289999999594e-02
1.057029124185609967e+08 3.427710876465000069e+02 4.842722415899999966e+00 7.013998627999999957e-01 5.224225520999999928e-01 8.158869300000000380e-02
1.057030124185609967e+08 3.413866577147999806e+02 4.824865818000000139e+00 7.014620900000000381e-01 3.949674069999999926e-01 7.093823700000000121e-02
1.057031124185609967e+08 3.448110351561999778e+02 4.855058670000000021e+00 7.014773488000000112e-01 4.968836307999999757e-01 7.956506309999999971e-02
1.057032124185609967e+08 3.459081726073999903e+02 4.853411197699999846e+00 7.014045715000000181e-01 3.440320492000000230e-01 6.620900329999999945e-02
1.057033124185609967e+08 3.398208923340000069e+02 4.818034172099999957e+00 7.014246583000000035e-01 4.586962759000000056e-01 7.644937929999999493e-02
1.057034124185609967e+08 3.510724487305000139e+02 4.889695167500000217e+00 7.014846801999999881e-01 3.567332327000000136e-01 6.741624329999999776e-02
1.057035124185609967e+08 3.538861083983999833e+02 4.915015697500000336e+00 7.013580203000000513e-01 4.459970891000000215e-01 7.538726930000000381e-02
1.057036124185609967e+08 3.471625976561999778e+02 4.866856098200000424e+00 7.014117240999999670e-01 4.204793572000000146e-01 7.319606100000000670e-02
1.057037124185609967e+08 3.479356689452999944e+02 4.873910903899999703e+00 7.013789415000000194e-01 4.459837972999999844e-01 7.538501920000000023e-02
1.057038124185609967e+08 3.415036315918000014e+02 4.830520153000000150e+00 7.014488577999999919e-01 4.714215994000000021e-01 7.750122989999999601e-02
1.057039124185609967e+08 3.609987792969000111e+02 4.963322162599999920e+00 7.014403342999999680e-01 4.459447563000000225e-01 7.537842540000000424e-02
1.057040124185609967e+08 3.553946838379000042e+02 4.922125339499999974e+00 7.013880609999999516e-01 3.950090706000000118e-01 7.094572479999999848e-02
1.057041124185609967e+08 3.553534545897999806e+02 4.927886962899999723e+00 7.014494538000000112e-01 4.969034194999999987e-01 7.956822219999999668e-02
1.057042124185609967e+08 3.475308227538999972e+02 4.871107578300000185e+00 7.013786435000000097e-01 4.459839761000000125e-01 7.538504899999999564e-02
1.057043124185609967e+08 3.465380859375000000e+02 4.860176086400000095e+00 7.014027238000000164e-01 3.822588623000000019e-01 6.979060169999999619e-02
1.057044124185609967e+08 3.491638183594000111e+02 4.878063678700000239e+00 7.012660502999999990e-01 3.695889115000000058e-01 6.863094120000000353e-02
1.057045124185609967e+08 3.627602844237999875e+02 4.973880291000000398e+00 7.013996243000000241e-01 4.204865991999999775e-01 7.319732010000000455e-02
1.057046124185609967e+08 3.576118469237999875e+02 4.936501502999999680e+00 7.013940811000000108e-01 3.822635412000000010e-01 6.979145850000000040e-02
1.057047124185609967e+08 3.630122985840000069e+02 4.976915359500000413e+00 7.014620900000000381e-01 4.459309280000000042e-01 7.537607849999999887e-02
1.057048124185609967e+08 3.667202758788999972e+02 4.999080657999999566e+00 7.014148234999999509e-01 3.949939907000000194e-01 7.094302030000000647e-02
1.057049124185609967e+08 3.624085388184000180e+02 4.970668315900000245e+00 7.014133930000000516e-01 4.077365994000000105e-01 7.207832490000000425e-02
1.057050124185609967e+08 3.660095214844000111e+02 4.996665477799999699e+00 7.013953327999999932e-01 4.332312643999999824e-01 7.429855320000000596e-02
1.057051124185609967e+08 3.608376159668000014e+02 4.960590362499999628e+00 7.014633417000000204e-01 4.204483925999999983e-01 7.319067419999999990e-02
1.057052124185609967e+08 3.694700012206999986e+02 5.017488002800000402e+00 7.014482021000000289e-01 3.949752152000000072e-01 7.093963770000000224e-02
1.057053124185609967e+08 3.722357788086000028e+02 5.043665409099999941e+00 7.014588118000000261e-01 5.223786831000000186e-01 8.158184590000000513e-02
1.057054124185609967e+08 3.714346008301000097e+02 5.036930084199999769e+00 7.014152407999999506e-01 4.969276488000000103e-01 7.957210389999999633e-02
1.057055124185609967e+08 3.731586608887000125e+02 5.037780761699999665e+00 7.014112473000000403e-01 3.185451626999999952e-01 6.370903549999999693e-02
1.057056124185609967e+08 3.768785400391000167e+02 5.130602836599999605e+00 6.860075593000000138e-01 5.080886483000000009e-01 8.135928959999999543e-02
1.057057124185609967e+08 3.770336303711000028e+02 5.184493541700000208e+00 6.712187528999999930e-01 4.527084529000000024e-01 7.763885709999999996e-02
1.057058124185609967e+08 3.857969055176000097e+02 5.126784324599999998e+00 7.014723419999999710e-01 4.077022969999999913e-01 7.207226749999999516e-02
1.057059124185609967e+08 3.786680908202999944e+02 5.075550556199999619e+00 7.013461589999999690e-01 3.313177227999999919e-01 6.497675179999999606e-02
1.057060124185609967e+08 3.831256103516000167e+02 5.116872787500000186e+00 7.014282941999999688e-01 5.351428985999999721e-01 8.257433770000000006e-02
1.057061124185609967e+08 3.796111145020000208e+02 5.092900276199999965e+00 7.014239429999999942e-01 5.224046111000000270e-01 8.158589900000000339e-02
1.057062124185609967e+08 3.891181335448999903e+02 5.147291183500000145e+00 7.014208436000000102e-01 3.822489976999999817e-01 6.978879870000000152e-02
1.057063124185609967e+08 3.924734191895000208e+02 5.167018890399999620e+00 7.014170884999999522e-01 3.440259098999999821e-01 6.620781870000000402e-02
1.057064124185609967e+08 3.788629760741999917e+02 5.087901592299999720e+00 7.014344930999999450e-01 5.223967432999999660e-01 8.158466220000000491e-02
1.057065124185609967e+08 3.925586547852000194e+02 5.184380054500000057e+00 7.013055682000000068e-01 6.244426370000000226e-01 8.920609209999999512e-02
1.057066124185609967e+08 3.841078796387000125e+02 5.117507457700000373e+00 7.013785243000000280e-01 4.332416356000000079e-01 7.430032640000000521e-02
1.057067124185609967e+08 3.923139038086000028e+02 5.176481246899999888e+00 7.013990879000000511e-01 5.224231482000000204e-01 8.158878240000000392e-02
1.057068124185609967e+08 3.837950134276999847e+02 5.113743782000000238e+00 7.014306783999999517e-01 4.077265263000000028e-01 7.207654419999999507e-02
1.057069124185609967e+08 3.835162658690999820e+02 5.117237567900000172e+00 7.014151215999999689e-01 4.969277084000000011e-01 7.957211879999999404e-02
1.057070124185609967e+08 3.850708923340000069e+02 5.122113227799999891e+00 7.014425397000000340e-01 4.077196418999999850e-01 7.207532969999999595e-02
1.057071124185609967e+08 3.898155517577999944e+02 5.158761978100000256e+00 7.013750671999999797e-01 4.969560801999999833e-01 7.957666369999999434e-02
1.057072124185609967e+08 3.885132446288999972e+02 5.150102138500000315e+00 7.014108895999999760e-01 4.969307184000000266e-01 7.957260310000000003e-02
1.057073124185609967e+08 3.874480895995999958e+02 5.143217086800000004e+00 7.013841270999999766e-01 4.969496727000000114e-01 7.957563550000000541e-02
1.057074124185609967e+08 3.866116638184000180e+02 5.143615245800000402e+00 7.014138103000000513e-01 5.988627671999999791e-01 8.735311029999999477e-02
1.057075124185609967e+08 3.917835388184000180e+02 5.160314559899999765e+00 7.014052868000000274e-01 3.058059513999999979e-01 6.242237989999999820e-02
1.057076124185609967e+08 3.852377014159999931e+02 5.127399444599999967e+00 7.013270258999999562e-01 4.715034664000000153e-01 7.751469310000000390e-02
1.057077124185609967e+08 3.860634155272999806e+02 5.137855529800000376e+00 7.013897300000000445e-01 5.606567263999999717e-01 8.452218029999999938e-02
1.057078124185609967e+08 3.948117980956999986e+02 5.186038494099999951e+00 7.014034390000000174e-01 4.077423810999999954e-01 7.207934559999999713e-02
1.057079124185609967e+08 3.943748779297000056e+02 5.181590080300000345e+00 7.014347315000000194e-01 3.822414278999999859e-01 6.978741289999999819e-02
1.057080124185609967e+08 3.918539428711000028e+02 5.170324325600000215e+00 7.014461755999999992e-01 4.714233576999999897e-01 7.750152050000000403e-02
1.057081124185609967e+08 3.878595886229999792e+02 5.142702579499999871e+00 7.014425397000000340e-01 4.459433555999999799e-01 7.537818699999999927e-02
1.057082124185609967e+08 3.933205261229999792e+02 5.189015388499999659e+00 7.013915180999999999e-01 6.243661045999999715e-01 8.919515460000000673e-02
1.057083124185609967e+08 3.954143981934000180e+02 5.189926147499999587e+00 7.014120220999999766e-01 4.077373743000000106e-01 7.207846639999999916e-02
1.057084124185609967e+08 3.923743896483999833e+02 5.178221702600000143e+00 7.014372945000000303e-01 5.478773713000000267e-01 8.355051280000000413e-02
1.057085124185609967e+08 3.953605346680000139e+02 5.186437129999999840e+00 7.014567256000000528e-01 3.567474782000000233e-01 6.741893290000000594e-02
1.057086124185609967e+08 3.958687133788999972e+02 5.200149059300000154e+00 7.014517188000000125e-01 5.351250172000000527e-01 8.257158100000000500e-02
1.057087124185609967e+08 3.965216674805000139e+02 5.206766128499999979e+00 7.014092207000000023e-01 5.733829737000000204e-01 8.547488599999999992e-02
1.057088124185609967e+08 3.888522644043000014e+02 5.149080753299999813e+00 7.014780641000000205e-01 4.459207653999999743e-01 7.537436490000000433e-02
1.057089124185609967e+08 3.933074035645000208e+02 5.168685436199999650e+00 7.014305591999999701e-01 2.803120315000000029e-01 5.976272369999999917e-02
1.057090124185609967e+08 3.966776428223000153e+02 5.198007106800000443e+00 7.014459372000000359e-01 4.077176750000000016e-01 7.207497949999999709e-02
1.057091124185609967e+08 3.928074340819999861e+02 5.180084228500000165e+00 7.014948725999999857e-01 5.350921154000000124e-01 8.256650719999999999e-02
1.057092124185609967e+08 4.043658752440999820e+02 5.249019146000000191e+00 7.014809846999999765e-01 4.331783652000000262e-01 7.428947839999999747e-02
1.057093124185609967e+08 3.971541442870999958e+02 5.206426620500000269e+00 7.014082670000000297e-01 4.969325960000000042e-01 7.957290109999999583e-02
1.057094124185609967e+08 3.896045837401999847e+02 5.154074668899999878e+00 7.014601826999999901e-01 4.459321200999999957e-01 7.537628709999999455e-02
1.057095124185609967e+08 3.922606201172000056e+02 5.176474571199999986e+00 7.015072106999999946e-01 5.350826978999999595e-01 8.256504679999999985e-02
1.057096124185609967e+08 3.971073913573999903e+02 5.198877811400000049e+00 7.013641595999999812e-01 3.695372343000000170e-01 6.862133739999999593e-02
1.057097124185609967e+08 4.084981689452999944e+02 5.278793334999999587e+00 7.013877630000000529e-01 4.842048585000000016e-01 7.854840159999999794e-02
1.057098124185609967e+08 3.975297546387000125e+02 5.205894947100000003e+00 7.014094590999999657e-01 4.459643959999999852e-01 7.538174089999999383e-02
1.057099124185609967e+08 3.975347900391000167e+02 5.211948871599999755e+00 7.013826965999999663e-01 5.479199886000000186e-01 8.355701710000000559e-02
1.057100124185609967e+08 3.891990661620999958e+02 5.157465457899999883e+00 7.014430164999999606e-01 5.478729009999999677e-01 8.354983480000000018e-02
1.057101124185609967e+08 4.056066284180000139e+02 5.253972053500000072e+00 7.015031576000000380e-01 3.822041153999999885e-01 6.978060310000000488e-02
1.057102124185609967e+08 4.008457031250000000e+02 5.232677936600000024e+00 7.013640403999999995e-01 5.351919532000000146e-01 8.258190749999999580e-02
1.057103124185609967e+08 4.096083679198999903e+02 5.282229423499999577e+00 7.013901472000000359e-01 4.204922615999999724e-01 7.319831100000000201e-02
1.057104124185609967e+08 4.034382629395000208e+02 5.249797344200000104e+00 7.014459372000000359e-01 5.478705764000000311e-01 8.354948460000000132e-02
1.057105124185609967e+08 4.050680541991999917e+02 5.255083084099999802e+00 7.014585733000000545e-01 4.586741029999999997e-01 7.644568379999999719e-02
1.057106124185609967e+08 4.046838378905999889e+02 5.248873710599999853e+00 7.014774679999999929e-01 3.949587345000000194e-01 7.093667979999999929e-02
1.057107124185609967e+08 3.978910827637000125e+02 5.206562519100000230e+00 7.014610767000000191e-01 4.204497635000000177e-01 7.319090520000000322e-02
1.057108124185609967e+08 4.033803710938000222e+02 5.247669696800000061e+00 7.015216350999999850e-01 5.223318933999999691e-01 8.157453689999999424e-02
1.057109124185609967e+08 4.068869323729999792e+02 5.267413139300000324e+00 7.014767527999999919e-01 4.714028537000000130e-01 7.749815290000000578e-02
1.057110124185609967e+08 4.034453430176000097e+02 5.244633197799999813e+00 7.014636992999999654e-01 4.586707651999999968e-01 7.644512500000000266e-02
1.057111124185609967e+08 4.003321228026999847e+02 5.228158473999999778e+00 7.012926339999999703e-01 5.097584724000000511e-01 8.059989659999999834e-02
1.057112124185609967e+08 4.039289855956999986e+02 5.251010417899999894e+00 7.013767958000000080e-01 5.096973180999999631e-01 8.059021830000000219e-02
1.057113124185609967e+08 4.053627319336000028e+02 5.259881496400000245e+00 7.014654278999999937e-01 5.096328854999999658e-01 8.058004080000000235e-02
1.057114124185609967e+08 3.978394470215000069e+02 5.207026004800000329e+00 7.014457582999999996e-01 4.332001208999999853e-01 7.429321110000000616e-02
1.057115124185609967e+08 4.026609802245999958e+02 5.241816997499999964e+00 7.014566660000000065e-01 4.968982637000000091e-01 7.956740260000000342e-02
1.057116124185609967e+08 4.154873352051000097e+02 5.322413921399999914e+00 7.014272808999999498e-01 4.714360832999999751e-01 7.750361410000000673e-02
1.057117124185609967e+08 3.981916503905999889e+02 5.209404945400000209e+00 7.014198302999999912e-01 4.332161546000000141e-01 7.429596039999999957e-02
1.057118124185609967e+08 4.010975646973000153e+02 5.225705623599999683e+00 7.014938592999999667e-01 3.949495256000000176e-01 7.093502579999999558e-02
1.057119124185609967e+08 4.113502807616999917e+02 5.299832344100000370e+00 7.014073730000000007e-01 5.351588725999999463e-01 8.257680389999999537e-02
1.057120124185609967e+08 4.125886840819999861e+02 5.306066513100000215e+00 7.014577388999999608e-01 5.096384883000000254e-01 8.058092000000000033e-02
1.057121124185609967e+08 4.189773864745999958e+02 5.342344760899999656e+00 7.014241219000000305e-01 4.332135021999999891e-01 7.429549840000000682e-02
1.057122124185609967e+08 4.134041442870999958e+02 5.312403678899999981e+00 7.013459802000000520e-01 5.224626660000000200e-01 8.159496639999999634e-02
1.057123124185609967e+08 4.094183044434000180e+02 5.279289722399999718e+00 7.014599442000000185e-01 3.949685990999999841e-01 7.093845310000000681e-02
1.057124124185609967e+08 4.087110595702999944e+02 5.271819591499999902e+00 7.014661430999999947e-01 3.440018593999999985e-01 6.620319189999999965e-02
1.057125124185609967e+08 4.063664855956999986e+02 5.264205455799999989e+00 7.014431357000000533e-01 4.714254140999999954e-01 7.750186320000000684e-02
1.057126124185609967e+08 4.042645568848000153e+02 5.250649928999999716e+00 7.014599442000000185e-01 4.714141487999999880e-01 7.750000799999999523e-02
1.057127124185609967e+08 4.121207885741999917e+02 5.302439212800000412e+00 7.014378309000000034e-01 4.969116150999999815e-01 7.956954089999999924e-02
1.057128124185609967e+08 4.114805297852000194e+02 5.296787261999999608e+00 7.014693617999999686e-01 4.714078009000000069e-01 7.749896500000000299e-02
1.057129124185609967e+08 4.077605895995999958e+02 6.718831062299999601e+00 4.330593050000000055e-01 5.778490305000000271e-01 1.092032044999999979e-01
1.057130124185609967e+08 4.079850769043000014e+02 5.608216762499999675e+00 6.205170750999999818e-01 4.752957821000000083e-01 8.273837720000000451e-02
1.057131124185609967e+08 4.073000488280999889e+02 5.264877796200000404e+00 7.014923692000000210e-01 3.822099863999999791e-01 6.978167590000000642e-02
1.057132124185609967e+08 4.013251647948999903e+02 5.233302593200000352e+00 7.014322281000000547e-01 4.969156086000000028e-01 7.957017419999999619e-02
1.057133124185609967e+08 4.038384399413999972e+02 5.256214141800000128e+00 7.013992666999999681e-01 6.116171478999999911e-01 8.827933670000000232e-02
1.057134124185609967e+08 4.024201354979999792e+02 5.239325523399999796e+00 7.015110253999999879e-01 4.841197729000000227e-01 7.853459570000000112e-02
1.057135124185609967e+08 4.097629089354999792e+02 5.288122654000000367e+00 7.014426589000000156e-01 5.096494554999999593e-01 8.058265600000000251e-02
1.057136124185609967e+08 3.994143676758000083e+02 5.228177547499999633e+00 7.014765143000000203e-01 6.242904662999999577e-01 8.918435130000000599e-02
1.057137124185609967e+08 4.113432617188000222e+02 5.299061298399999842e+00 7.014070748999999827e-01 5.224171877000000075e-01 8.158785849999999895e-02
1.057138124185609967e+08 3.932353820801000097e+02 5.181632518799999865e+00 7.014282346000000334e-01 5.096599459999999748e-01 8.058431000000000621e-02
1.057139124185609967e+08 4.036660766602000194e+02 5.247548580200000146e+00 7.014568448000000345e-01 4.841572046000000018e-01 7.854066789999999965e-02
1.057140124185609967e+08 4.009557800293000014e+02 5.225879669200000244e+00 7.014002204000000518e-01 4.077442586000000202e-01 7.207968089999999828e-02
1.057141124185609967e+08 4.004460144043000014e+02 5.226928710900000219e+00 7.014226913000000119e-01 4.841807484999999800e-01 7.854448999999999459e-02
1.057142124185609967e+08 4.012218322754000042e+02 5.228261947600000070e+00 7.014195919000000279e-01 4.204746187000000246e-01 7.319523390000000351e-02
1.057143124185609967e+08 4.072267761229999792e+02 5.274836540199999924e+00 7.014428377000000436e-01 5.606142281999999533e-01 8.451578020000000135e-02
1.057144124185609967e+08 3.924616699219000111e+02 5.171750068699999758e+00 7.015278338999999530e-01 4.331494271999999923e-01 7.428451630000000583e-02
1.057145124185609967e+08 4.127298889159999931e+02 5.301125526399999899e+00 7.014644145999999747e-01 4.077069162999999996e-01 7.207308710000000229e-02
1.057146124185609967e+08 3.877854614258000083e+02 5.150333881399999925e+00 7.014752029999999916e-01 5.860697030999999502e-01 8.641126749999999967e-02
1.057147124185609967e+08 4.017462768555000139e+02 5.234745502500000036e+00 7.013789415000000194e-01 4.714685678000000157e-01 7.750895620000000652e-02
1.057148124185609967e+08 4.041218566895000208e+02 5.248995304100000148e+00 7.014608382999999447e-01 4.586726128999999985e-01 7.644543049999999451e-02
1.057149124185609967e+08 4.023880004883000083e+02 5.239350795700000063e+00 7.014494538000000112e-01 4.841622709999999774e-01 7.854149489999999456e-02
1.057150124185609967e+08 4.037738342284999931e+02 5.245312213900000131e+00 7.014543413999999588e-01 4.331948459000000140e-01 7.429230209999999890e-02
1.057151124185609967e+08 3.960131835938000222e+02 5.195844173400000265e+00 7.014655470999999753e-01 4.459287225999999937e-01 7.537571340000000231e-02
1.057152124185609967e+08 3.915878906250000000e+02 5.163974285100000117e+00 7.014829515999999598e-01 3.949556350999999799e-01 7.093612850000000081e-02
1.057153124185609967e+08 3.935306091309000180e+02 5.183273792299999627e+00 7.015034556000000476e-01 5.096052884999999755e-01 8.057566730000000066e-02
1.057154124185609967e+08 4.005100708008000083e+02 5.228009700800000381e+00 7.014412880000000516e-01 4.969092010999999753e-01 7.956915350000000331e-02
1.057155124185609967e+08 3.923598327637000125e+02 5.181265831000000155e+00 7.013939619000000292e-01 5.988796949000000369e-01 8.735557650000000396e-02
1.057156124185609967e+08 4.009330749512000125e+02 5.226963996900000353e+00 7.014650105999999941e-01 4.331882297999999909e-01 7.429116959999999825e-02
1.057157124185609967e+08 3.965141601561999778e+02 5.192589283000000222e+00 7.014201879999999445e-01 3.312827348999999866e-01 6.496988979999999969e-02
1.057158124185609967e+08 3.903536376952999944e+02 5.154373168900000302e+00 7.014921903999999930e-01 3.694697618000000183e-01 6.860881300000000460e-02
1.057159124185609967e+08 3.911937561034999931e+02 5.173088073699999789e+00 7.015483974999999761e-01 5.987478495000000400e-01 8.733635400000000493e-02
1.057160124185609967e+08 3.964738769530999889e+02 5.206921577500000176e+00 6.983182430000000052e-01 3.839472829999999726e-01 7.009886210000000617e-02
1.057161124185609967e+08 3.979250183104999792e+02 5.221779346499999974e+00 6.974751948999999840e-01 4.228525161999999726e-01 7.360917329999999703e-02
1.057162124185609967e+08 3.799765014647999806e+02 5.085382461500000062e+00 7.014494538000000112e-01 3.567511439000000117e-01 6.741963330000000365e-02
1.057163124185609967e+08 3.960361938477000194e+02 5.198922634099999662e+00 7.014756202999999912e-01 4.968848825000000136e-01 7.956525679999999767e-02
1.057164124185609967e+08 3.936250915526999847e+02 5.189386367800000066e+00 7.014245986999999571e-01 5.988535284999999542e-01 8.735176919999999845e-02
1.057165124185609967e+08 3.730599975586000028e+02 5.046669960000000010e+00 7.015182972000000294e-01 4.841147959000000056e-01 7.853379100000000557e-02
1.057166124185609967e+08 3.882381591797000056e+02 5.134729862200000383e+00 7.014306783999999517e-01 2.675705253999999811e-01 5.838867650000000020e-02
1.057167124185609967e+08 3.881043701172000056e+02 5.149497985800000066e+00 7.014568448000000345e-01 5.351211429000000130e-01 8.257097750000000347e-02
1.057168124185609967e+08 3.911960449219000111e+02 5.160800933800000045e+00 7.014466524000000369e-01 3.822349310000000000e-01 6.978622819999999449e-02
1.057169124185609967e+08 3.837833862305000139e+02 5.115454196900000028e+00 7.013548016999999746e-01 4.332562983000000090e-01 7.430284469999999530e-02
1.057170124185609967e+08 3.874980163573999903e+02 5.139465808899999821e+00 7.014732361000000083e-01 4.331831634000000153e-01 7.429029789999999633e-02
1.057171124185609967e+08 3.887002258301000097e+02 5.137696743000000232e+00 7.014494538000000112e-01 2.675633728999999850e-01 5.838711559999999745e-02
1.057172124185609967e+08 3.885347290038999972e+02 5.144577503199999846e+00 7.015251516999999604e-01 4.076716303999999846e-01 7.206684350000000516e-02
1.057173124185609967e+08 3.952030639647999806e+02 5.189883709000000067e+00 7.014532088999999582e-01 4.331955314000000001e-01 7.429242129999999444e-02
1.057174124185609967e+08 3.936851196288999972e+02 5.178142070799999885e+00 7.013536691999999739e-01 3.950284420999999879e-01 7.094920429999999889e-02
1.057175124185609967e+08 3.903538208008000083e+02 5.161120891600000427e+00 7.014865875000000361e-01 4.841366708000000019e-01 7.853733749999999847e-02
1.057176124185609967e+08 3.949117431641000167e+02 5.187847614299999854e+00 7.014911175000000387e-01 4.331721067000000036e-01 7.428839800000000548e-02
1.057177124185609967e+08 3.851266174315999820e+02 5.124967575100000339e+00 7.013801932000000017e-01 4.459829627999999935e-01 7.538488509999999310e-02
1.057178124185609967e+08 3.964004516602000194e+02 5.197547912600000153e+00 7.014840840999999605e-01 4.331764578999999782e-01 7.428915049999999798e-02
1.057179124185609967e+08 3.985895080565999820e+02 5.213319301600000344e+00 7.014575601000000438e-01 4.586747587000000181e-01 7.644579560000000495e-02
1.057180124185609967e+08 4.016849365233999833e+02 5.242411613499999845e+00 7.013881207000000062e-01 6.116269230999999973e-01 8.828073740000000336e-02
1.057181124185609967e+08 3.958410339354999792e+02 5.195621967300000144e+00 7.014244794999999755e-01 4.586963951999999956e-01 7.644940170000000257e-02
1.057182124185609967e+08 3.836157836913999972e+02 5.115539550800000335e+00 7.014406322999999777e-01 4.586858153000000216e-01 7.644763590000000497e-02
1.057183124185609967e+08 3.957666625977000194e+02 5.188391208599999693e+00 7.014418839999999600e-01 3.440137506000000012e-01 6.620547920000000031e-02
1.057184124185609967e+08 3.950018920897999806e+02 5.187888622300000030e+00 7.014381885999999566e-01 4.204635024000000221e-01 7.319329680000000171e-02
1.057185124185609967e+08 3.916022644043000014e+02 5.167407512699999650e+00 7.013877034000000066e-01 4.459781944999999803e-01 7.538407299999999589e-02
1.057186124185609967e+08 4.119712219237999875e+02 5.305232524900000080e+00 7.014088035000000110e-01 5.606414675999999986e-01 8.451987800000000661e-02
1.057187124185609967e+08 3.853903198241999917e+02 5.130178928400000338e+00 7.014569043999999698e-01 5.096390843000000448e-01 8.058101680000000211e-02
1.057188124185609967e+08 3.967987060547000056e+02 5.200088500999999752e+00 7.014959455000000510e-01 4.331691563000000245e-01 7.428789880000000179e-02
1.057189124185609967e+08 3.900630798340000069e+02 5.159531593299999663e+00 7.014026046000000347e-01 4.841946362999999809e-01 7.854674009999999817e-02
1.057190124185609967e+08 3.939814147948999903e+02 5.178405761699999665e+00 7.014015316999999694e-01 3.695175350000000081e-01 6.861768660000000519e-02
1.057191124185609967e+08 3.935912780762000125e+02 5.765051364899999697e+00 5.662854313999999833e-01 4.419024288999999772e-01 8.351171020000000556e-02
1.057192124185609967e+08 nan nan 0.000000000000000000e+00 nan nan
1.057193124185609967e+08 3.886960754395000208e+02 5.940941333799999668e+00 5.268777609000000473e-01 4.579917191999999804e-01 8.814054729999999671e-02
1.057194124185609967e+08 3.895317077637000125e+02 5.152161121399999821e+00 7.014440894000000259e-01 4.204599559000000153e-01 7.319268580000000413e-02
1.057195124185609967e+08 3.909540405272999806e+02 5.166843414299999715e+00 7.014040946999999804e-01 5.096774697000000520e-01 8.058708909999999503e-02
1.057196124185609967e+08 3.895013732909999931e+02 5.150809764899999976e+00 7.013512849999999910e-01 3.950297831999999842e-01 7.094944270000000386e-02
1.057197124185609967e+08 3.821372070311999778e+02 5.107937812800000366e+00 7.014686464999999593e-01 4.968897997999999760e-01 7.956604659999999551e-02
1.057198124185609967e+08 3.896730651854999792e+02 5.161028862000000217e+00 7.013187408000000067e-01 5.479699969000000337e-01 8.356463910000000439e-02
1.057199124185609967e+08 3.803001708983999833e+02 5.090728759800000169e+00 7.014033198000000358e-01 4.077424109000000185e-01 7.207936049999999484e-02
1.057200124185609967e+08 3.899445800780999889e+02 5.159565925599999936e+00 7.013858557000000049e-01 4.969484806000000199e-01 7.957544179999999356e-02
1.057201124185609967e+08 3.867228393555000139e+02 5.137415885900000312e+00 7.014623284000000014e-01 4.841534196999999762e-01 7.854005690000000206e-02
1.057202124185609967e+08 3.857517395020000208e+02 5.130856990799999906e+00 7.015100120999999689e-01 4.841204881999999765e-01 7.853471489999999666e-02
1.057203124185609967e+08 3.840581970215000069e+02 5.114023685500000305e+00 7.014169097000000352e-01 3.822511435000000013e-01 6.978918609999999745e-02
1.057204124185609967e+08 3.879285888672000056e+02 5.145268917100000117e+00 7.014787196999999752e-01 4.841420948999999863e-01 7.853821669999999644e-02
1.057205124185609967e+08 4.013380432129000042e+02 5.223612308499999912e+00 7.014826535999999502e-01 3.312532604000000269e-01 6.496410819999999531e-02
1.057206124185609967e+08 3.936311035155999889e+02 5.182059287999999597e+00 7.014063596999999817e-01 4.714501500000000123e-01 7.750592380000000114e-02
1.057207124185609967e+08 3.838638000487999875e+02 5.123822212200000337e+00 7.014753819000000279e-01 5.733289123000000487e-01 8.546682449999999653e-02
1.057208124185609967e+08 3.831280517577999944e+02 5.109394550300000226e+00 7.014160752000000443e-01 4.077350198999999953e-01 7.207804919999999393e-02
1.057209124185609967e+08 3.832507629395000208e+02 5.106589794199999588e+00 7.013729214999999684e-01 3.440475761999999826e-01 6.621198359999999616e-02
1.057210124185609967e+08 3.800695190430000139e+02 5.086171626999999695e+00 7.014024258000000067e-01 3.567751049999999813e-01 6.742415579999999631e-02
1.057211124185609967e+08 3.814222412108999833e+02 5.101276397700000409e+00 7.013786435000000097e-01 4.587263763000000161e-01 7.645439360000000351e-02
1.057212124185609967e+08 3.832456970215000069e+02 5.112877368900000441e+00 7.015003561999999526e-01 4.586467743000000041e-01 7.644113149999999524e-02
1.057213124185609967e+08 3.878971252440999820e+02 5.138536930099999900e+00 7.014188766000000186e-01 3.695083856999999972e-01 6.861598039999999843e-02
1.057214124185609967e+08 3.871961059569999861e+02 5.142633914900000214e+00 7.014997602000000443e-01 5.223481654999999613e-01 8.157707749999999758e-02
1.057215124185609967e+08 3.741311340331999986e+02 5.045908927900000229e+00 7.013865112999999596e-01 3.440409005000000242e-01 6.621070210000000456e-02
1.057216124185609967e+08 3.822975463866999917e+02 5.427264690400000369e+00 6.210845709000000214e-01 4.604717194999999874e-01 8.140067010000000269e-02
1.057217124185609967e+08 3.914483642577999944e+02 5.163730621300000045e+00 7.015039921000000289e-01 4.076839089000000027e-01 7.206901159999999640e-02
1.057218124185609967e+08 3.849027709961000028e+02 5.120531558999999788e+00 7.013668417999999738e-01 3.950210214000000053e-01 7.094787060000000423e-02
1.057219124185609967e+08 3.789362792969000111e+02 5.081127166699999975e+00 7.015541791999999610e-01 4.076547622999999732e-01 7.206386330000000284e-02
1.057220124185609967e+08 3.841422119141000167e+02 5.121033191699999598e+00 7.015046476999999836e-01 4.968643187999999822e-01 7.956196370000000184e-02
1.057221124185609967e+08 3.874532165526999847e+02 5.141881465900000059e+00 7.013489008000000080e-01 4.714887737999999828e-01 7.751227920000000604e-02
1.057222124185609967e+08 3.888976440430000139e+02 5.158532142600000370e+00 7.014297843000000254e-01 5.988491178000000525e-01 8.735112100000000379e-02
1.057223124185609967e+08 3.931259155272999806e+02 5.173920154600000210e+00 7.015083431999999952e-01 3.949413299999999793e-01 7.093355799999999378e-02
1.057224124185609967e+08 3.966545104979999792e+02 5.196315288500000129e+00 7.014614940000000187e-01 3.822268247999999757e-01 6.978475300000000492e-02
1.057225124185609967e+08 3.936793823241999917e+02 5.176224708600000390e+00 7.014585733000000545e-01 3.694874644000000208e-01 6.861209869999999877e-02
1.057226124185609967e+08 3.849720458983999833e+02 5.118432521799999968e+00 7.014473677000000462e-01 3.567522168000000216e-01 6.741982700000000162e-02
1.057227124185609967e+08 3.848061523438000222e+02 5.115721225699999763e+00 7.014775276000000392e-01 3.312556743999999775e-01 6.496458500000000524e-02
1.057228124185609967e+08 3.943196105956999986e+02 5.178773879999999608e+00 7.014947534000000040e-01 3.439878224999999845e-01 6.620048729999999937e-02
1.057229124185609967e+08 4.020192260741999917e+02 5.239279747000000320e+00 7.014238833999999478e-01 5.224046706999999623e-01 8.158590640000000505e-02
1.057230124185609967e+08 3.884418334961000028e+02 5.151709079699999805e+00 7.014568448000000345e-01 5.351211429000000130e-01 8.257097750000000347e-02
1.057231124185609967e+08 3.979295959473000153e+02 5.209837436699999991e+00 7.014437914000000163e-01 4.714249969000000040e-01 7.750179620000000047e-02
1.057232124185609967e+08 4.053305664061999778e+02 5.247346878100000112e+00 7.014268636999999584e-01 2.930550277000000259e-01 6.110619750000000072e-02
1.057233124185609967e+08 4.000076599120999958e+02 5.215137958499999726e+00 7.014486194000000285e-01 3.312693238000000151e-01 6.496725979999999623e-02
1.057234124185609967e+08 3.952506713866999917e+02 5.318564414999999990e+00 6.679254770000000452e-01 4.281793535000000261e-01 7.569213210000000358e-02
1.057235124185609967e+08 3.963453979491999917e+02 5.201189517999999623e+00 7.014061213000000183e-01 4.969340861000000054e-01 7.957313950000000080e-02
1.057236124185609967e+08 4.005752563477000194e+02 5.228415489199999655e+00 7.014453411000000083e-01 4.969063401000000102e-01 7.956869160000000496e-02
1.057237124185609967e+08 3.973656005858999833e+02 5.208549022699999753e+00 7.014051079999999994e-01 5.096767545000000510e-01 8.058696989999999949e-02
1.057238124185609967e+08 4.017818908690999820e+02 5.238655090299999983e+00 7.013793588000000190e-01 5.351802111000000250e-01 8.258009700000000508e-02
1.057239124185609967e+08 4.029216308594000111e+02 5.240681171400000338e+00 7.014229297999999835e-01 4.459558129000000259e-01 7.538028809999999802e-02
1.057240124185609967e+08 3.967428894043000014e+02 5.200250148800000360e+00 7.013559340999999669e-01 4.332555829999999997e-01 7.430271800000000371e-02
1.057241124185609967e+08 4.091979064940999820e+02 5.278886795000000021e+00 7.013872862000000152e-01 4.077517688000000251e-01 7.208100709999999689e-02
1.057242124185609967e+08 4.088014831543000014e+02 5.281875133499999819e+00 7.014710307000000533e-01 5.096288323000000009e-01 8.057939259999999382e-02
1.057243124185609967e+08 4.018096923827999944e+02 5.231925964400000240e+00 7.014538049999999858e-01 4.204541146999999923e-01 7.319166509999999737e-02
1.057244124185609967e+08 3.973220520020000208e+02 5.205207347900000059e+00 7.014312743999999711e-01 4.586919546000000070e-01 7.644865659999999785e-02
1.057245124185609967e+08 4.110077209473000153e+02 5.302821636200000022e+00 7.013865112999999596e-01 6.243705152999999841e-01 8.919578790000000368e-02
1.057246124185609967e+08 4.031418457030999889e+02 5.242903232599999797e+00 7.014045715000000181e-01 4.587094187999999906e-01 7.645156979999999380e-02
1.057247124185609967e+08 4.020868530272999806e+02 5.249787807499999737e+00 7.014811038999999582e-01 7.007296084999999897e-01 9.448636320000000643e-02
1.057248124185609967e+08 3.923649291991999917e+02 5.179490089399999775e+00 7.014798521999999759e-01 5.733252168000000371e-01 8.546628059999999971e-02
1.057249124185609967e+08 3.987899475098000153e+02 5.217124462100000137e+00 7.013802528000000480e-01 4.969524144999999948e-01 7.957607510000000439e-02
1.057250124185609967e+08 3.953959655762000125e+02 5.193158626599999828e+00 7.015083431999999952e-01 4.713816047000000120e-01 7.749465849999999378e-02
1.057251124185609967e+08 3.937372741698999903e+02 5.179773807500000160e+00 7.014065385000000097e-01 4.204824567000000068e-01 7.319659739999999359e-02
1.057252124185609967e+08 4.020881347655999889e+02 5.243376731899999754e+00 7.012359500000000523e-01 5.735246538999999588e-01 8.549600840000000368e-02
1.057253124185609967e+08 3.920185852051000097e+02 5.176928043400000234e+00 7.013621925999999895e-01 5.606787205000000052e-01 8.452550320000000450e-02
1.057254124185609967e+08 3.892703247069999861e+02 5.146552085899999796e+00 7.014855742000000172e-01 3.567328155000000223e-01 6.741616129999999929e-02
1.057255124185609967e+08 3.943719177245999958e+02 5.186871051799999854e+00 7.014092207000000023e-01 4.714482128999999966e-01 7.750561089999999376e-02
1.057256124185609967e+08 3.952582092284999931e+02 5.188769817399999873e+00 7.014496921999999746e-01 4.077154695999999912e-01 7.207459210000000116e-02
1.057257124185609967e+08 3.917900085448999903e+02 5.178745746599999755e+00 7.014731169000000266e-01 6.242935061000000063e-01 8.918478339999999505e-02
1.057258124185609967e+08 3.953144531250000000e+02 5.193678379099999631e+00 7.014262676000000418e-01 4.841783047000000062e-01 7.854409519999999700e-02
1.057259124185609967e+08 3.938317260741999917e+02 5.179871082300000040e+00 7.013458014000000240e-01 4.077758788999999995e-01 7.208526880000000470e-02
1.057260124185609967e+08 3.978746948241999917e+02 5.210011959100000034e+00 7.013025880000000045e-01 4.715199172000000272e-01 7.751739770000000418e-02
1.057261124185609967e+08 3.943621520995999958e+02 5.190218448599999590e+00 7.014904022000000294e-01 5.350955129000000143e-01 8.256702870000000305e-02
1.057262124185609967e+08 nan nan 0.000000000000000000e+00 nan nan
1.057263124185609967e+08 nan nan 0.000000000000000000e+00 nan nan
1.057264124185609967e+08 3.989873962401999847e+02 6.018176555600000199e+00 5.263019204000000117e-01 4.075491726000000092e-01 8.319062739999999456e-02
1.057265124185609967e+08 3.925588684081999986e+02 5.167946815499999680e+00 7.015184164000000111e-01 3.567160964000000156e-01 6.741300229999999671e-02
1.057266124185609967e+08 3.912037963866999917e+02 5.165096282999999566e+00 7.015098928999999872e-01 4.586405456000000047e-01 7.644008850000000299e-02
1.057267124185609967e+08 3.971034240723000153e+02 5.213041782400000379e+00 6.985732316999999636e-01 4.349814056999999901e-01 7.459869980000000123e-02
1.057268124185609967e+08 3.975989990233999833e+02 5.207048416100000132e+00 7.014189959000000085e-01 4.586999714000000172e-01 7.644999769999999417e-02
1.057269124185609967e+08 3.982278747559000180e+02 5.211264133500000284e+00 7.013812660999999560e-01 4.587246776000000192e-01 7.645411039999999714e-02
1.057270124185609967e+08 4.056514892577999944e+02 5.262542247799999906e+00 7.014453411000000083e-01 5.223886966999999881e-01 8.158341049999999484e-02
1.057271124185609967e+08 3.985440063477000194e+02 5.208570003500000212e+00 7.014619112000000101e-01 3.822265863000000041e-01 6.978470829999999792e-02
1.057272124185609967e+08 4.027479553223000153e+02 5.236552715300000216e+00 7.014403342999999680e-01 3.949796259000000198e-01 7.094043490000000174e-02
1.057273124185609967e+08 4.035682678223000153e+02 5.247163772600000442e+00 7.013922334000000092e-01 4.842017888999999853e-01 7.854790239999999424e-02
1.057274124185609967e+08 4.015194702147999806e+02 5.235190868400000141e+00 7.014589906000000541e-01 5.096375941999999881e-01 8.058077839999999714e-02
1.057275124185609967e+08 3.979163818358999833e+02 5.207586288499999938e+00 7.014291285999999515e-01 4.332103728999999737e-01 7.429496939999999383e-02
1.057276124185609967e+08 3.938101196288999972e+02 5.185852050800000335e+00 7.014992236999999520e-01 5.223485826999999526e-01 8.157713710000000229e-02
1.057277124185609967e+08 4.061164855956999986e+02 5.265231609299999782e+00 7.013292313000000222e-01 5.097318887999999770e-01 8.059568699999999919e-02
1.057278124185609967e+08 4.077618103026999847e+02 5.272314548499999809e+00 7.014686464999999593e-01 4.586675166999999997e-01 7.644458860000000189e-02
1.057279124185609967e+08 4.063951721190999820e+02 5.267317295099999797e+00 7.014431357000000533e-01 5.223903060000000265e-01 8.158366379999999751e-02
1.057280124185609967e+08 4.039316711426000097e+02 5.253792285900000358e+00 7.014219761000000108e-01 5.606309175000000478e-01 8.451829110000000367e-02
1.057281124185609967e+08 4.075877075194999861e+02 5.269331455199999681e+00 7.013828157999999480e-01 4.204966723999999934e-01 7.319907840000000609e-02
1.057282124185609967e+08 3.961334228516000167e+02 5.203911304500000057e+00 7.014991044999999703e-01 5.733094811000000179e-01 8.546393359999999995e-02
1.057283124185609967e+08 4.050431823729999792e+02 5.256575584400000167e+00 7.014096378999999937e-01 4.841897786000000092e-01 7.854595779999999638e-02
1.057284124185609967e+08 4.002283325194999861e+02 5.226113319399999568e+00 7.014619112000000101e-01 4.968945681999999975e-01 7.956681399999999960e-02
1.057285124185609967e+08 4.056751098633000083e+02 5.249608516700000393e+00 7.014146447000000340e-01 2.930601536999999923e-01 6.110726300000000194e-02
1.057286124185609967e+08 3.959398193358999833e+02 5.200634479499999685e+00 7.014453411000000083e-01 5.351299046999999920e-01 8.257233349999999750e-02
1.057287124185609967e+08 4.053410949706999986e+02 5.257542610199999800e+00 7.014656662999999570e-01 4.714103043000000270e-01 7.749937469999999828e-02
1.057288124185609967e+08 4.063728942870999958e+02 5.270209312399999568e+00 7.014146447000000340e-01 5.733785628999999995e-01 8.547422289999999367e-02
1.057289124185609967e+08 4.069514465331999986e+02 5.266437053699999815e+00 7.014571428000000441e-01 4.459340572000000114e-01 7.537661489999999964e-02
1.057290124185609967e+08 4.095807189940999820e+02 5.283921718600000261e+00 7.014743686000000089e-01 4.586637914000000205e-01 7.644396280000000099e-02
1.057291124185609967e+08 4.131108398438000222e+02 5.299310207399999584e+00 7.014320493000000267e-01 3.312771617999999973e-01 6.496879460000000439e-02
1.057292124185609967e+08 4.009348144530999889e+02 5.234328269999999783e+00 7.014693617999999686e-01 5.605930686000000218e-01 8.451258389999999343e-02
1.057293124185609967e+08 4.127765808104999792e+02 5.302405834200000001e+00 7.013972402000000494e-01 4.204880296999999878e-01 7.319757339999999335e-02
1.057294124185609967e+08 4.042600708008000083e+02 5.254025459300000200e+00 7.015299201000000373e-01 5.350653529000000130e-01 8.256237950000000492e-02
1.057295124185609967e+08 4.023081665038999972e+02 5.232110500300000133e+00 7.014760971000000289e-01 3.694782555000000190e-01 6.861038510000000423e-02
1.057296124185609967e+08 4.009271850586000028e+02 5.763556957199999609e+00 5.773217081999999500e-01 4.644159675000000265e-01 8.479036389999999868e-02
1.057297124185609967e+08 4.090129394530999889e+02 1.373990821840000010e+01 1.035392879999999932e-01 4.315872191999999830e-01 1.930116712999999928e-01
1.057298124185609967e+08 4.175822448729999792e+02 5.338400840800000324e+00 7.014711499000000350e-01 5.223695040000000400e-01 8.158040789999999876e-02
1.057299124185609967e+08 4.132466125487999875e+02 5.306740760800000345e+00 7.014257311999999578e-01 4.459540248000000151e-01 7.537998999999999394e-02
1.057300124185609967e+08 4.105563964844000111e+02 5.301447868300000366e+00 7.013748883999999517e-01 6.498658657000000449e-01 9.099942449999999516e-02
1.057301124185609967e+08 4.080409851073999903e+02 5.279387474099999977e+00 7.014231681999999468e-01 5.478883982000000152e-01 8.355219660000000326e-02
1.057302124185609967e+08 4.053119201659999931e+02 5.258292674999999861e+00 7.014117240999999670e-01 4.841883182999999757e-01 7.854571940000000529e-02
1.057303124185609967e+08 4.004554138184000180e+02 5.222907543199999836e+00 7.013308405999999495e-01 4.077845513999999727e-01 7.208680359999999898e-02
1.057304124185609967e+08 4.073736572266000167e+02 5.267199516299999829e+00 7.013903855999999992e-01 4.077499508999999911e-01 7.208068669999999345e-02
1.057305124185609967e+08 4.043856506348000153e+02 5.248342990900000338e+00 7.013047338000000241e-01 4.077997506000000105e-01 7.208949330000000155e-02
1.057306124185609967e+08 3.978818054198999903e+02 5.216333389299999901e+00 7.014038563000000170e-01 5.861293077000000462e-01 8.642005179999999454e-02
1.057307124185609967e+08 3.909820861815999820e+02 1.047672462459999920e+01 1.712601632000000096e-01 6.784076691000000547e-01 1.881564408999999993e-01
1.057308124185609967e+08 3.962001037598000153e+02 5.378610134099999662e+00 6.553698181999999539e-01 4.772933125000000110e-01 8.067729319999999982e-02
1.057309124185609967e+08 4.092801513672000056e+02 5.284290790600000065e+00 7.014480233000000009e-01 4.969044029999999945e-01 7.956838609999999923e-02
1.057310124185609967e+08 3.940380554198999903e+02 5.300114154800000144e+00 6.707146167999999964e-01 4.397237599000000108e-01 7.654608039999999392e-02
1.057311124185609967e+08 3.924672546387000125e+02 5.171125888799999792e+00 7.015050649999999832e-01 4.204234183000000180e-01 7.318632299999999757e-02
1.057312124185609967e+08 3.973637084961000028e+02 5.292634487199999960e+00 6.797375678999999504e-01 5.390714407000000152e-01 8.418881890000000368e-02
1.057313124185609967e+08 3.935447387694999861e+02 5.176494121600000220e+00 7.013504505000000000e-01 3.822873533000000212e-01 6.979580220000000668e-02
1.057314124185609967e+08 3.990342712401999847e+02 5.219916820499999943e+00 7.014505863000000119e-01 5.223847628000000132e-01 8.158279209999999559e-02
1.057315124185609967e+08 3.850779724120999958e+02 5.123364925399999770e+00 7.013197541000000257e-01 4.205344914999999961e-01 7.320565730000000437e-02
1.057316124185609967e+08 3.920299987793000014e+02 5.173142433199999779e+00 7.013983727000000501e-01 4.969395994999999955e-01 7.957401869999999877e-02
1.057317124185609967e+08 3.895775146483999833e+02 5.147663593299999896e+00 7.015271186999999520e-01 3.439719676999999920e-01 6.619743259999999463e-02
1.057318124185609967e+08 3.788304138184000180e+02 5.082498550400000425e+00 7.014018296999999791e-01 4.332272409999999851e-01 7.429786030000000430e-02
1.057319124185609967e+08 3.913197326659999931e+02 5.161534786199999836e+00 7.014669180000000503e-01 3.822238742999999883e-01 6.978421660000000415e-02
1.057320124185609967e+08 3.801290893555000139e+02 5.094766139999999943e+00 7.014380692999999667e-01 4.969114660999999766e-01 7.956951859999999987e-02
1.057321124185609967e+08 3.884244079590000069e+02 5.151477813699999686e+00 7.014882565000000181e-01 5.350971222000000527e-01 8.256728200000000573e-02
1.057322124185609967e+08 3.804112548827999944e+02 5.101420402499999618e+00 7.013704777000000501e-01 5.734146833000000054e-01 8.547960970000000047e-02
1.057323124185609967e+08 3.759406433104999792e+02 5.060761928599999848e+00 7.014641762000000114e-01 3.949661850999999779e-01 7.093802089999999561e-02
1.057324124185609967e+08 3.865800170897999806e+02 5.130350589799999916e+00 7.014948725999999857e-01 3.822086452999999828e-01 6.978143009999999979e-02
1.057325124185609967e+08 3.809429016112999875e+02 5.098765373200000006e+00 7.014044523000000364e-01 4.714514016999999946e-01 7.750613239999999682e-02
1.057326124185609967e+08 3.896767272948999903e+02 5.153878212000000403e+00 7.014389037999999577e-01 4.332043528999999782e-01 7.429393380000000324e-02
1.057327124185609967e+08 3.923147888184000180e+02 8.427103996299999622e+00 2.635585069999999974e-01 3.390991389999999939e-01 1.072325632000000056e-01
1.057328124185609967e+08 3.835320739745999958e+02 5.639099597899999594e+00 5.780072212000000320e-01 5.257138609999999490e-01 9.015917780000000381e-02
1.057329124185609967e+08 3.909819030762000125e+02 5.166512966200000001e+00 7.013412714000000214e-01 4.969800710999999760e-01 7.958050070000000087e-02
1.057330124185609967e+08 3.801166076659999931e+02 5.091057300600000168e+00 7.013949156000000018e-01 4.332315326000000244e-01 7.429859789999999908e-02
1.057331124185609967e+08 3.872729797362999875e+02 5.137836933100000003e+00 7.015140653000000448e-01 4.331579506000000079e-01 7.428597659999999769e-02
1.057332124185609967e+08 3.914322509766000167e+02 5.169306278199999660e+00 7.013809085000000110e-01 4.969519377000000127e-01 7.957600060000000197e-02
1.057333124185609967e+08 3.894331970215000069e+02 5.162703514100000390e+00 7.014505863000000119e-01 6.115723847999999796e-01 8.827287699999999959e-02
1.057334124185609967e+08 3.923354492188000222e+02 5.171433925599999704e+00 7.013915180999999999e-01 4.332336186999999894e-01 7.429895549999999960e-02
1.057335124185609967e+08 3.937443847655999889e+02 5.188667297400000322e+00 7.014269829000000511e-01 5.733684896999999836e-01 8.547272529999999646e-02
1.057336124185609967e+08 3.853189086913999972e+02 5.119372367899999610e+00 7.014041543000000267e-01 3.312903345000000055e-01 6.497137990000000085e-02
1.057337124185609967e+08 3.844717407227000194e+02 8.702463149999999814e+00 2.422015667000000094e-01 3.321003317999999815e-01 1.107001155999999958e-01
1.057338124185609967e+08 3.855263671875000000e+02 5.127563953400000152e+00 7.013897300000000445e-01 4.459769129999999748e-01 7.538385690000000416e-02
1.057339124185609967e+08 3.955660095215000069e+02 5.188240051300000211e+00 7.013316751000000515e-01 3.568110763999999824e-01 6.743095070000000579e-02
1.057340124185609967e+08 3.849438171387000125e+02 5.126711845400000023e+00 7.013965844999999755e-01 4.969408511999999778e-01 7.957421990000000667e-02
1.057341124185609967e+08 3.849937744141000167e+02 5.122949123399999749e+00 7.014861703000000448e-01 4.331751763999999727e-01 7.428892700000000460e-02
1.057342124185609967e+08 3.854712829590000069e+02 5.127285003699999955e+00 7.013671397999999835e-01 4.459912777000000217e-01 7.538628579999999413e-02
1.057343124185609967e+08 3.857071228026999847e+02 5.126496314999999804e+00 7.013901472000000359e-01 4.077500700999999728e-01 7.208070900000000669e-02
1.057344124185609967e+08 3.793366699219000111e+02 5.083502292600000416e+00 7.014243602999999938e-01 3.949886262000000259e-01 7.094205169999999450e-02
1.057345124185609967e+08 3.769002075194999861e+02 5.071273803699999583e+00 7.013779879000000550e-01 4.587268232999999751e-01 7.645446810000000593e-02
1.057346124185609967e+08 3.793059387206999986e+02 5.089221477499999757e+00 7.014625072000000294e-01 4.968941510000000061e-01 7.956673949999999718e-02
1.057347124185609967e+08 3.659404602051000097e+02 1.528941822049999999e+01 7.454507050000000468e-02 2.397810370000000024e-01 1.695507914000000116e-01
1.057348124185609967e+08 3.773288879395000208e+02 5.455030918100000292e+00 6.059851050000000239e-01 3.982039392000000233e-01 7.663438470000000224e-02
1.057349124185609967e+08 3.745789489745999958e+02 5.056335926100000044e+00 7.014406322999999777e-01 4.714270830000000245e-01 7.750213890000000327e-02
1.057350124185609967e+08 3.638242187500000000e+02 4.978809356700000244e+00 7.013890147000000352e-01 3.822663128000000077e-01 6.979196520000000015e-02
1.057351124185609967e+08 3.702736511229999792e+02 5.023565769200000197e+00 7.014736532999999996e-01 4.077015519000000143e-01 7.207213340000000190e-02
1.057352124185609967e+08 3.620217895508000083e+02 4.969620704699999614e+00 7.014058232000000004e-01 4.332247972000000114e-01 7.429743560000000302e-02
1.057353124185609967e+08 3.666539001465000069e+02 4.997918129000000320e+00 7.013989686999999584e-01 3.822608887999999761e-01 6.979097430000000268e-02
1.057354124185609967e+08 3.618723754883000083e+02 4.968505859399999558e+00 7.014337778000000467e-01 4.332075119000000085e-01 7.429447029999999841e-02
1.057355124185609967e+08 3.651908264159999931e+02 4.980010032700000089e+00 7.014784813000000119e-01 2.548117041999999888e-01 5.697762969999999733e-02
1.057356124185609967e+08 3.684610595702999944e+02 5.014064788799999839e+00 7.013677954999999464e-01 4.459908902999999980e-01 7.538621869999999336e-02
1.057357124185609967e+08 3.528618774413999972e+02 4.911568641699999738e+00 7.014526129000000498e-01 5.096422433999999724e-01 8.058151600000000581e-02
1.057358124185609967e+08 3.595198059081999986e+02 4.955481529200000068e+00 7.014708519000000253e-01 4.841475189000000179e-01 7.853910329999999607e-02
1.057359124185609967e+08 3.523789062500000000e+02 4.903028011299999989e+00 7.013735771000000341e-01 4.205022156000000066e-01 7.320003960000000254e-02
1.057360124185609967e+08 3.537660522461000028e+02 4.905266284899999718e+00 7.014394998999999853e-01 3.057910502000000252e-01 6.241933630000000288e-02
1.057361124185609967e+08 3.460333251952999944e+02 4.861374378199999846e+00 7.014185786000000089e-01 4.587002397000000120e-01 7.645004240000000117e-02
1.057362124185609967e+08 3.475046691895000208e+02 4.868996143300000412e+00 7.012518048000000448e-01 4.078305363999999988e-01 7.209493220000000313e-02
1.057363124185609967e+08 3.518910217284999931e+02 4.901032447799999581e+00 7.014328837000000094e-01 4.459494948000000125e-01 7.537922260000000374e-02
1.057364124185609967e+08 3.478780822754000042e+02 4.872364044200000244e+00 7.014805674999999852e-01 4.331786335000000210e-01 7.428952310000000447e-02
1.057365124185609967e+08 3.519447937012000125e+02 4.892727851900000147e+00 7.014374732999999473e-01 3.057919443000000070e-01 6.241951879999999703e-02
1.057366124185609967e+08 3.519163208008000083e+02 4.892066955599999822e+00 7.013453841000000244e-01 2.930890917999999790e-01 6.111329790000000206e-02
1.057367124185609967e+08 3.431283569336000028e+02 4.835446834599999910e+00 7.014594673999999808e-01 3.694870174000000063e-01 6.861201670000000030e-02
1.057368124185609967e+08 3.471864624022999806e+02 4.863746166200000332e+00 7.014418839999999600e-01 3.694962560999999757e-01 6.861373040000000312e-02
1.057369124185609967e+08 3.343683471680000139e+02 4.778285503400000245e+00 7.013641595999999812e-01 4.332505465000000000e-01 7.430185379999999784e-02
1.057370124185609967e+08 3.404312744141000167e+02 4.815856933600000112e+00 7.014393805999999953e-01 3.567562698999999782e-01 6.742059440000000570e-02
1.057371124185609967e+08 3.361881713866999917e+02 4.785341739699999764e+00 7.014058232000000004e-01 3.440314530999999953e-01 6.620888410000000390e-02
1.057372124185609967e+08 3.300873413086000028e+02 4.744213104199999975e+00 7.015072106999999946e-01 3.822019099999999781e-01 6.978020070000000297e-02
1.057373124185609967e+08 3.330741271973000153e+02 4.764020442999999716e+00 7.014403342999999680e-01 3.567557930999999960e-01 6.742050500000000557e-02
1.057374124185609967e+08 3.279440917969000111e+02 4.726774692500000263e+00 7.014262676000000418e-01 3.440214097000000026e-01 6.620695440000000376e-02
1.057375124185609967e+08 3.234849243163999972e+02 4.692490100899999739e+00 7.013895512000000165e-01 3.058128357000000075e-01 6.242378430000000006e-02
1.057376124185609967e+08 3.270749206543000014e+02 5.054473877000000392e+00 6.140757798999999517e-01 4.802813530000000219e-01 8.360625060000000108e-02
1.057377124185609967e+08 3.420931091309000180e+02 6.501702785500000026e+00 3.866033554000000150e-01 3.467603325999999986e-01 8.953312780000000082e-02
1.057378124185609967e+08 3.330429382323999903e+02 4.762816906000000294e+00 7.014909387000000107e-01 3.439897001000000176e-01 6.620085239999999593e-02
1.057379124185609967e+08 3.171058654784999931e+02 4.647684097299999983e+00 7.014971374999999787e-01 3.312464057999999767e-01 6.496276709999999899e-02
1.057380124185609967e+08 3.179929809569999861e+02 4.660114288299999963e+00 7.014374732999999473e-01 4.204639196000000134e-01 7.319337130000000413e-02
1.057381124185609967e+08 3.129776306151999847e+02 4.619594097100000241e+00 7.014038563000000170e-01 3.567743599000000043e-01 6.742401419999999312e-02
1.057382124185609967e+08 3.165314025879000042e+02 4.643755435900000172e+00 7.014241814999999658e-01 3.312808573000000090e-01 6.496952470000000313e-02
1.057383124185609967e+08 3.220065917969000111e+02 4.682664871200000078e+00 7.013908028999999988e-01 3.185544610000000110e-01 6.371089069999999466e-02
1.057384124185609967e+08 3.120373229979999792e+02 4.611972331999999675e+00 7.013772726000000457e-01 3.440454304000000185e-01 6.621157380000000647e-02
1.057385124185609967e+08 3.158161010741999917e+02 4.641088485700000099e+00 7.014117240999999670e-01 3.695121407999999996e-01 6.861668079999999614e-02
1.057386124185609967e+08 3.219188842772999806e+02 4.691617488900000410e+00 7.014752626000000379e-01 4.714038372000000088e-01 7.749830929999999840e-02
1.057387124185609967e+08 3.119171142577999944e+02 4.619525432599999704e+00 7.013535499999999923e-01 4.714856445999999757e-01 7.751175759999999471e-02
1.057388124185609967e+08 3.077281799315999820e+02 4.574385643000000279e+00 7.013921142000000275e-01 2.548430859999999964e-01 5.698464439999999936e-02
1.057389124185609967e+08 3.132614440918000014e+02 4.626451015499999819e+00 7.014692425999999870e-01 4.331856071999999891e-01 7.429071519999999595e-02
1.057390124185609967e+08 3.109841308594000111e+02 4.603674888599999626e+00 7.013006805999999482e-01 3.313392103000000199e-01 6.498096139999999521e-02
1.057391124185609967e+08 3.089753112793000014e+02 4.590112209299999968e+00 7.014493941999999649e-01 3.567512035000000026e-01 6.741964070000000531e-02
1.057392124185609967e+08 3.080692749022999806e+02 1.235958480829999928e+01 9.624844790000000594e-02 2.785680293999999724e-01 1.608313322000000101e-01
