1.8521490781e+08 6.0655493164e+02 8.1632156372e+00
1.8521500781e+08 5.9797778320e+02 8.7085170746e+00
1.8521510781e+08 6.0120697021e+02 8.4476184845e+00
1.8521520781e+08 6.1183288574e+02 9.7746362686e+00
1.8521530781e+08 5.9703704834e+02 9.0366849899e+00
1.8521540781e+08 5.8433740234e+02 8.3197088242e+00
1.8521550781e+08 6.1133288574e+02 8.9872751236e+00
1.8521560781e+08 6.0390679932e+02 9.6504726410e+00
1.8521570781e+08 6.1645898438e+02 8.8765783310e+00
1.8521580781e+08 6.1841601562e+02 8.5874557495e+00
1.8521590781e+08 6.1660595703e+02 9.5428800583e+00
1.8521600781e+08 6.2107525635e+02 9.7352485657e+00
1.8521610781e+08 6.3168133545e+02 8.6305255890e+00
1.8521620781e+08 6.3073834229e+02 9.5841846466e+00
1.8521630781e+08 6.3517346191e+02 9.6840524673e+00
1.8521640781e+08 6.3083758545e+02 8.6923236847e+00
1.8521650781e+08 6.4886315918e+02 1.0654294968e+01
1.8521660781e+08 6.3772491455e+02 8.6623106003e+00
1.8521670781e+08 6.3546911621e+02 9.5691900253e+00
1.8521680781e+08 6.6128503418e+02 9.8721246719e+00
1.8521690781e+08 6.6349279785e+02 9.1017618179e+00
1.8521700781e+08 6.6821508789e+02 1.0802986145e+01
1.8521710781e+08 6.4699584961e+02 8.7632141113e+00
1.8521720781e+08 6.5245666504e+02 1.0083241463e+01
1.8521730781e+08 6.3909582520e+02 9.2544860840e+00
1.8521740781e+08 6.5602447510e+02 1.0024113655e+01
1.8521750781e+08 nan nan
1.8521760781e+08 7.0196234131e+02 1.0374709129e+01
1.8521770781e+08 6.8183984375e+02 9.6765995026e+00
1.8521780781e+08 6.8185894775e+02 1.0260771751e+01
1.8521790781e+08 6.7949981689e+02 9.5846910477e+00
1.8521800781e+08 6.9163549805e+02 1.0328672409e+01
1.8521810781e+08 6.9319726562e+02 9.7133712769e+00
1.8521820781e+08 6.9482788086e+02 1.0386775017e+01
1.8521830781e+08 6.8847882080e+02 9.7365608215e+00
1.8521840781e+08 6.9410375977e+02 1.0364376068e+01
1.8521850781e+08 6.7208105469e+02 9.6099882126e+00
1.8521860781e+08 6.6714605713e+02 1.0170334816e+01
1.8521870781e+08 6.5431951904e+02 9.4878749847e+00
1.8521880781e+08 6.7456158447e+02 1.0063600540e+01
1.8521890781e+08 6.7263830566e+02 9.4737787247e+00
1.8521900781e+08 6.4880456543e+02 9.9277105331e+00
1.8521910781e+08 6.7366979980e+02 9.6663608551e+00
1.8521920781e+08 6.7164471436e+02 9.3901882172e+00
1.8521930781e+08 6.7386621094e+02 1.0414111137e+01
1.8521940781e+08 6.6638037109e+02 9.3559904099e+00
1.8521950781e+08 6.6940386963e+02 1.0265771866e+01
1.8521960781e+08 6.7721789551e+02 9.3589811325e+00
1.8521970781e+08 6.5709631348e+02 1.0350861549e+01
1.8521980781e+08 6.6237512207e+02 9.1907949448e+00
1.8521990781e+08 6.6844964600e+02 1.0819510460e+01
1.8522000781e+08 6.6811499023e+02 8.9010820389e+00
1.8522010781e+08 6.6646807861e+02 1.0886281967e+01
1.8522020781e+08 6.8081805420e+02 9.0121231079e+00
1.8522030781e+08 6.7761407471e+02 1.0986571312e+01
1.8522040781e+08 6.8098834229e+02 9.1074104309e+00
1.8522050781e+08 6.7275506592e+02 1.0983115196e+01
1.8522060781e+08 6.6832788086e+02 9.0306329727e+00
1.8522070781e+08 6.8399371338e+02 1.1017834663e+01
1.8522080781e+08 6.9692407227e+02 9.2366580963e+00
1.8522090781e+08 6.9121813965e+02 1.1266533852e+01
1.8522100781e+08 6.9141625977e+02 9.1879014969e+00
1.8522110781e+08 6.7364428711e+02 1.1165545464e+01
1.8522120781e+08 7.0985455322e+02 9.3128213882e+00
1.8522130781e+08 6.7532507324e+02 1.1008946419e+01
1.8522140781e+08 7.1297027588e+02 9.3520879745e+00
1.8522150781e+08 6.9455126953e+02 1.1441568375e+01
1.8522160781e+08 7.0587139893e+02 9.4057683945e+00
1.8522170781e+08 7.3426965332e+02 1.1730685234e+01
1.8522180781e+08 6.9616241455e+02 9.3480415344e+00
1.8522190781e+08 7.0532928467e+02 1.1403008461e+01
1.8522200781e+08 7.3678570557e+02 9.8677644730e+00
1.8522210781e+08 7.4073016357e+02 1.1205192566e+01
1.8522220781e+08 7.3312188721e+02 1.0695957184e+01
1.8522230781e+08 7.3937707520e+02 1.0198547363e+01
1.8522240781e+08 7.4113067627e+02 1.1747711182e+01
1.8522250781e+08 7.5713800049e+02 1.0096071243e+01
1.8522260781e+08 7.3350762939e+02 1.1063073158e+01
1.8522270781e+08 7.5648986816e+02 1.1254598618e+01
1.8522280781e+08 7.6241003418e+02 1.0352108002e+01
1.8522290781e+08 7.5732873535e+02 1.0968869209e+01
1.8522300781e+08 7.6625738525e+02 1.1651494026e+01
1.8522310781e+08 7.8507794189e+02 1.1350557327e+01
1.8522320781e+08 7.7742968750e+02 1.0725463867e+01
1.8522330781e+08 7.9066754150e+02 1.0950905800e+01
1.8522340781e+08 7.5681726074e+02 1.1552105904e+01
1.8522350781e+08 7.8166894531e+02 1.1870751381e+01
1.8522360781e+08 7.9305621338e+02 1.0979778290e+01
1.8522370781e+08 7.8833288574e+02 1.0834719658e+01
1.8522380781e+08 7.8976806641e+02 1.1223007202e+01
1.8522390781e+08 7.7425915527e+02 1.2030434608e+01
1.8522400781e+08 7.9531628418e+02 1.1551827431e+01
1.8522410781e+08 7.9100714111e+02 1.0915896416e+01
1.8522420781e+08 8.0210095215e+02 1.1060568810e+01
1.8522430781e+08 8.1187915039e+02 1.2128411293e+01
1.8522440781e+08 8.0799908447e+02 1.2563788414e+01
1.8522450781e+08 8.1907562256e+02 1.1344363213e+01
1.8522460781e+08 8.0070489502e+02 1.1197848320e+01
1.8522470781e+08 8.5155517578e+02 1.2033185959e+01
1.8522480781e+08 8.2933911133e+02 1.2961588860e+01
1.8522490781e+08 8.1517858887e+02 1.2030927658e+01
1.8522500781e+08 8.5303637695e+02 1.1633155823e+01
1.8522510781e+08 8.3350616455e+02 1.1645192146e+01
1.8522520781e+08 8.3000695801e+02 1.2291342735e+01
1.8522530781e+08 8.6307849121e+02 1.3110095024e+01
1.8522540781e+08 8.4324835205e+02 1.1787056923e+01
1.8522550781e+08 8.6467230225e+02 1.1927932739e+01
1.8522560781e+08 8.5249633789e+02 1.2062151909e+01
1.8522570781e+08 8.4364178467e+02 1.2884908676e+01
1.8522580781e+08 8.7311242676e+02 1.2593112946e+01
1.8522590781e+08 8.7579650879e+02 1.1900464058e+01
1.8522600781e+08 8.6967956543e+02 1.1875594139e+01
1.8522610781e+08 8.7590435791e+02 1.2805017471e+01
1.8522620781e+08 8.4354412842e+02 1.2931772232e+01
1.8522630781e+08 8.7278540039e+02 1.1868317604e+01
1.8522640781e+08 8.9420031738e+02 1.2180937767e+01
1.8522650781e+08 8.7242211914e+02 1.2246405602e+01
1.8522660781e+08 nan nan
1.8522670781e+08 nan nan
1.8522680781e+08 8.6770806885e+02 1.1925639153e+01
1.8522690781e+08 8.9170556641e+02 1.2097667694e+01
1.8522700781e+08 8.7315277100e+02 1.2143530846e+01
1.8522710781e+08 8.7120605469e+02 1.3218311310e+01
1.8522720781e+08 8.8031970215e+02 1.2593999863e+01
1.8522730781e+08 8.6796105957e+02 1.1932497025e+01
1.8522740781e+08 8.8475170898e+02 1.2125576019e+01
1.8522750781e+08 8.6201135254e+02 1.2815976143e+01
1.8522760781e+08 8.5404510498e+02 1.3175065041e+01
1.8522770781e+08 8.9163354492e+02 1.2016231537e+01
1.8522780781e+08 8.6257824707e+02 1.2027912140e+01
1.8522790781e+08 8.7417694092e+02 1.2181358337e+01
1.8522800781e+08 8.5561297607e+02 1.3160161972e+01
1.8522810781e+08 8.6114111328e+02 1.2510560989e+01
1.8522820781e+08 nan nan
1.8522830781e+08 8.6493371582e+02 1.1904385567e+01
1.8522840781e+08 8.8196496582e+02 1.2925425529e+01
1.8522850781e+08 8.2724719238e+02 1.2723868370e+01
1.8522860781e+08 nan nan
1.8522870781e+08 nan nan
1.8522880781e+08 nan nan
1.8522890781e+08 nan nan
1.8522900781e+08 nan nan
1.8522910781e+08 nan nan
1.8522920781e+08 nan nan
1.8522930781e+08 8.6752441406e+02 1.2757712364e+01
1.8522940781e+08 8.5432891846e+02 1.3148190498e+01
1.8522950781e+08 8.6108624268e+02 1.1776931763e+01
1.8522960781e+08 8.6492266846e+02 1.1807336807e+01
1.8522970781e+08 8.5218920898e+02 1.1960035324e+01
1.8522980781e+08 8.6235833740e+02 1.3064536095e+01
1.8522990781e+08 8.5754016113e+02 1.2368510246e+01
1.8523000781e+08 8.5697583008e+02 1.1625423431e+01
1.8523010781e+08 nan nan
1.8523020781e+08 nan nan
1.8523030781e+08 nan nan
1.8523040781e+08 nan nan
1.8523050781e+08 8.9641119385e+02 1.2069663048e+01
1.8523060781e+08 8.5924865723e+02 1.1728786469e+01
1.8523070781e+08 8.6783508301e+02 1.2706074715e+01
1.8523080781e+08 nan nan
1.8523090781e+08 nan nan
1.8523100781e+08 nan nan
1.8523110781e+08 nan nan
1.8523120781e+08 nan nan
1.8523130781e+08 nan nan
1.8523140781e+08 nan nan
1.8523150781e+08 8.5842303467e+02 1.1836096764e+01
1.8523160781e+08 8.8066503906e+02 1.2115165710e+01
1.8523170781e+08 8.5838305664e+02 1.3163897514e+01
1.8523180781e+08 8.5601177979e+02 1.2412487984e+01
1.8523190781e+08 8.7513391113e+02 1.1943394661e+01
1.8523200781e+08 9.1059179688e+02 1.2645888329e+01
1.8523210781e+08 8.8578442383e+02 1.2171778679e+01
1.8523220781e+08 8.6438128662e+02 1.3232564926e+01
1.8523230781e+08 8.8935552979e+02 1.2667648315e+01
1.8523240781e+08 8.6148529053e+02 1.1777983665e+01
1.8523250781e+08 8.4847277832e+02 1.1651372910e+01
1.8523260781e+08 8.3977056885e+02 1.2478417397e+01
1.8523270781e+08 8.5552697754e+02 1.3013417244e+01
1.8523280781e+08 8.3602410889e+02 1.1526160240e+01
1.8523290781e+08 8.3827502441e+02 1.1382212639e+01
1.8523300781e+08 8.3025390625e+02 1.1742737770e+01
1.8523310781e+08 8.3018841553e+02 1.2663199425e+01
1.8523320781e+08 8.3877697754e+02 1.2085320473e+01
1.8523330781e+08 8.1040954590e+02 1.1328030586e+01
1.8523340781e+08 8.3521649170e+02 1.1511743546e+01
1.8523350781e+08 7.9503759766e+02 1.1991094589e+01
1.8523360781e+08 8.2571466064e+02 1.2562848091e+01
1.8523370781e+08 8.3292150879e+02 1.1302230835e+01
1.8523380781e+08 7.8923907471e+02 1.0959539413e+01
1.8523390781e+08 8.0599682617e+02 1.1437470436e+01
1.8523400781e+08 7.9904907227e+02 1.2183967590e+01
1.8523410781e+08 7.9215808105e+02 1.1509597778e+01
1.8523420781e+08 8.1314654541e+02 1.1110881805e+01
1.8523430781e+08 8.0140789795e+02 1.1168431282e+01
1.8523440781e+08 8.0867443848e+02 1.2191226006e+01
1.8523450781e+08 nan nan
1.8523460781e+08 8.3087792969e+02 1.1319400787e+01
1.8523470781e+08 8.0024560547e+02 1.1091012955e+01
1.8523480781e+08 8.2197045898e+02 1.1590853691e+01
1.8523490781e+08 8.0057324219e+02 1.2247138023e+01
1.8523500781e+08 7.8709667969e+02 1.1504261971e+01
1.8523510781e+08 8.1879980469e+02 1.1374414444e+01
1.8523520781e+08 nan nan
1.8523530781e+08 8.3483300781e+02 1.2265025139e+01
1.8523540781e+08 8.1936132812e+02 1.2565473557e+01
1.8523550781e+08 8.1161401367e+02 1.1196007729e+01
1.8523560781e+08 8.2291479492e+02 1.1242257118e+01
1.8523570781e+08 7.8425793457e+02 1.1223170280e+01
1.8523580781e+08 8.1311956787e+02 1.2294617653e+01
1.8523590781e+08 7.9729406738e+02 1.1551347733e+01
1.8523600781e+08 7.9130584717e+02 1.0959746361e+01
1.8523610781e+08 7.7852581787e+02 1.0882354736e+01
1.8523620781e+08 7.9680145264e+02 1.2006777763e+01
1.8523630781e+08 7.6090637207e+02 1.1596973419e+01
1.8523640781e+08 7.7010906982e+02 1.0755250931e+01
1.8523650781e+08 7.5802655029e+02 1.0664800644e+01
1.8523660781e+08 7.6780957031e+02 1.1331825256e+01
1.8523670781e+08 7.5592083740e+02 1.1654403687e+01
1.8523680781e+08 7.6163952637e+02 1.0413894653e+01
1.8523690781e+08 7.5430700684e+02 1.0566555023e+01
1.8523700781e+08 7.6766473389e+02 1.1666152000e+01
1.8523710781e+08 7.7631707764e+02 1.1891384125e+01
1.8523720781e+08 7.7744244385e+02 1.0574756622e+01
1.8523730781e+08 7.6441461182e+02 1.0785676956e+01
1.8523740781e+08 7.5223736572e+02 1.1713740349e+01
1.8523750781e+08 7.8446313477e+02 1.1453541756e+01
1.8523760781e+08 7.9643005371e+02 1.0936713219e+01
1.8523770781e+08 7.8107421875e+02 1.0902012825e+01
1.8523780781e+08 7.7584387207e+02 1.1782289505e+01
1.8523790781e+08 7.6934460449e+02 1.1858546257e+01
1.8523800781e+08 7.5767541504e+02 1.0449950218e+01
1.8523810781e+08 7.6505010986e+02 1.0671078682e+01
1.8523820781e+08 7.5125201416e+02 1.1781537056e+01
1.8523830781e+08 7.7445367432e+02 1.1246430397e+01
1.8523840781e+08 7.6427734375e+02 1.0584381104e+01
1.8523850781e+08 7.6493450928e+02 1.1043179512e+01
1.8523860781e+08 7.7324078369e+02 1.1760400772e+01
1.8523870781e+08 7.7745922852e+02 1.1235711098e+01
1.8523880781e+08 7.6317138672e+02 1.0625253677e+01
1.8523890781e+08 7.7432531738e+02 1.0771153450e+01
1.8523900781e+08 7.6303271484e+02 1.1529383659e+01
1.8523910781e+08 7.8537689209e+02 1.1865649223e+01
1.8523920781e+08 7.7150524902e+02 1.0709155083e+01
1.8523930781e+08 7.5769000244e+02 1.0301321030e+01
1.8523940781e+08 7.5065972900e+02 1.1752034187e+01
1.8523950781e+08 7.5274536133e+02 1.1023394585e+01
1.8523960781e+08 7.4624597168e+02 1.0574682236e+01
1.8523970781e+08 7.3345874023e+02 1.0721430779e+01
1.8523980781e+08 7.6039007568e+02 1.1361767769e+01
1.8523990781e+08 7.5363342285e+02 1.0275651932e+01
1.8524000781e+08 7.5717901611e+02 1.0946054459e+01
1.8524010781e+08 7.5055462646e+02 1.1684702873e+01
1.8524020781e+08 7.7232452393e+02 1.1255935669e+01
1.8524030781e+08 7.5663775635e+02 1.0568143845e+01
1.8524040781e+08 7.7260473633e+02 1.0759717941e+01
1.8524050781e+08 7.7534326172e+02 1.2138469696e+01
1.8524060781e+08 7.8573791504e+02 1.1398283958e+01
1.8524070781e+08 7.7582391357e+02 1.0752540588e+01
1.8524080781e+08 7.9065795898e+02 1.0932960510e+01
1.8524090781e+08 7.8361053467e+02 1.1724445343e+01
1.8524100781e+08 7.7947418213e+02 1.1927156448e+01
1.8524110781e+08 7.8184747314e+02 1.0917059898e+01
1.8524120781e+08 7.8267004395e+02 1.0788523674e+01
1.8524130781e+08 7.9499304199e+02 1.1461610794e+01
1.8524140781e+08 7.9250085449e+02 1.2176480293e+01
1.8524150781e+08 8.0928796387e+02 1.1716512680e+01
1.8524160781e+08 7.7448547363e+02 1.0906082153e+01
1.8524170781e+08 8.0523559570e+02 1.1130280495e+01
1.8524180781e+08 8.2978155518e+02 1.2207950592e+01
1.8524190781e+08 8.0835681152e+02 1.2238001823e+01
1.8524200781e+08 8.0279614258e+02 1.1137063026e+01
1.8524210781e+08 7.8069177246e+02 1.0878674507e+01
1.8524220781e+08 8.0916088867e+02 1.1566525459e+01
1.8524230781e+08 7.5339233398e+02 1.1700557709e+01
1.8524240781e+08 7.8567681885e+02 1.1380645752e+01
1.8524250781e+08 8.0505017090e+02 1.1022914886e+01
1.8524260781e+08 8.0227770996e+02 1.0905506134e+01
1.8524270781e+08 8.0291998291e+02 1.2021430969e+01
1.8524280781e+08 8.1418798828e+02 1.2187405586e+01
1.8524290781e+08 7.8262731934e+02 1.0801282883e+01
1.8524300781e+08 7.7565112305e+02 1.0540645599e+01
1.8524310781e+08 7.8131597900e+02 1.1715054512e+01
1.8524320781e+08 7.5958978271e+02 1.1771281242e+01
1.8524330781e+08 7.4904254150e+02 1.0079947472e+01
1.8524340781e+08 7.4634313965e+02 1.0893488884e+01
1.8524350781e+08 7.7988415527e+02 1.2275933266e+01
1.8524360781e+08 7.7733074951e+02 1.0597775459e+01
1.8524370781e+08 7.5363684082e+02 1.0437022209e+01
1.8524380781e+08 7.4406127930e+02 1.1634482384e+01
1.8524390781e+08 7.5013189697e+02 1.0759072304e+01
1.8524400781e+08 7.3938604736e+02 1.0072032928e+01
1.8524410781e+08 7.1212640381e+02 1.1394387245e+01
1.8524420781e+08 7.2242095947e+02 9.7848062515e+00
1.8524430781e+08 7.4616198730e+02 1.2201052666e+01
1.8524440781e+08 7.3593670654e+02 9.9669561386e+00
1.8524450781e+08 7.3142987061e+02 1.1168495178e+01
1.8524460781e+08 7.1252947998e+02 1.0150033951e+01
1.8524470781e+08 7.1743908691e+02 1.0359658241e+01
1.8524480781e+08 7.2960815430e+02 1.1196948051e+01
1.8524490781e+08 7.3084741211e+02 9.7385749817e+00
1.8524500781e+08 7.2448669434e+02 1.1475239754e+01
1.8524510781e+08 7.2852166748e+02 9.6938238144e+00
1.8524520781e+08 6.9492718506e+02 1.1129167557e+01
1.8524530781e+08 7.0247961426e+02 9.5147113800e+00
1.8524540781e+08 7.1204730225e+02 1.1717074394e+01
1.8524550781e+08 7.0033398438e+02 9.2965602875e+00
1.8524560781e+08 7.0483776855e+02 1.1505351067e+01
1.8524570781e+08 7.0752392578e+02 9.4946136475e+00
1.8524580781e+08 6.9753668213e+02 1.1407469749e+01
1.8524590781e+08 7.1149517822e+02 9.6439018250e+00
1.8524600781e+08 7.1195727539e+02 1.0949301720e+01
1.8524610781e+08 7.1726129150e+02 9.7318973541e+00
1.8524620781e+08 6.7816455078e+02 1.0736151695e+01
1.8524630781e+08 7.0339953613e+02 9.6491994858e+00
1.8524640781e+08 7.0070062256e+02 1.0961836815e+01
1.8524650781e+08 7.0778845215e+02 9.8284988403e+00
1.8524660781e+08 7.0226416016e+02 1.0966185570e+01
1.8524670781e+08 7.1682824707e+02 1.0190611839e+01
1.8524680781e+08 7.0058459473e+02 1.0369079590e+01
1.8524690781e+08 7.1222271729e+02 1.0214293480e+01
1.8524700781e+08 7.1962768555e+02 1.0479026794e+01
1.8524710781e+08 7.1518481445e+02 1.0275813103e+01
1.8524720781e+08 7.3181268311e+02 1.0380582809e+01
1.8524730781e+08 7.1032757568e+02 1.1017134666e+01
1.8524740781e+08 7.1818481445e+02 9.7220811844e+00
1.8524750781e+08 7.3452075195e+02 1.1404722214e+01
1.8524760781e+08 7.0251068115e+02 9.5379066467e+00
1.8524770781e+08 7.0111816406e+02 1.1193916321e+01
1.8524780781e+08 6.9588604736e+02 9.4918069839e+00
1.8524790781e+08 7.1202648926e+02 1.1379685402e+01
1.8524800781e+08 7.1555596924e+02 9.8869161606e+00
1.8524810781e+08 7.1736773682e+02 1.0951222420e+01
1.8524820781e+08 7.0712652588e+02 9.7232246399e+00
1.8524830781e+08 6.9499035645e+02 1.0702296257e+01
1.8524840781e+08 6.9543225098e+02 9.6476211548e+00
1.8524850781e+08 6.9723681641e+02 1.0810197830e+01
1.8524860781e+08 6.9933422852e+02 9.9208822250e+00
1.8524870781e+08 6.8272808838e+02 1.0212747574e+01
1.8524880781e+08 6.9511791992e+02 1.0103927612e+01
1.8524890781e+08 6.9487255859e+02 1.0334463120e+01
1.8524900781e+08 6.9807086182e+02 1.0040288925e+01
1.8524910781e+08 7.2646838379e+02 1.0418597221e+01
1.8524920781e+08 7.1690606689e+02 1.0719210625e+01
1.8524930781e+08 7.0562121582e+02 9.9343862534e+00
1.8524940781e+08 7.3667205811e+02 1.4508841515e+01
1.8524950781e+08 7.1809674072e+02 9.8852901459e+00
1.8524960781e+08 7.2052526855e+02 1.1576290131e+01
1.8524970781e+08 7.0835070801e+02 9.6735286713e+00
1.8524980781e+08 7.0730682373e+02 1.1673892021e+01
1.8524990781e+08 7.1897656250e+02 1.0473988533e+01
1.8525000781e+08 7.1343365479e+02 1.1152847290e+01
1.8525010781e+08 7.1801611328e+02 1.0631734848e+01
1.8525020781e+08 7.3603411865e+02 1.0094980240e+01
1.8525030781e+08 7.2621405029e+02 1.1779197693e+01
1.8525040781e+08 7.2980206299e+02 9.5761680603e+00
1.8525050781e+08 7.0483355713e+02 1.1488458633e+01
1.8525060781e+08 7.1876177979e+02 9.8029174805e+00
1.8525070781e+08 7.2991662598e+02 1.1188514709e+01
1.8525080781e+08 7.4078198242e+02 1.0106062889e+01
1.8525090781e+08 7.3547711182e+02 1.1228984833e+01
1.8525100781e+08 7.1669934082e+02 1.0214617729e+01
1.8525110781e+08 7.2598046875e+02 1.0592894554e+01
1.8525120781e+08 7.3082110596e+02 1.1007539749e+01
1.8525130781e+08 7.1408453369e+02 9.6932573318e+00
1.8525140781e+08 7.3881884766e+02 1.1541227341e+01
1.8525150781e+08 7.1733038330e+02 9.7016296387e+00
1.8525160781e+08 7.2684643555e+02 1.1482408524e+01
1.8525170781e+08 7.1710131836e+02 9.6396427155e+00
1.8525180781e+08 7.3489532471e+02 1.1530695915e+01
1.8525190781e+08 7.3578540039e+02 9.8587884903e+00
1.8525200781e+08 7.2567010498e+02 1.1655941010e+01
1.8525210781e+08 7.0773046875e+02 9.4163398743e+00
1.8525220781e+08 7.1572009277e+02 1.1747331619e+01
1.8525230781e+08 7.2836596680e+02 9.8079195023e+00
1.8525240781e+08 7.1042993164e+02 1.0880869865e+01
1.8525250781e+08 7.1605444336e+02 9.8730916977e+00
1.8525260781e+08 7.1610876465e+02 1.1089474678e+01
1.8525270781e+08 7.1492651367e+02 9.9009275436e+00
1.8525280781e+08 7.0666638184e+02 1.0974880219e+01
1.8525290781e+08 7.1488885498e+02 9.7975959778e+00
1.8525300781e+08 7.1783819580e+02 1.1022812843e+01
1.8525310781e+08 7.3411724854e+02 9.9477901459e+00
1.8525320781e+08 7.4162384033e+02 1.1254825592e+01
1.8525330781e+08 7.3860266113e+02 1.0114997864e+01
1.8525340781e+08 7.2848968506e+02 1.1111948013e+01
1.8525350781e+08 7.2181951904e+02 1.0245018005e+01
1.8525360781e+08 7.2772955322e+02 1.0661631584e+01
1.8525370781e+08 7.3011938477e+02 1.0775568962e+01
1.8525380781e+08 7.7099676514e+02 1.0516308784e+01
1.8525390781e+08 7.3285913086e+02 1.1693237305e+01
1.8525400781e+08 7.4393829346e+02 9.9094924927e+00
1.8525410781e+08 7.3762933350e+02 1.1338753700e+01
1.8525420781e+08 7.3994396973e+02 1.0158163071e+01
1.8525430781e+08 7.3803149414e+02 1.0849884987e+01
1.8525440781e+08 nan nan
1.8525450781e+08 8.1109533691e+02 1.0917964935e+01
1.8525460781e+08 7.8673315430e+02 1.0549016953e+01
1.8525470781e+08 7.5473834229e+02 1.1469710350e+01
1.8525480781e+08 7.4683184814e+02 1.1577744484e+01
1.8525490781e+08 nan nan
1.8525500781e+08 7.5005950928e+02 1.0413475990e+01
1.8525510781e+08 7.7406866455e+02 1.2121486664e+01
1.8525520781e+08 7.8134716797e+02 1.0947489738e+01
1.8525530781e+08 7.6492620850e+02 1.0580185890e+01
1.8525540781e+08 nan nan
1.8525550781e+08 7.7848846436e+02 1.1754871368e+01
1.8525560781e+08 7.6115234375e+02 1.0742856026e+01
1.8525570781e+08 7.6268029785e+02 1.0610193253e+01
1.8525580781e+08 7.7496911621e+02 1.1423812866e+01
1.8525590781e+08 7.5900415039e+02 1.1630284309e+01
1.8525600781e+08 7.4691809082e+02 1.0209745407e+01
1.8525610781e+08 7.6921734619e+02 1.1036219597e+01
1.8525620781e+08 7.6767504883e+02 1.1756250381e+01
1.8525630781e+08 7.4975494385e+02 1.0325988770e+01
1.8525640781e+08 7.6126928711e+02 1.0608028412e+01
1.8525650781e+08 7.4810992432e+02 1.1431188583e+01
1.8525660781e+08 7.4357440186e+02 1.0972951889e+01
1.8525670781e+08 7.5359820557e+02 1.0517485619e+01
1.8525680781e+08 7.4719024658e+02 1.1447915077e+01
1.8525690781e+08 7.4269122314e+02 1.0952765465e+01
1.8525700781e+08 7.1621350098e+02 9.7854700089e+00
1.8525710781e+08 7.4783697510e+02 1.1738088608e+01
1.8525720781e+08 7.3869891357e+02 1.0355027199e+01
1.8525730781e+08 7.4070477295e+02 1.0518362045e+01
1.8525740781e+08 7.4471105957e+02 1.1113852501e+01
1.8525750781e+08 7.1945172119e+02 1.0076314926e+01
1.8525760781e+08 7.3542901611e+02 1.0988799095e+01
1.8525770781e+08 7.3812310791e+02 1.0251709938e+01
1.8525780781e+08 7.2967053223e+02 1.0890604973e+01
1.8525790781e+08 7.2135687256e+02 1.0098047256e+01
1.8525800781e+08 6.9874035645e+02 1.0966114998e+01
1.8525810781e+08 7.0619036865e+02 9.5975999832e+00
1.8525820781e+08 7.1652630615e+02 1.1280033112e+01
1.8525830781e+08 7.2496752930e+02 9.7542009354e+00
1.8525840781e+08 7.1917730713e+02 1.1697420120e+01
1.8525850781e+08 7.2788415527e+02 9.7293682098e+00
1.8525860781e+08 7.1446301270e+02 1.1017848015e+01
1.8525870781e+08 7.0798406982e+02 1.0292032242e+01
1.8525880781e+08 7.1897503662e+02 1.0087462425e+01
1.8525890781e+08 6.9775610352e+02 1.0709390640e+01
1.8525900781e+08 7.1311322021e+02 9.9312067032e+00
1.8525910781e+08 6.8791046143e+02 1.1140341759e+01
1.8525920781e+08 7.2231945801e+02 9.7888202667e+00
1.8525930781e+08 7.1720904541e+02 1.1579943657e+01
1.8525940781e+08 7.1310125732e+02 9.4660387039e+00
1.8525950781e+08 6.9316094971e+02 1.1503260612e+01
1.8525960781e+08 7.3466925049e+02 9.8847351074e+00
1.8525970781e+08 7.2537054443e+02 1.0935372353e+01
1.8525980781e+08 7.1267626953e+02 1.0638143539e+01
1.8525990781e+08 7.2367645264e+02 1.0246633530e+01
1.8526000781e+08 7.3258892822e+02 1.1362406731e+01
1.8526010781e+08 7.2278808594e+02 9.9498710632e+00
1.8526020781e+08 7.4957672119e+02 1.1297726631e+01
1.8526030781e+08 7.4190167236e+02 1.0076429367e+01
1.8526040781e+08 7.1881481934e+02 1.1087594986e+01
1.8526050781e+08 7.2485400391e+02 9.9585151672e+00
1.8526060781e+08 7.3778125000e+02 1.1228884697e+01
1.8526070781e+08 7.3280755615e+02 1.0290657997e+01
1.8526080781e+08 7.2215026855e+02 1.0581027985e+01
1.8526090781e+08 7.3327587891e+02 1.0401337624e+01
1.8526100781e+08 7.3957348633e+02 1.0573970795e+01
1.8526110781e+08 7.1450793457e+02 1.0835832596e+01
1.8526120781e+08 7.3526928711e+02 1.0092086792e+01
1.8526130781e+08 7.2056292725e+02 1.1634095192e+01
1.8526140781e+08 7.3838787842e+02 9.7536993027e+00
1.8526150781e+08 7.1357025146e+02 1.1457156181e+01
1.8526160781e+08 7.1836224365e+02 1.0110760689e+01
1.8526170781e+08 7.1630285645e+02 1.0506633759e+01
1.8526180781e+08 7.2062707520e+02 1.0345469475e+01
1.8526190781e+08 7.2713092041e+02 1.0608551979e+01
1.8526200781e+08 7.1600915527e+02 1.0256999969e+01
1.8526210781e+08 7.1781762695e+02 1.0335000038e+01
1.8526220781e+08 7.2877880859e+02 1.1249320030e+01
1.8526230781e+08 7.1373687744e+02 9.6983709335e+00
1.8526240781e+08 nan nan
1.8526250781e+08 nan nan
