2.4776994727e+08 1.0020260811e+01 3.2822453976e-01
2.4777004727e+08 9.6153364182e+00 3.2140523195e-01
2.4777014727e+08 1.0416810989e+01 3.3463618159e-01
2.4777024727e+08 9.9306688309e+00 3.2651835680e-01
2.4777034727e+08 9.9763116837e+00 3.2731217146e-01
2.4777044727e+08 9.9748916626e+00 3.2761844993e-01
2.4777054727e+08 1.0255294800e+01 3.3220157027e-01
2.4777064727e+08 1.0053167343e+01 3.2859805226e-01
2.4777074727e+08 9.5798549652e+00 3.2075726986e-01
2.4777084727e+08 1.0263077736e+01 3.3193165064e-01
2.4777094727e+08 1.0154066086e+01 3.3031177521e-01
2.4777104727e+08 1.0600709915e+01 3.3759537339e-01
2.4777114727e+08 1.0037318230e+01 3.2825538516e-01
2.4777124727e+08 9.8687629700e+00 3.2554045320e-01
2.4777134727e+08 1.0016335487e+01 3.2827216387e-01
2.4777144727e+08 1.0490504265e+01 3.3579283953e-01
2.4777154727e+08 1.0472038269e+01 3.3537364006e-01
2.4777164727e+08 9.7144899368e+00 3.2309913635e-01
2.4777174727e+08 1.0158868790e+01 3.3046802878e-01
2.4777184727e+08 1.0462824821e+01 3.3542275429e-01
2.4777194727e+08 1.0253294945e+01 3.3178883791e-01
2.4777204727e+08 9.8593635559e+00 3.2558488846e-01
2.4777214727e+08 1.0225146294e+01 3.3174756169e-01
2.4777224727e+08 9.7531166077e+00 3.2384693623e-01
2.4777234727e+08 9.6455354691e+00 3.2205504179e-01
2.4777244727e+08 1.0342485428e+01 3.3345511556e-01
2.4777254727e+08 1.0338485718e+01 3.3332616091e-01
2.4777264727e+08 1.0168593407e+01 3.3078438044e-01
2.4777274727e+08 9.7127265930e+00 3.2339844108e-01
2.4777284727e+08 1.0192320824e+01 3.3120590448e-01
2.4777294727e+08 1.0536632538e+01 3.3658036590e-01
2.4777304727e+08 9.7321166992e+00 3.2332792878e-01
2.4777314727e+08 1.0033417702e+01 3.2830348611e-01
2.4777324727e+08 1.0490686417e+01 3.3562678099e-01
2.4777334727e+08 1.0112691879e+01 3.2966431975e-01
2.4777344727e+08 1.0686264992e+01 3.3911839128e-01
2.4777354727e+08 1.0233092308e+01 3.3148238063e-01
2.4777364727e+08 9.6396236420e+00 3.2185766101e-01
2.4777374727e+08 1.0330905914e+01 3.3325502276e-01
2.4777384727e+08 1.0345785141e+01 3.3373501897e-01
2.4777394727e+08 1.0257858276e+01 3.3193650842e-01
2.4777404727e+08 9.9560432434e+00 3.2717588544e-01
2.4777414727e+08 1.0127050400e+01 3.2995712757e-01
2.4777424727e+08 9.8227682114e+00 3.2508617640e-01
2.4777434727e+08 9.4921541214e+00 3.1943643093e-01
2.4777444727e+08 1.0101235390e+01 3.2981702685e-01
2.4777454727e+08 9.9854822159e+00 3.2778951526e-01
2.4777464727e+08 9.5447092056e+00 3.2029947639e-01
2.4777474727e+08 9.9018487930e+00 3.2645428181e-01
2.4777484727e+08 1.0110988617e+01 3.2978409529e-01
2.4777494727e+08 9.8124532700e+00 3.2474482059e-01
2.4777504727e+08 1.0121726036e+01 3.2995885611e-01
2.4777514727e+08 9.5392608643e+00 3.2011663914e-01
2.4777524727e+08 1.0136668205e+01 3.3027049899e-01
2.4777534727e+08 9.9981651306e+00 3.2802915573e-01
2.4777544727e+08 1.0235614777e+01 3.3156409860e-01
2.4777554727e+08 9.7127971649e+00 3.2286429405e-01
2.4777564727e+08 9.8494195938e+00 3.2525649667e-01
2.4777574727e+08 1.0082143784e+01 3.2919368148e-01
2.4777584727e+08 1.0107634544e+01 3.2967466116e-01
2.4777594727e+08 9.5717916489e+00 3.2084718347e-01
2.4777604727e+08 9.8125267029e+00 3.2510352135e-01
2.4777614727e+08 1.0175855637e+01 3.3102059364e-01
2.4777624727e+08 1.0593296051e+01 3.3753049374e-01
2.4777634727e+08 1.0306219101e+01 3.3263176680e-01
2.4777644727e+08 1.0080615997e+01 3.2914379239e-01
2.4777654727e+08 1.0551067352e+01 3.3669808507e-01
2.4777664727e+08 1.0004526138e+01 3.2806134224e-01
2.4777674727e+08 1.0524235725e+01 3.3652794361e-01
2.4777684727e+08 1.0503968239e+01 3.3605170250e-01
2.4777694727e+08 1.0341340065e+01 3.3324500918e-01
2.4777704727e+08 1.0159163475e+01 3.3047759533e-01
2.4777714727e+08 9.6254014969e+00 3.2174170017e-01
2.4777724727e+08 9.7921819687e+00 3.2442948222e-01
2.4777734727e+08 9.3899879456e+00 3.1762108207e-01
2.4777744727e+08 9.8119707108e+00 3.2472881675e-01
2.4777754727e+08 9.4252777100e+00 3.1826901436e-01
2.4777764727e+08 9.6786623001e+00 3.2244300842e-01
2.4777774727e+08 1.0088777542e+01 3.2941028476e-01
2.4777784727e+08 1.0700091362e+01 3.3904537559e-01
2.4777794727e+08 9.8679094315e+00 3.2568952441e-01
2.4777804727e+08 9.2560977936e+00 3.1526392698e-01
2.4777814727e+08 9.4476709366e+00 3.1884345412e-01
2.4777824727e+08 9.8729333878e+00 3.2567802072e-01
2.4777834727e+08 1.0034347534e+01 4.9861073494e-01
