1.3691623098e+08 5.0218330383e+01 7.6832795143e-01
1.3691633098e+08 4.9768508911e+01 7.5869804621e-01
1.3691643098e+08 5.1389919281e+01 7.7062726021e-01
1.3691653098e+08 5.1041000366e+01 7.6781600714e-01
1.3691663098e+08 5.1314067841e+01 7.6957631111e-01
1.3691673098e+08 5.0954673767e+01 7.6686459780e-01
1.3691683098e+08 5.0001636505e+01 7.6031076908e-01
1.3691693098e+08 5.0173656464e+01 7.6160693169e-01
1.3691703098e+08 5.0850334167e+01 7.6703357697e-01
1.3691713098e+08 5.0764442444e+01 7.6547676325e-01
1.3691723098e+08 5.0388950348e+01 7.6250678301e-01
1.3691733098e+08 4.9262439728e+01 7.5458681583e-01
1.3691743098e+08 5.0469543457e+01 7.6346415281e-01
1.3691753098e+08 5.0448093414e+01 7.6340180635e-01
1.3691763098e+08 5.1147895813e+01 7.6864171028e-01
1.3691773098e+08 5.1498748779e+01 7.7139240503e-01
1.3691783098e+08 5.1662757874e+01 7.7237749100e-01
1.3691793098e+08 5.0634742737e+01 7.6465201378e-01
1.3691803098e+08 4.9664779663e+01 7.5790971518e-01
1.3691813098e+08 5.0418224335e+01 7.6391249895e-01
1.3691823098e+08 5.0119392395e+01 7.6060795784e-01
1.3691833098e+08 4.9361251831e+01 7.5539171696e-01
1.3691843098e+08 4.8619899750e+01 7.4941879511e-01
1.3691853098e+08 5.0410999298e+01 7.6327753067e-01
1.3691863098e+08 4.7916069031e+01 7.4344342947e-01
1.3691873098e+08 4.9885421753e+01 7.5898247957e-01
1.3691883098e+08 4.7632919312e+01 7.4119448662e-01
1.3691893098e+08 4.7301536560e+01 7.3944765329e-01
1.3691903098e+08 4.8739253998e+01 7.5010102987e-01
1.3691913098e+08 4.9327133179e+01 7.5433981419e-01
1.3691923098e+08 4.8840473175e+01 7.5165879726e-01
1.3691933098e+08 4.8248149872e+01 7.4697923660e-01
1.3691943098e+08 4.9410495758e+01 7.5605684519e-01
1.3691953098e+08 4.7048816681e+01 7.3693913221e-01
1.3691963098e+08 4.8227352142e+01 7.4612087011e-01
1.3691973098e+08 4.7311889648e+01 7.3897773027e-01
1.3691983098e+08 4.7745254517e+01 7.4213427305e-01
1.3691993098e+08 4.7490634918e+01 7.3996651173e-01
1.3692003098e+08 4.8565048218e+01 7.4884027243e-01
1.3692013098e+08 4.7402526855e+01 7.4003237486e-01
1.3692023098e+08 4.7635120392e+01 7.4140828848e-01
1.3692033098e+08 4.7737895966e+01 7.4282795191e-01
1.3692043098e+08 4.8568656921e+01 7.4836236238e-01
1.3692053098e+08 4.7164779663e+01 7.3767036200e-01
1.3692063098e+08 4.6150367737e+01 7.2988384962e-01
1.3692073098e+08 4.6770172119e+01 7.3537641764e-01
1.3692083098e+08 4.6385936737e+01 7.3159933090e-01
1.3692093098e+08 4.6574474335e+01 7.3366099596e-01
1.3692103098e+08 4.7526855469e+01 7.4080073833e-01
1.3692113098e+08 4.7215297699e+01 7.3846054077e-01
1.3692123098e+08 4.7302913666e+01 7.3883748055e-01
1.3692133098e+08 4.6938636780e+01 7.3675131798e-01
1.3692143098e+08 4.6287090302e+01 7.3122358322e-01
1.3692153098e+08 4.5731315613e+01 7.2653484344e-01
1.3692163098e+08 4.6686016083e+01 7.3405325413e-01
1.3692173098e+08 4.7923217773e+01 7.4355435371e-01
1.3692183098e+08 4.7090293884e+01 7.3713678122e-01
1.3692193098e+08 4.6642398834e+01 7.3482215405e-01
1.3692203098e+08 4.7618080139e+01 7.4168223143e-01
1.3692213098e+08 4.7514984131e+01 7.4079567194e-01
1.3692223098e+08 4.6861164093e+01 7.3562598228e-01
1.3692233098e+08 4.7378475189e+01 7.3974710703e-01
1.3692243098e+08 4.5382556915e+01 7.2392356396e-01
1.3692253098e+08 4.5448619843e+01 7.2433251143e-01
1.3692263098e+08 4.6026412964e+01 7.2929286957e-01
1.3692273098e+08 4.5980232239e+01 7.2865265608e-01
1.3692283098e+08 4.5741348267e+01 7.2660255432e-01
1.3692293098e+08 4.4777591705e+01 7.1867573261e-01
1.3692303098e+08 4.7668933868e+01 7.4193453789e-01
1.3692313098e+08 4.6482124329e+01 7.3366409540e-01
1.3692323098e+08 4.6305595398e+01 7.3105996847e-01
1.3692333098e+08 4.5544776917e+01 7.2476130724e-01
1.3692343098e+08 4.6467731476e+01 7.3252505064e-01
1.3692353098e+08 4.6897792816e+01 7.3620092869e-01
1.3692363098e+08 4.4911388397e+01 7.2017413378e-01
1.3692373098e+08 4.7746665955e+01 7.4278455973e-01
1.3692383098e+08 4.6532196045e+01 7.3308593035e-01
1.3692393098e+08 4.6751098633e+01 7.3462265730e-01
1.3692403098e+08 4.6629764557e+01 7.3371315002e-01
1.3692413098e+08 4.6951934814e+01 7.3641598225e-01
1.3692423098e+08 4.5833751678e+01 7.2770327330e-01
1.3692433098e+08 4.5293354034e+01 7.2342151403e-01
1.3692443098e+08 4.5875595093e+01 7.2873508930e-01
1.3692453098e+08 4.6568805695e+01 7.3293548822e-01
1.3692463098e+08 4.5349540710e+01 7.2404193878e-01
1.3692473098e+08 4.4938228607e+01 7.1967983246e-01
1.3692483098e+08 4.4545085907e+01 7.1707141399e-01
1.3692493098e+08 4.6000728607e+01 7.2842884064e-01
1.3692503098e+08 4.5918773651e+01 7.2740471363e-01
1.3692513098e+08 4.4803020477e+01 7.1889871359e-01
1.3692523098e+08 4.4943721771e+01 7.2078531981e-01
1.3692533098e+08 4.5708721161e+01 7.2599267960e-01
1.3692543098e+08 4.4082679749e+01 7.1324104071e-01
1.3692553098e+08 4.5606311798e+01 7.2518980503e-01
1.3692563098e+08 4.3952270508e+01 7.1243774891e-01
1.3692573098e+08 4.4747581482e+01 7.1893525124e-01
1.3692583098e+08 4.6499355316e+01 7.3265951872e-01
1.3692593098e+08 4.3856590271e+01 7.1163511276e-01
1.3692603098e+08 4.5231544495e+01 7.2252649069e-01
1.3692613098e+08 4.4622196198e+01 7.1766209602e-01
1.3692623098e+08 4.4247001648e+01 7.1477788687e-01
1.3692633098e+08 4.5447399139e+01 7.2477346659e-01
1.3692643098e+08 4.5099872589e+01 7.2162103653e-01
1.3692653098e+08 4.5270008087e+01 7.2268009186e-01
1.3692663098e+08 4.5624427795e+01 7.2630476952e-01
1.3692673098e+08 4.5110145569e+01 7.2160071135e-01
1.3692683098e+08 4.4218410492e+01 7.1431601048e-01
1.3692693098e+08 4.4861743927e+01 7.1984094381e-01
1.3692703098e+08 4.4582134247e+01 7.1776086092e-01
1.3692713098e+08 4.4422191620e+01 7.1630060673e-01
1.3692723098e+08 4.2550720215e+01 7.0095181465e-01
1.3692733098e+08 4.4882434845e+01 7.1980237961e-01
1.3692743098e+08 4.5109737396e+01 7.2196376324e-01
1.3692753098e+08 4.4891899109e+01 7.2032475471e-01
1.3692763098e+08 4.5425468445e+01 7.2405552864e-01
1.3692773098e+08 4.5291603088e+01 7.2320914268e-01
1.3692783098e+08 4.5205505371e+01 7.2229492664e-01
1.3692793098e+08 4.6059104919e+01 7.2926181555e-01
1.3692803098e+08 4.6357696533e+01 7.3160904646e-01
1.3692813098e+08 4.6110813141e+01 7.2980612516e-01
1.3692823098e+08 4.4775928497e+01 7.1901953220e-01
1.3692833098e+08 4.5439071655e+01 7.2418034077e-01
1.3692843098e+08 4.5370861053e+01 7.2373694181e-01
1.3692853098e+08 4.5324687958e+01 7.2456926107e-01
1.3692863098e+08 4.5246139526e+01 7.2331357002e-01
1.3692873098e+08 4.4911239624e+01 7.2054237127e-01
1.3692883098e+08 4.4511829376e+01 7.1653604507e-01
1.3692893098e+08 4.5275760651e+01 7.2295618057e-01
1.3692903098e+08 4.4028099060e+01 7.1347939968e-01
1.3692913098e+08 4.5098793030e+01 7.2188109159e-01
1.3692923098e+08 4.6494197845e+01 7.3266923428e-01
1.3692933098e+08 4.6881870270e+01 7.3586034775e-01
1.3692943098e+08 4.7689151764e+01 7.4197965860e-01
1.3692953098e+08 4.5775268555e+01 7.2704964876e-01
1.3692963098e+08 4.6198020935e+01 7.3036354780e-01
1.3692973098e+08 4.6743595123e+01 7.3541325331e-01
1.3692983098e+08 4.6077220917e+01 7.2991472483e-01
1.3692993098e+08 4.5966648102e+01 7.2917014360e-01
1.3693003098e+08 4.5805912018e+01 7.2726124525e-01
1.3693013098e+08 4.6070110321e+01 7.2943603992e-01
1.3693023098e+08 4.5807796478e+01 7.2756630182e-01
1.3693033098e+08 4.7039001465e+01 7.3714721203e-01
1.3693043098e+08 4.6490520477e+01 7.3279321194e-01
1.3693053098e+08 4.6652000427e+01 7.3469996452e-01
1.3693063098e+08 4.5557781219e+01 7.2579580545e-01
1.3693073098e+08 4.6892456055e+01 7.3575466871e-01
1.3693083098e+08 4.5223144531e+01 7.2257673740e-01
1.3693093098e+08 4.5400211334e+01 7.2402089834e-01
1.3693103098e+08 4.5901062012e+01 7.2831308842e-01
1.3693113098e+08 4.6310214996e+01 7.3149764538e-01
1.3693123098e+08 4.6923686981e+01 7.3597294092e-01
1.3693133098e+08 4.5371818542e+01 7.2347611189e-01
1.3693143098e+08 4.7127372742e+01 7.3816961050e-01
1.3693153098e+08 4.5775215149e+01 7.2677385807e-01
1.3693163098e+08 4.6819942474e+01 7.3506939411e-01
1.3693173098e+08 4.6167984009e+01 7.3025387526e-01
1.3693183098e+08 4.4985145569e+01 7.2107881308e-01
1.3693193098e+08 4.6192462921e+01 7.3054963350e-01
1.3693203098e+08 4.6602844238e+01 7.3356199265e-01
1.3693213098e+08 4.5978031158e+01 7.2880083323e-01
1.3693223098e+08 4.8061180115e+01 7.4551546574e-01
1.3693233098e+08 4.6652931213e+01 7.3425948620e-01
1.3693243098e+08 4.7477180481e+01 7.4056637287e-01
1.3693253098e+08 4.7966934204e+01 7.4423265457e-01
1.3693263098e+08 4.5776203156e+01 7.2770732641e-01
1.3693273098e+08 4.7580188751e+01 7.4082255363e-01
1.3693283098e+08 4.6531959534e+01 7.3235553503e-01
1.3693293098e+08 4.7997814178e+01 7.4390631914e-01
1.3693303098e+08 4.6849250793e+01 7.3516726494e-01
1.3693313098e+08 4.8036552429e+01 7.4486470222e-01
1.3693323098e+08 4.5967838287e+01 7.2909730673e-01
1.3693333098e+08 4.6224155426e+01 7.3114228249e-01
1.3693343098e+08 4.5725864410e+01 7.2709083557e-01
1.3693353098e+08 4.6381599426e+01 7.3207747936e-01
1.3693363098e+08 4.7883567810e+01 7.4401456118e-01
1.3693373098e+08 4.6554039001e+01 7.3306632042e-01
1.3693383098e+08 4.6679676056e+01 7.3359096050e-01
1.3693393098e+08 4.7342315674e+01 7.3945289850e-01
1.3693403098e+08 4.8550079346e+01 7.4887657166e-01
1.3693413098e+08 4.8556873322e+01 7.4880319834e-01
1.3693423098e+08 4.8244789124e+01 7.4639070034e-01
1.3693433098e+08 4.8381835938e+01 7.4752748013e-01
1.3693443098e+08 4.8773372650e+01 7.5062608719e-01
1.3693453098e+08 4.8265045166e+01 7.4652540684e-01
1.3693463098e+08 4.8282005310e+01 7.4777227640e-01
1.3693473098e+08 4.7652877808e+01 7.4123591185e-01
1.3693483098e+08 4.7534473419e+01 7.4082946777e-01
1.3693493098e+08 4.7904193878e+01 7.4343818426e-01
1.3693503098e+08 4.7705162048e+01 7.4231863022e-01
1.3693513098e+08 4.8549537659e+01 7.4869006872e-01
1.3693523098e+08 4.7400184631e+01 7.3954540491e-01
1.3693533098e+08 4.8873081207e+01 7.5091665983e-01
1.3693543098e+08 4.9368324280e+01 7.5523471832e-01
1.3693553098e+08 4.9059368134e+01 7.5324565172e-01
1.3693563098e+08 4.8529064178e+01 7.4864149094e-01
1.3693573098e+08 4.9102043152e+01 7.5310236216e-01
1.3693583098e+08 4.9913028717e+01 7.5861275196e-01
1.3693593098e+08 4.7199340820e+01 7.3830127716e-01
1.3693603098e+08 4.9414207458e+01 7.5593662262e-01
1.3693613098e+08 4.8863292694e+01 7.5058907270e-01
1.3693623098e+08 4.8643043518e+01 7.4933063984e-01
1.3693633098e+08 5.0014270782e+01 7.6023930311e-01
1.3693643098e+08 5.0145030975e+01 7.6108473539e-01
1.3693653098e+08 4.9073925018e+01 7.5267112255e-01
1.3693663098e+08 4.7465381622e+01 7.4011230469e-01
1.3693673098e+08 4.8945098877e+01 7.5237852335e-01
1.3693683098e+08 4.9115829468e+01 7.5375723839e-01
1.3693693098e+08 4.9074684143e+01 7.5330322981e-01
1.3693703098e+08 4.9643569946e+01 7.5776255131e-01
1.3693713098e+08 4.8976322174e+01 7.5205916166e-01
1.3693723098e+08 4.9569366455e+01 7.5654178858e-01
1.3693733098e+08 4.9671699524e+01 7.5678265095e-01
1.3693743098e+08 4.9344020844e+01 7.5503963232e-01
1.3693753098e+08 4.9223815918e+01 7.5364160538e-01
1.3693763098e+08 4.9362831116e+01 7.5497400761e-01
1.3693773098e+08 4.9760833740e+01 7.5866919756e-01
1.3693783098e+08 5.0481498718e+01 7.6347029209e-01
1.3693793098e+08 5.0247760773e+01 7.6238054037e-01
1.3693803098e+08 4.9824199677e+01 7.5928241014e-01
1.3693813098e+08 5.0037414551e+01 7.5988912582e-01
1.3693823098e+08 4.9852275848e+01 7.5900548697e-01
1.3693833098e+08 5.0406764984e+01 7.6330089569e-01
1.3693843098e+08 5.0913898468e+01 7.6729440689e-01
1.3693853098e+08 5.1412250519e+01 7.7052909136e-01
1.3693863098e+08 4.9505981445e+01 7.5566244125e-01
1.3693873098e+08 5.0217853546e+01 7.6227784157e-01
1.3693883098e+08 4.9919116974e+01 7.5888055563e-01
1.3693893098e+08 4.9312080383e+01 7.5490450859e-01
1.3693903098e+08 5.0248008728e+01 7.6168328524e-01
1.3693913098e+08 4.9719497681e+01 7.5715947151e-01
1.3693923098e+08 4.9538284302e+01 7.5562751293e-01
1.3693933098e+08 4.9867702484e+01 7.5888866186e-01
1.3693943098e+08 5.0598346710e+01 7.6453834772e-01
1.3693953098e+08 4.9129703522e+01 7.5370389223e-01
1.3693963098e+08 5.0409591675e+01 7.6395708323e-01
1.3693973098e+08 4.8652362823e+01 7.4947416782e-01
1.3693983098e+08 4.9964431763e+01 7.5948172808e-01
1.3693993098e+08 4.9274463654e+01 7.5441700220e-01
1.3694003098e+08 4.9026222229e+01 7.5291424990e-01
1.3694013098e+08 4.9166805267e+01 7.5534045696e-01
1.3694023098e+08 4.9387199402e+01 7.5499355793e-01
1.3694033098e+08 4.8646080017e+01 7.4937742949e-01
1.3694043098e+08 4.9154655457e+01 7.5293582678e-01
1.3694053098e+08 4.8451122284e+01 7.4788415432e-01
1.3694063098e+08 4.8514362335e+01 7.4823665619e-01
1.3694073098e+08 4.9109157562e+01 7.5285738707e-01
1.3694083098e+08 4.8726024628e+01 7.5007510185e-01
1.3694093098e+08 4.8576316833e+01 7.4910306931e-01
1.3694103098e+08 4.8997989655e+01 7.5283586979e-01
1.3694113098e+08 4.7783962250e+01 7.4282568693e-01
1.3694123098e+08 4.7069854736e+01 7.3708784580e-01
1.3694133098e+08 4.8723617554e+01 7.5030475855e-01
1.3694143098e+08 4.6927062988e+01 7.3566401005e-01
1.3694153098e+08 4.7340789795e+01 7.3969984055e-01
1.3694163098e+08 4.7537235260e+01 7.4105256796e-01
1.3694173098e+08 4.6874660492e+01 7.3556596041e-01
1.3694183098e+08 4.6444187164e+01 7.3242700100e-01
1.3694193098e+08 4.6688823700e+01 7.3391592503e-01
1.3694203098e+08 4.6263134003e+01 7.3121023178e-01
1.3694213098e+08 4.7424743652e+01 7.3983848095e-01
1.3694223098e+08 4.6231334686e+01 7.3061633110e-01
1.3694233098e+08 4.6089603424e+01 7.2983622551e-01
1.3694243098e+08 4.7078083038e+01 7.3766905069e-01
1.3694253098e+08 4.6246013641e+01 7.3103094101e-01
1.3694263098e+08 4.6264945984e+01 7.3041820526e-01
1.3694273098e+08 4.5998306274e+01 7.2884756327e-01
1.3694283098e+08 4.5941158295e+01 7.2839939594e-01
1.3694293098e+08 4.5433128357e+01 7.2417759895e-01
1.3694303098e+08 4.4564079285e+01 7.1774929762e-01
1.3694313098e+08 4.5816390991e+01 7.2779464722e-01
1.3694323098e+08 4.5410709381e+01 7.2437256575e-01
1.3694333098e+08 4.5569713593e+01 9.5962828398e-01
1.3694343098e+08 4.3841987610e+01 7.1460396051e-01
1.3694353098e+08 4.5117458344e+01 7.2543978691e-01
1.3694363098e+08 4.4039855957e+01 7.1320194006e-01
1.3694373098e+08 4.3972393036e+01 7.1257668734e-01
1.3694383098e+08 4.4273792267e+01 7.1474450827e-01
1.3694393098e+08 4.4294063568e+01 7.1469932795e-01
1.3694403098e+08 4.4979789734e+01 7.2062271833e-01
1.3694413098e+08 4.3984230042e+01 7.1239447594e-01
1.3694423098e+08 4.4931587219e+01 7.2040539980e-01
1.3694433098e+08 4.4386142731e+01 7.1571940184e-01
1.3694443098e+08 4.3911193848e+01 7.1242737770e-01
1.3694453098e+08 4.2614532471e+01 7.0181256533e-01
1.3694463098e+08 4.3173995972e+01 7.0568734407e-01
1.3694473098e+08 4.1653766632e+01 6.9326722622e-01
1.3694483098e+08 4.2674686432e+01 7.0166230202e-01
1.3694493098e+08 4.2014560699e+01 6.9619333744e-01
1.3694503098e+08 4.1654800415e+01 6.9386130571e-01
1.3694513098e+08 4.0714370728e+01 6.8585097790e-01
1.3694523098e+08 4.0294765472e+01 6.8217867613e-01
1.3694533098e+08 4.2249500275e+01 6.9826734066e-01
1.3694543098e+08 4.1477603912e+01 6.9187021255e-01
1.3694553098e+08 3.9718860626e+01 6.7700415850e-01
1.3694563098e+08 4.0953907013e+01 6.8745195866e-01
1.3694573098e+08 4.1388034821e+01 6.9133859873e-01
1.3694583098e+08 4.0172317505e+01 6.8088674545e-01
1.3694593098e+08 4.1289619446e+01 6.9007986784e-01
1.3694603098e+08 3.9728828430e+01 6.7687910795e-01
1.3694613098e+08 3.9594482422e+01 6.7606371641e-01
1.3694623098e+08 4.0208915710e+01 6.8121355772e-01
1.3694633098e+08 4.0388969421e+01 6.8299096823e-01
1.3694643098e+08 3.9884685516e+01 6.7825603485e-01
1.3694653098e+08 4.0797473907e+01 6.8647217751e-01
1.3694663098e+08 3.8861015320e+01 6.7011708021e-01
1.3694673098e+08 3.8048130035e+01 6.6243326664e-01
1.3694683098e+08 3.9036808014e+01 6.7165225744e-01
1.3694693098e+08 3.8547092438e+01 6.6808962822e-01
1.3694703098e+08 3.9103572845e+01 7.0701187849e-01
1.3694713098e+08 3.8008865356e+01 7.9048019648e-01
1.3694723098e+08 3.8929439545e+01 7.1723556519e-01
1.3694733098e+08 3.7326419830e+01 6.5636634827e-01
1.3694743098e+08 3.7488155365e+01 6.5768694878e-01
1.3694753098e+08 3.9454433441e+01 6.7475521564e-01
1.3694763098e+08 3.7293537140e+01 6.5599101782e-01
1.3694773098e+08 3.8267055511e+01 6.6493606567e-01
1.3694783098e+08 3.7177669525e+01 6.5486532450e-01
1.3694793098e+08 3.6955825806e+01 6.5288496017e-01
1.3694803098e+08 3.7672130585e+01 6.5959626436e-01
1.3694813098e+08 3.8639644623e+01 6.6789054871e-01
1.3694823098e+08 3.6844272614e+01 6.5285283327e-01
1.3694833098e+08 3.6392837524e+01 6.4770704508e-01
1.3694843098e+08 3.6850135803e+01 6.5193402767e-01
1.3694853098e+08 3.6792549133e+01 6.5122103691e-01
1.3694863098e+08 3.7570957184e+01 6.5863299370e-01
1.3694873098e+08 3.6642021179e+01 6.4998370409e-01
1.3694883098e+08 3.6168888092e+01 6.4587301016e-01
1.3694893098e+08 3.7378398895e+01 6.5616542101e-01
1.3694903098e+08 3.6319229126e+01 6.4680689573e-01
1.3694913098e+08 3.6379497528e+01 6.4788019657e-01
1.3694923098e+08 3.6421443939e+01 6.4790838957e-01
1.3694933098e+08 3.5091720581e+01 6.3635057211e-01
1.3694943098e+08 3.5642765045e+01 6.4150947332e-01
1.3694953098e+08 3.6673099518e+01 6.5012598038e-01
1.3694963098e+08 3.7674423218e+01 6.5923237801e-01
1.3694973098e+08 3.5989501953e+01 6.4421224594e-01
1.3694983098e+08 3.7527263641e+01 6.5827172995e-01
1.3694993098e+08 3.6433906555e+01 6.4874631166e-01
1.3695003098e+08 3.5999916077e+01 6.4460521936e-01
1.3695013098e+08 3.6074359894e+01 6.4614540339e-01
1.3695023098e+08 3.4558811188e+01 6.3158655167e-01
1.3695033098e+08 3.4484924316e+01 6.3044685125e-01
1.3695043098e+08 3.5740180969e+01 6.4222347736e-01
1.3695053098e+08 3.5467380524e+01 6.4001363516e-01
1.3695063098e+08 3.4543552399e+01 6.3088643551e-01
1.3695073098e+08 3.5031883240e+01 6.3589310646e-01
1.3695083098e+08 3.4390213013e+01 6.3019150496e-01
1.3695093098e+08 3.5078884125e+01 6.3590872288e-01
1.3695103098e+08 3.4361309052e+01 6.2976753712e-01
1.3695113098e+08 3.4710174561e+01 6.3298016787e-01
1.3695123098e+08 3.4059215546e+01 6.2686848640e-01
1.3695133098e+08 3.5127902985e+01 6.3637924194e-01
1.3695143098e+08 3.4167419434e+01 6.2843441963e-01
1.3695153098e+08 3.4561477661e+01 6.3142448664e-01
1.3695163098e+08 3.4432781219e+01 6.3075971603e-01
1.3695173098e+08 3.3935588837e+01 6.2565380335e-01
1.3695183098e+08 3.3616867065e+01 6.2274813652e-01
1.3695193098e+08 3.4207786560e+01 6.2800949812e-01
1.3695203098e+08 3.4018135071e+01 6.2664335966e-01
1.3695213098e+08 3.4680168152e+01 6.3327592611e-01
1.3695223098e+08 3.3416774750e+01 6.2128418684e-01
1.3695233098e+08 3.2860454559e+01 6.1564075947e-01
1.3695243098e+08 3.3529182434e+01 6.2155061960e-01
1.3695253098e+08 3.3335369110e+01 6.1966359615e-01
1.3695263098e+08 3.1271684647e+01 6.0104519129e-01
1.3695273098e+08 3.3128540039e+01 6.1838841438e-01
1.3695283098e+08 3.2862911224e+01 6.1611944437e-01
1.3695293098e+08 3.3782371521e+01 6.2442278862e-01
1.3695303098e+08 3.2922420502e+01 6.1647719145e-01
1.3695313098e+08 3.2504379272e+01 6.1198437214e-01
1.3695323098e+08 3.2588569641e+01 6.1313492060e-01
1.3695333098e+08 3.2877185822e+01 6.1573809385e-01
1.3695343098e+08 3.2878944397e+01 6.1577099562e-01
1.3695353098e+08 3.1733100891e+01 6.0457712412e-01
1.3695363098e+08 3.2679592133e+01 6.1419558525e-01
1.3695373098e+08 3.3101337433e+01 6.1755800247e-01
1.3695383098e+08 3.2377555847e+01 6.1089730263e-01
1.3695393098e+08 3.3090351105e+01 6.1789089441e-01
1.3695403098e+08 3.1565237045e+01 6.0302287340e-01
1.3695413098e+08 3.2235637665e+01 6.0952287912e-01
1.3695423098e+08 3.2333419800e+01 6.1082613468e-01
1.3695433098e+08 3.2214302063e+01 6.0977387428e-01
1.3695443098e+08 3.1585691452e+01 6.0363394022e-01
1.3695453098e+08 3.1991888046e+01 6.0763567686e-01
1.3695463098e+08 3.1793643951e+01 6.0573059320e-01
1.3695473098e+08 3.1676744461e+01 6.0427159071e-01
1.3695483098e+08 3.0800241470e+01 5.9584856033e-01
1.3695493098e+08 3.1464477539e+01 6.0219788551e-01
1.3695503098e+08 3.1464725494e+01 6.2382876873e-01
