1.3696043219e+08 8.9502906799e+01 2.4261820316e+00
1.3696053219e+08 9.0027481079e+01 2.4297122955e+00
1.3696063219e+08 9.2094078064e+01 2.4499692917e+00
1.3696073219e+08 9.0580963135e+01 2.4295706749e+00
1.3696083219e+08 9.3787811279e+01 2.4776070118e+00
1.3696093219e+08 8.7549026489e+01 2.3890111446e+00
1.3696103219e+08 8.8732482910e+01 2.4052131176e+00
1.3696113219e+08 8.7875061035e+01 2.3925426006e+00
1.3696123219e+08 8.6915519714e+01 2.3824141026e+00
1.3696133219e+08 8.9933685303e+01 2.4244997501e+00
1.3696143219e+08 8.4562561035e+01 2.3499186039e+00
1.3696153219e+08 8.6321945190e+01 2.3741631508e+00
1.3696163219e+08 8.5151672363e+01 2.3562512398e+00
1.3696173219e+08 8.9070106506e+01 2.4126191139e+00
1.3696183219e+08 9.0601470947e+01 2.4336516857e+00
1.3696193219e+08 9.0073448181e+01 2.4291789532e+00
1.3696203219e+08 8.5701194763e+01 2.3642270565e+00
1.3696213219e+08 8.9130294800e+01 2.4142725468e+00
1.3696223219e+08 8.9491592407e+01 2.4232006073e+00
1.3696233219e+08 8.8671562195e+01 2.4080548286e+00
1.3696243219e+08 8.3373458862e+01 2.3331215382e+00
1.3696253219e+08 9.0735549927e+01 2.4337434769e+00
1.3696263219e+08 8.7251861572e+01 2.3853199482e+00
1.3696273219e+08 8.7362091064e+01 2.3865506649e+00
1.3696283219e+08 8.8282470703e+01 2.4009666443e+00
1.3696293219e+08 8.7847763062e+01 2.3944900036e+00
1.3696303219e+08 8.9250801086e+01 2.4121837616e+00
1.3696313219e+08 8.6575218201e+01 2.3811495304e+00
1.3696323219e+08 9.0832099915e+01 2.4372076988e+00
1.3696333219e+08 8.9113853455e+01 2.4111258984e+00
1.3696343219e+08 8.9493835449e+01 2.4169874191e+00
1.3696353219e+08 8.9004150391e+01 2.4108064175e+00
1.3696363219e+08 8.5242980957e+01 2.3615491390e+00
1.3696373219e+08 8.9833869934e+01 2.4262366295e+00
1.3696383219e+08 8.3351593018e+01 2.3361923695e+00
1.3696393219e+08 8.5794097900e+01 2.3695473671e+00
1.3696403219e+08 8.6509513855e+01 2.3784441948e+00
1.3696413219e+08 8.7475685120e+01 2.3887889385e+00
1.3696423219e+08 8.6307746887e+01 2.3719513416e+00
1.3696433219e+08 8.6930915833e+01 2.3864395618e+00
1.3696443219e+08 9.0007354736e+01 2.4264843464e+00
1.3696453219e+08 8.6232154846e+01 2.3725910187e+00
1.3696463219e+08 8.9163688660e+01 2.4125025272e+00
1.3696473219e+08 8.5748527527e+01 2.3673868179e+00
1.3696483219e+08 8.7050521851e+01 2.3815963268e+00
1.3696493219e+08 8.6612556458e+01 2.3822069168e+00
1.3696503219e+08 8.7205322266e+01 2.3849389553e+00
1.3696513219e+08 9.0615982056e+01 2.4349400997e+00
1.3696523219e+08 8.8850616455e+01 2.4191904068e+00
1.3696533219e+08 8.9202438354e+01 2.4126658440e+00
1.3696543219e+08 8.9140670776e+01 2.4100878239e+00
1.3696553219e+08 8.3375801086e+01 2.3350553513e+00
1.3696563219e+08 8.8341781616e+01 2.4080197811e+00
1.3696573219e+08 8.8120941162e+01 2.4019739628e+00
1.3696583219e+08 9.0324707031e+01 2.4297544956e+00
1.3696593219e+08 9.1056594849e+01 2.4406378269e+00
1.3696603219e+08 8.9110649109e+01 2.4155256748e+00
1.3696613219e+08 8.7257179260e+01 2.3863844872e+00
1.3696623219e+08 9.0585166931e+01 2.4332125187e+00
1.3696633219e+08 8.1533088684e+01 2.3061039448e+00
1.3696643219e+08 8.8549476624e+01 2.4020180702e+00
1.3696653219e+08 8.5022041321e+01 2.3627018929e+00
1.3696663219e+08 8.9863853455e+01 2.4243776798e+00
1.3696673219e+08 8.4300125122e+01 2.3444118500e+00
1.3696683219e+08 8.5697921753e+01 2.3668894768e+00
1.3696693219e+08 8.8832099915e+01 2.4133062363e+00
1.3696703219e+08 8.5678787231e+01 2.3709192276e+00
1.3696713219e+08 9.1726570129e+01 2.4480011463e+00
1.3696723219e+08 8.7729339600e+01 2.3930408955e+00
1.3696733219e+08 9.2762657166e+01 2.4625997543e+00
1.3696743219e+08 8.5995407104e+01 2.3723902702e+00
1.3696753219e+08 8.5614906311e+01 2.3663532734e+00
1.3696763219e+08 8.9969001770e+01 2.4227886200e+00
1.3696773219e+08 8.7908515930e+01 2.3952598572e+00
1.3696783219e+08 8.8936027527e+01 2.4107792377e+00
1.3696793219e+08 8.9338722229e+01 2.4208209515e+00
1.3696803219e+08 8.7015472412e+01 2.3887736797e+00
1.3696813219e+08 8.4579620361e+01 2.3476231098e+00
1.3696823219e+08 8.7125007629e+01 2.3917875290e+00
1.3696833219e+08 8.7990211487e+01 2.3974843025e+00
1.3696843219e+08 9.2007057190e+01 2.4502830505e+00
1.3696853219e+08 8.9218322754e+01 2.4104259014e+00
1.3696863219e+08 8.7198257446e+01 2.3901810646e+00
1.3696873219e+08 8.9514244080e+01 2.4184710979e+00
1.3696883219e+08 8.6591712952e+01 2.3761687279e+00
1.3696893219e+08 8.6285026550e+01 2.3758714199e+00
1.3696903219e+08 8.6970680237e+01 2.3821141720e+00
1.3696913219e+08 8.5381721497e+01 2.3672409058e+00
1.3696923219e+08 8.3784164429e+01 2.3372781277e+00
1.3696933219e+08 8.9718971252e+01 2.4213316441e+00
1.3696943219e+08 8.9354431152e+01 2.4176836014e+00
1.3696953219e+08 8.3743865967e+01 2.3435301781e+00
1.3696963219e+08 8.6443939209e+01 2.3775374889e+00
1.3696973219e+08 8.6245704651e+01 2.3765850067e+00
1.3696983219e+08 8.5340980530e+01 2.3614895344e+00
1.3696993219e+08 8.4508155823e+01 2.3502209187e+00
1.3697003219e+08 8.8315643311e+01 2.4036965370e+00
1.3697013219e+08 8.6313735962e+01 2.3748576641e+00
1.3697023219e+08 8.7602134705e+01 2.3904602528e+00
1.3697033219e+08 8.6740226746e+01 2.3811681271e+00
1.3697043219e+08 8.6200149536e+01 2.3744294643e+00
1.3697053219e+08 8.0443016052e+01 2.2946796417e+00
1.3697063219e+08 8.8044044495e+01 2.3980600834e+00
1.3697073219e+08 8.5888580322e+01 2.3721764088e+00
1.3697083219e+08 8.7799873352e+01 2.3967487812e+00
1.3697093219e+08 8.7227409363e+01 2.3918788433e+00
1.3697103219e+08 8.6107330322e+01 2.3718731403e+00
1.3697113219e+08 8.5979873657e+01 2.3710610867e+00
1.3697123219e+08 8.2319808960e+01 2.3200705051e+00
1.3697133219e+08 9.0938758850e+01 2.4374647141e+00
1.3697143219e+08 8.3739074707e+01 2.3360202312e+00
1.3697153219e+08 8.9103836060e+01 2.4117376804e+00
1.3697163219e+08 8.7701438904e+01 2.3994841576e+00
1.3697173219e+08 8.5828742981e+01 2.3750736713e+00
1.3697183219e+08 8.6243698120e+01 2.3701910973e+00
1.3697193219e+08 8.5028572083e+01 2.3628962040e+00
1.3697203219e+08 8.9755485535e+01 2.4223368168e+00
1.3697213219e+08 8.4569274902e+01 2.3473360538e+00
1.3697223219e+08 9.0204711914e+01 2.4273772240e+00
1.3697233219e+08 8.9238845825e+01 2.4145538807e+00
1.3697243219e+08 9.1688880920e+01 2.4443850517e+00
1.3697253219e+08 8.9962905884e+01 2.4235038757e+00
1.3697263219e+08 8.6906326294e+01 2.3903090954e+00
1.3697273219e+08 8.2347129822e+01 2.3236091137e+00
1.3697283219e+08 8.7168563843e+01 2.3848524094e+00
1.3697293219e+08 8.8192794800e+01 2.3994421959e+00
1.3697303219e+08 8.6321456909e+01 2.3750715256e+00
1.3697313219e+08 8.5568176270e+01 2.3733222485e+00
1.3697323219e+08 8.8600242615e+01 2.4052152634e+00
1.3697333219e+08 8.7537361145e+01 2.3931908607e+00
1.3697343219e+08 9.1035202026e+01 2.4453618526e+00
1.3697353219e+08 8.4072708130e+01 2.3481478691e+00
1.3697363219e+08 8.8187095642e+01 2.4037780762e+00
1.3697373219e+08 8.7556503296e+01 2.3874113560e+00
1.3697383219e+08 8.9364875793e+01 2.4206438065e+00
1.3697393219e+08 8.9671310425e+01 2.4271771908e+00
1.3697403219e+08 8.5655990601e+01 2.3639066219e+00
1.3697413219e+08 8.6465911865e+01 2.3771960735e+00
1.3697423219e+08 8.5661422729e+01 2.3640573025e+00
1.3697433219e+08 9.2446617126e+01 2.4550080299e+00
1.3697443219e+08 9.3761604309e+01 2.4734129906e+00
1.3697453219e+08 9.0939002991e+01 2.4392242432e+00
1.3697463219e+08 8.9183265686e+01 2.4130301476e+00
1.3697473219e+08 8.9290634155e+01 2.4159574509e+00
1.3697483219e+08 9.1668617249e+01 2.4491186142e+00
1.3697493219e+08 8.9330383301e+01 2.4214866161e+00
1.3697503219e+08 9.1696922302e+01 2.4463653564e+00
1.3697513219e+08 8.8289985657e+01 2.4039075375e+00
1.3697523219e+08 9.4067405701e+01 2.4823858738e+00
1.3697533219e+08 9.0955940247e+01 2.4414641857e+00
1.3697543219e+08 9.1102027893e+01 2.4392130375e+00
1.3697553219e+08 9.0076042175e+01 2.4238874912e+00
1.3697563219e+08 9.2354713440e+01 2.4577996731e+00
1.3697573219e+08 8.8899368286e+01 2.4097635746e+00
1.3697583219e+08 8.8985549927e+01 2.4165971279e+00
1.3697593219e+08 9.0438652039e+01 2.4345531464e+00
1.3697603219e+08 8.7393409729e+01 2.3883240223e+00
1.3697613219e+08 8.9911613464e+01 2.4239020348e+00
1.3697623219e+08 9.6233673096e+01 2.5074369907e+00
1.3697633219e+08 9.5118362427e+01 2.4928042889e+00
1.3697643219e+08 8.7426483154e+01 2.3874189854e+00
1.3697653219e+08 nan nan
1.3697663219e+08 9.3267921448e+01 2.4690432549e+00
1.3697673219e+08 9.0940414429e+01 2.4374589920e+00
1.3697683219e+08 9.1326591492e+01 2.4408326149e+00
1.3697693219e+08 9.3317543030e+01 2.4703574181e+00
1.3697703219e+08 9.3329132080e+01 2.4680492878e+00
1.3697713219e+08 9.0792785645e+01 2.4370725155e+00
1.3697723219e+08 8.7442970276e+01 2.3896517754e+00
1.3697733219e+08 9.2962402344e+01 2.4644112587e+00
1.3697743219e+08 9.0710662842e+01 3.1600556374e+00
