2.4778194788e+08 7.0407617188e+02 9.3093986511e+00
2.4778204788e+08 7.0347918701e+02 1.0852335930e+01
2.4778214788e+08 7.1059356689e+02 1.1348092079e+01
2.4778224788e+08 7.1966925049e+02 1.0678478241e+01
2.4778234788e+08 7.0117864990e+02 1.0298096657e+01
2.4778244788e+08 6.9153729248e+02 1.0292830467e+01
2.4778254788e+08 6.9459545898e+02 1.1228007317e+01
2.4778264788e+08 6.9711114502e+02 1.1008543015e+01
2.4778274788e+08 6.9470922852e+02 1.0024131775e+01
2.4778284788e+08 7.0011364746e+02 1.0129568100e+01
2.4778294788e+08 6.7264855957e+02 1.0479476929e+01
2.4778304788e+08 6.9820794678e+02 1.1151717186e+01
2.4778314788e+08 7.0080212402e+02 1.0522031784e+01
2.4778324788e+08 7.1875830078e+02 1.0370062828e+01
2.4778334788e+08 7.1170880127e+02 1.0288721085e+01
2.4778344788e+08 6.8633508301e+02 1.1018445969e+01
2.4778354788e+08 6.7612121582e+02 1.0725329399e+01
2.4778364788e+08 6.9527380371e+02 9.9948911667e+00
2.4778374788e+08 6.7368377686e+02 9.9589385986e+00
2.4778384788e+08 6.9550646973e+02 1.0999672890e+01
2.4778394788e+08 6.8142449951e+02 1.0477255821e+01
2.4778404788e+08 6.9722302246e+02 1.0086689949e+01
2.4778414788e+08 6.8575671387e+02 1.0079210281e+01
2.4778424788e+08 6.7073822021e+02 1.0956031799e+01
2.4778434788e+08 7.0424359131e+02 1.1030770302e+01
2.4778444788e+08 6.9127764893e+02 1.0029054642e+01
2.4778454788e+08 6.7203710938e+02 9.9926338196e+00
2.4778464788e+08 7.0766442871e+02 1.0982436180e+01
2.4778474788e+08 6.7956628418e+02 1.0447449684e+01
2.4778484788e+08 6.7151605225e+02 9.8923664093e+00
2.4778494788e+08 6.7204797363e+02 1.0179040909e+01
2.4778504788e+08 6.6877789307e+02 1.0837607384e+01
2.4778514788e+08 6.8535229492e+02 9.5538625717e+00
2.4778524788e+08 6.7294537354e+02 1.0693803787e+01
2.4778534788e+08 6.7865637207e+02 9.8897562027e+00
2.4778544788e+08 6.7377441406e+02 1.0169094086e+01
2.4778554788e+08 6.7275848389e+02 1.0883552551e+01
2.4778564788e+08 6.6199664307e+02 9.7872400284e+00
2.4778574788e+08 6.6046325684e+02 9.5941228867e+00
2.4778584788e+08 6.5751422119e+02 1.1052611351e+01
2.4778594788e+08 6.6367053223e+02 9.3735408783e+00
2.4778604788e+08 6.6286059570e+02 1.0354668617e+01
2.4778614788e+08 6.5894458008e+02 1.0150832176e+01
2.4778624788e+08 6.4814117432e+02 9.7368564606e+00
2.4778634788e+08 6.5219256592e+02 1.0301774025e+01
2.4778644788e+08 6.5116430664e+02 9.2477769852e+00
2.4778654788e+08 6.4800793457e+02 1.0510693550e+01
2.4778664788e+08 6.5236706543e+02 9.3081388474e+00
2.4778674788e+08 6.4053131104e+02 1.0485027313e+01
2.4778684788e+08 6.4073785400e+02 9.1824903488e+00
2.4778694788e+08 6.4316857910e+02 1.0525376320e+01
2.4778704788e+08 6.5595385742e+02 9.3469552994e+00
2.4778714788e+08 6.4006646729e+02 1.0366893768e+01
2.4778724788e+08 6.3629180908e+02 9.1150302887e+00
2.4778734788e+08 6.2681622314e+02 1.0290898323e+01
2.4778744788e+08 6.1890039062e+02 9.0103530884e+00
2.4778754788e+08 6.3027886963e+02 1.0181693077e+01
2.4778764788e+08 6.2766619873e+02 9.1730346680e+00
2.4778774788e+08 6.2281274414e+02 1.0094064713e+01
2.4778784788e+08 6.2153881836e+02 9.0068635941e+00
2.4778794788e+08 6.2149609375e+02 1.0177525520e+01
2.4778804788e+08 6.3451959229e+02 9.0933761597e+00
2.4778814788e+08 6.1208367920e+02 1.0019359589e+01
2.4778824788e+08 6.1457574463e+02 8.9350900650e+00
2.4778834788e+08 6.0909509277e+02 1.0439755440e+01
2.4778844788e+08 5.9965991211e+02 8.5814695358e+00
2.4778854788e+08 5.9865863037e+02 1.0330917358e+01
2.4778864788e+08 5.8995800781e+02 8.4296922684e+00
2.4778874788e+08 6.1087982178e+02 1.0495039940e+01
2.4778884788e+08 5.9201177979e+02 8.4272670746e+00
2.4778894788e+08 6.0064739990e+02 1.0307082176e+01
2.4778904788e+08 6.0656640625e+02 8.4687566757e+00
2.4778914788e+08 5.8671789551e+02 1.0266471863e+01
2.4778924788e+08 6.1038305664e+02 8.6390342712e+00
2.4778934788e+08 6.1929852295e+02 1.0505642891e+01
2.4778944788e+08 6.0495532227e+02 8.5188074112e+00
2.4778954788e+08 6.0605816650e+02 1.0318220139e+01
2.4778964788e+08 6.1699896240e+02 8.5398292542e+00
2.4778974788e+08 5.9836132812e+02 1.0287563324e+01
2.4778984788e+08 5.9199487305e+02 8.5296182632e+00
2.4778994788e+08 5.9569403076e+02 1.0396514893e+01
2.4779004788e+08 5.8858276367e+02 8.3929233551e+00
2.4779014788e+08 5.9384985352e+02 1.0065251350e+01
2.4779024788e+08 5.9605157471e+02 8.4076108932e+00
2.4779034788e+08 5.8813940430e+02 1.0228898048e+01
2.4779044788e+08 5.9447967529e+02 8.4072122574e+00
2.4779054788e+08 5.9253314209e+02 1.0477880478e+01
2.4779064788e+08 6.1115112305e+02 1.4144137383e+01
