1.7086105120e+08 7.7142044067e+01 9.5237088203e-01
1.7086115120e+08 7.7635711670e+01 9.4712913036e-01
1.7086125120e+08 7.6027778625e+01 9.3690252304e-01
1.7086135120e+08 7.6667587280e+01 9.4093680382e-01
1.7086145120e+08 7.5192962646e+01 9.3157964945e-01
1.7086155120e+08 7.7320724487e+01 9.4441157579e-01
1.7086165120e+08 7.6509536743e+01 9.3998873234e-01
1.7086175120e+08 7.4779121399e+01 9.2930972576e-01
1.7086185120e+08 7.4963188171e+01 9.3001854420e-01
1.7086195120e+08 7.4294181824e+01 9.2701303959e-01
1.7086205120e+08 7.4006134033e+01 9.2457115650e-01
1.7086215120e+08 7.3229820251e+01 9.1954892874e-01
1.7086225120e+08 7.2710342407e+01 9.1599154472e-01
1.7086235120e+08 7.3362754822e+01 9.2056518793e-01
1.7086245120e+08 7.3051406860e+01 9.1854047775e-01
1.7086255120e+08 7.2349037170e+01 9.1500461102e-01
1.7086265120e+08 7.3492195129e+01 9.2110234499e-01
1.7086275120e+08 7.2694923401e+01 9.1623359919e-01
1.7086285120e+08 7.1865455627e+01 9.1093087196e-01
1.7086295120e+08 7.1445007324e+01 9.0742570162e-01
1.7086305120e+08 6.9561698914e+01 8.9632135630e-01
1.7086315120e+08 7.0741470337e+01 9.0345895290e-01
1.7086325120e+08 6.9771247864e+01 8.9716142416e-01
1.7086335120e+08 7.0707382202e+01 9.0324467421e-01
1.7086345120e+08 6.8953346252e+01 8.9226824045e-01
1.7086355120e+08 6.9671516418e+01 8.9699208736e-01
1.7086365120e+08 7.0689834595e+01 9.0294682980e-01
1.7086375120e+08 6.9697456360e+01 8.9665740728e-01
1.7086385120e+08 7.0236572266e+01 9.0113562346e-01
1.7086395120e+08 6.8316612244e+01 8.8782787323e-01
1.7086405120e+08 6.8835754395e+01 9.2532539368e-01
1.7086415120e+08 7.0712181091e+01 9.0345335007e-01
1.7086425120e+08 6.8198814392e+01 8.8742178679e-01
1.7086435120e+08 6.9042861938e+01 8.9230668545e-01
1.7086445120e+08 6.7533653259e+01 8.8326460123e-01
1.7086455120e+08 6.6313613892e+01 8.7436604500e-01
1.7086465120e+08 6.7833236694e+01 8.8529187441e-01
1.7086475120e+08 6.9015892029e+01 8.9315241575e-01
1.7086485120e+08 6.6747573853e+01 8.7787765265e-01
1.7086495120e+08 6.8130447388e+01 8.8698285818e-01
1.7086505120e+08 6.7906562805e+01 8.8587176800e-01
1.7086515120e+08 6.7095642090e+01 8.8040196896e-01
1.7086525120e+08 6.6420921326e+01 8.7547653913e-01
1.7086535120e+08 6.8835540771e+01 8.9149057865e-01
1.7086545120e+08 6.8430206299e+01 8.8907897472e-01
1.7086555120e+08 6.6633468628e+01 8.7675619125e-01
1.7086565120e+08 6.7539398193e+01 8.8341534138e-01
1.7086575120e+08 6.5266777039e+01 8.6845004559e-01
1.7086585120e+08 6.7270034790e+01 8.8162833452e-01
1.7086595120e+08 6.9185813904e+01 8.9422887564e-01
1.7086605120e+08 6.5867561340e+01 8.7236070633e-01
1.7086615120e+08 6.6766471863e+01 8.7759500742e-01
1.7086625120e+08 6.6866302490e+01 8.7883138657e-01
1.7086635120e+08 6.7069335938e+01 8.7975394726e-01
1.7086645120e+08 6.7089027405e+01 8.7993657589e-01
1.7086655120e+08 6.7325149536e+01 8.8091444969e-01
1.7086665120e+08 6.7412391663e+01 8.8213145733e-01
1.7086675120e+08 6.5989227295e+01 8.7328296900e-01
1.7086685120e+08 6.6860092163e+01 8.7928146124e-01
1.7086695120e+08 6.4572845459e+01 8.6381697655e-01
1.7086705120e+08 6.7863189697e+01 8.8425320387e-01
1.7086715120e+08 6.7093544006e+01 8.7984442711e-01
1.7086725120e+08 6.6254402161e+01 8.7457418442e-01
1.7086735120e+08 6.5355224609e+01 8.6832112074e-01
1.7086745120e+08 6.5675170898e+01 8.7011784315e-01
1.7086755120e+08 6.4156890869e+01 8.6010152102e-01
1.7086765120e+08 6.5499717712e+01 8.6955034733e-01
1.7086775120e+08 6.5354148865e+01 8.6853682995e-01
1.7086785120e+08 6.6830184937e+01 8.7850838900e-01
1.7086795120e+08 6.5837310791e+01 8.7127250433e-01
1.7086805120e+08 6.5934906006e+01 8.7172490358e-01
1.7086815120e+08 6.6399345398e+01 8.7526816130e-01
1.7086825120e+08 6.4164916992e+01 8.6028647423e-01
1.7086835120e+08 6.6442291260e+01 8.7553006411e-01
1.7086845120e+08 6.6332412720e+01 8.7514650822e-01
1.7086855120e+08 6.3972202301e+01 8.5940366983e-01
1.7086865120e+08 6.4413955688e+01 8.6223161221e-01
1.7086875120e+08 6.6440544128e+01 8.7611579895e-01
1.7086885120e+08 6.5214172363e+01 8.6713618040e-01
1.7086895120e+08 6.6135391235e+01 8.7361228466e-01
1.7086905120e+08 6.5753936768e+01 8.7208038568e-01
1.7086915120e+08 6.8329193115e+01 8.8919365406e-01
1.7086925120e+08 6.5217124939e+01 8.6817365885e-01
1.7086935120e+08 6.5719223022e+01 8.7062513828e-01
1.7086945120e+08 6.7142898560e+01 8.8049161434e-01
1.7086955120e+08 6.5629051208e+01 8.7027102709e-01
1.7086965120e+08 6.4754272461e+01 8.6431270838e-01
1.7086975120e+08 6.3057758331e+01 8.5314512253e-01
1.7086985120e+08 6.4205223083e+01 8.6051756144e-01
1.7086995120e+08 6.3762866974e+01 8.5752058029e-01
1.7087005120e+08 6.5117439270e+01 8.6715400219e-01
1.7087015120e+08 6.4262329102e+01 8.6120557785e-01
1.7087025120e+08 6.3858966827e+01 8.5858011246e-01
1.7087035120e+08 6.1542591095e+01 8.4336578846e-01
1.7087045120e+08 6.4501205444e+01 8.6401909590e-01
1.7087055120e+08 6.4032196045e+01 8.5966682434e-01
1.7087065120e+08 6.6384117126e+01 8.7575244904e-01
1.7087075120e+08 6.3572345734e+01 8.5666435957e-01
1.7087085120e+08 6.4271049500e+01 8.6264038086e-01
1.7087095120e+08 6.2468727112e+01 8.4969842434e-01
1.7087105120e+08 6.2514881134e+01 8.4922707081e-01
1.7087115120e+08 6.0454299927e+01 8.3530378342e-01
1.7087125120e+08 6.1400554657e+01 8.4149837494e-01
1.7087135120e+08 6.0563709259e+01 8.3530193567e-01
1.7087145120e+08 6.1758388519e+01 8.4363400936e-01
1.7087155120e+08 6.1803619385e+01 8.4425187111e-01
1.7087165120e+08 6.1036434174e+01 8.3903336525e-01
1.7087175120e+08 6.1595756531e+01 8.4330284595e-01
1.7087185120e+08 6.0372364044e+01 8.3464986086e-01
1.7087195120e+08 6.2410911560e+01 8.4891200066e-01
1.7087205120e+08 6.1443485260e+01 8.4184956551e-01
1.7087215120e+08 6.0567756653e+01 8.3551669121e-01
1.7087225120e+08 6.1924743652e+01 8.4559088945e-01
1.7087235120e+08 6.1357975006e+01 8.4210193157e-01
1.7087245120e+08 6.0644935608e+01 8.3634263277e-01
1.7087255120e+08 6.1562225342e+01 8.4284377098e-01
1.7087265120e+08 6.1504634857e+01 8.4245020151e-01
1.7087275120e+08 5.8617317200e+01 8.2209718227e-01
1.7087285120e+08 6.0453517914e+01 8.3457630873e-01
1.7087295120e+08 6.1606090546e+01 8.4320729971e-01
1.7087305120e+08 6.1307418823e+01 8.4188389778e-01
1.7087315120e+08 6.0164409637e+01 8.3320933580e-01
1.7087325120e+08 6.0977352142e+01 8.3941167593e-01
1.7087335120e+08 6.3312545776e+01 8.5456120968e-01
1.7087345120e+08 6.1016323090e+01 8.3994817734e-01
1.7087355120e+08 6.2201141357e+01 8.4707796574e-01
1.7087365120e+08 5.9743362427e+01 8.3040994406e-01
1.7087375120e+08 6.0796836853e+01 8.3724409342e-01
1.7087385120e+08 6.0871681213e+01 8.3843380213e-01
1.7087395120e+08 6.0587745667e+01 8.3563345671e-01
1.7087405120e+08 6.0321041107e+01 8.3409976959e-01
1.7087415120e+08 6.1400253296e+01 8.4133619070e-01
1.7087425120e+08 6.1889419556e+01 8.4479355812e-01
1.7087435120e+08 6.0622245789e+01 8.3794432878e-01
1.7087445120e+08 6.2092453003e+01 8.4638309479e-01
1.7087455120e+08 6.3463039398e+01 8.5589110851e-01
1.7087465120e+08 6.0098236084e+01 8.3325237036e-01
1.7087475120e+08 6.0666023254e+01 8.3655393124e-01
1.7087485120e+08 6.1214138031e+01 8.4076154232e-01
1.7087495120e+08 5.9584419250e+01 8.2884144783e-01
1.7087505120e+08 6.0784976959e+01 8.3731901646e-01
1.7087515120e+08 6.0923660278e+01 8.3867257833e-01
1.7087525120e+08 6.2373107910e+01 8.4831935167e-01
1.7087535120e+08 5.9651912689e+01 8.2929903269e-01
1.7087545120e+08 6.1372886658e+01 8.4175181389e-01
1.7087555120e+08 6.1423576355e+01 8.4324049950e-01
1.7087565120e+08 6.0429424286e+01 8.3551853895e-01
1.7087575120e+08 6.3114227295e+01 8.5430020094e-01
1.7087585120e+08 6.1902667999e+01 8.4544712305e-01
1.7087595120e+08 6.1529071808e+01 8.4302216768e-01
1.7087605120e+08 6.0830005646e+01 8.3746266365e-01
1.7087615120e+08 6.1825420380e+01 8.4447091818e-01
1.7087625120e+08 6.0016735077e+01 8.3156305552e-01
1.7087635120e+08 5.9650928497e+01 8.2976657152e-01
1.7087645120e+08 6.0148658752e+01 8.3315104246e-01
1.7087655120e+08 5.9672462463e+01 8.2910412550e-01
1.7087665120e+08 6.1762531281e+01 8.4408450127e-01
1.7087675120e+08 6.1657440186e+01 8.4319961071e-01
1.7087685120e+08 6.0249362946e+01 8.3390623331e-01
1.7087695120e+08 5.9884094238e+01 8.3220529556e-01
1.7087705120e+08 6.1359561920e+01 8.4093654156e-01
1.7087715120e+08 6.1737579346e+01 8.4366464615e-01
1.7087725120e+08 6.0460319519e+01 8.3626556396e-01
1.7087735120e+08 6.1210338593e+01 8.4055078030e-01
1.7087745120e+08 6.0722339630e+01 8.3669435978e-01
1.7087755120e+08 6.1536312103e+01 8.4256803989e-01
1.7087765120e+08 6.2673561096e+01 8.5020673275e-01
1.7087775120e+08 6.0627498627e+01 8.3809697628e-01
1.7087785120e+08 6.2282485962e+01 8.4802854061e-01
1.7087795120e+08 6.1104175568e+01 8.3964729309e-01
1.7087805120e+08 6.0803188324e+01 8.3749037981e-01
1.7087815120e+08 6.3237266541e+01 8.5370063782e-01
1.7087825120e+08 6.2656669617e+01 8.4997761250e-01
1.7087835120e+08 6.1847515106e+01 8.4477269650e-01
1.7087845120e+08 6.2428779602e+01 8.4844893217e-01
1.7087855120e+08 6.2495666504e+01 8.4849643707e-01
1.7087865120e+08 6.3726245880e+01 8.5757106543e-01
1.7087875120e+08 6.0929111481e+01 8.3938413858e-01
1.7087885120e+08 6.2730411530e+01 8.5074317455e-01
1.7087895120e+08 6.1610603333e+01 8.4263789654e-01
1.7087905120e+08 6.2590660095e+01 8.4978622198e-01
1.7087915120e+08 6.0391498566e+01 8.3499419689e-01
1.7087925120e+08 6.2332508087e+01 8.4737533331e-01
1.7087935120e+08 6.2137554169e+01 8.4636902809e-01
1.7087945120e+08 6.1823646545e+01 8.4452545643e-01
1.7087955120e+08 6.3447315216e+01 8.5544562340e-01
1.7087965120e+08 6.2005825043e+01 8.4583115578e-01
1.7087975120e+08 6.2652412415e+01 8.4991991520e-01
1.7087985120e+08 6.1089233398e+01 8.3912515640e-01
1.7087995120e+08 6.0367000580e+01 8.3401793242e-01
1.7088005120e+08 6.2076244354e+01 8.4655541182e-01
1.7088015120e+08 6.1697429657e+01 8.4303730726e-01
1.7088025120e+08 6.2015361786e+01 8.4541076422e-01
1.7088035120e+08 6.1748126984e+01 8.4443980455e-01
1.7088045120e+08 6.1488044739e+01 8.4246009588e-01
1.7088055120e+08 6.1925468445e+01 8.4544318914e-01
1.7088065120e+08 5.8792095184e+01 8.2349622250e-01
1.7088075120e+08 6.3103969574e+01 8.5337990522e-01
1.7088085120e+08 5.9746200562e+01 8.3044940233e-01
1.7088095120e+08 6.0134986877e+01 8.3288180828e-01
1.7088105120e+08 6.2013977051e+01 8.4547048807e-01
1.7088115120e+08 6.2981239319e+01 8.5234391689e-01
1.7088125120e+08 6.2666080475e+01 8.5010528564e-01
1.7088135120e+08 6.2561103821e+01 8.4969818592e-01
1.7088145120e+08 6.1817604065e+01 8.4412795305e-01
1.7088155120e+08 6.2246372223e+01 8.4777259827e-01
1.7088165120e+08 6.1641540527e+01 8.4290337563e-01
1.7088175120e+08 6.1441051483e+01 8.4221160412e-01
1.7088185120e+08 6.0214530945e+01 8.3342409134e-01
1.7088195120e+08 6.0916866302e+01 8.3873796463e-01
1.7088205120e+08 6.0814659119e+01 8.3748954535e-01
1.7088215120e+08 6.0996093750e+01 8.3895456791e-01
1.7088225120e+08 6.1281288147e+01 8.4065365791e-01
1.7088235120e+08 6.2227832794e+01 8.4689193964e-01
1.7088245120e+08 6.2739791870e+01 8.5094863176e-01
1.7088255120e+08 6.3053924561e+01 8.5356217623e-01
1.7088265120e+08 6.1163883209e+01 8.3983367682e-01
1.7088275120e+08 6.1166610718e+01 8.3963370323e-01
1.7088285120e+08 6.0934345245e+01 8.3889913559e-01
1.7088295120e+08 6.0598518372e+01 8.3689713478e-01
1.7088305120e+08 6.3350219727e+01 8.5514760017e-01
1.7088315120e+08 6.2612197876e+01 8.5031372309e-01
1.7088325120e+08 6.1814720154e+01 8.4400987625e-01
1.7088335120e+08 6.1241722107e+01 8.4026902914e-01
1.7088345120e+08 6.0914344788e+01 8.3838546276e-01
1.7088355120e+08 6.1290493011e+01 8.4109658003e-01
1.7088365120e+08 6.2311950684e+01 8.4764438868e-01
1.7088375120e+08 6.1847461700e+01 8.4469318390e-01
1.7088385120e+08 6.0296848297e+01 8.3384490013e-01
1.7088395120e+08 5.9718467712e+01 8.3134984970e-01
1.7088405120e+08 6.0260341644e+01 8.3365899324e-01
1.7088415120e+08 6.1188945770e+01 8.4025704861e-01
1.7088425120e+08 6.0318519592e+01 8.3342766762e-01
1.7088435120e+08 6.0528850555e+01 8.3545702696e-01
1.7088445120e+08 6.1723781586e+01 8.4347611666e-01
1.7088455120e+08 6.0708740234e+01 8.3642756939e-01
1.7088465120e+08 6.0620521545e+01 8.3656305075e-01
1.7088475120e+08 5.8913787842e+01 8.2487720251e-01
1.7088485120e+08 6.2519657135e+01 8.4905701876e-01
1.7088495120e+08 6.1441123962e+01 8.4181720018e-01
1.7088505120e+08 6.0430725098e+01 8.3450025320e-01
1.7088515120e+08 6.0687118530e+01 8.3652675152e-01
1.7088525120e+08 5.9913578033e+01 8.3141165972e-01
1.7088535120e+08 6.0933177948e+01 8.3793073893e-01
1.7088545120e+08 6.2460460663e+01 8.4966456890e-01
1.7088555120e+08 5.9980155945e+01 8.3185505867e-01
1.7088565120e+08 6.1597122192e+01 8.4237474203e-01
1.7088575120e+08 6.0170856476e+01 8.3313888311e-01
1.7088585120e+08 6.0694717407e+01 8.3671098948e-01
1.7088595120e+08 6.1590030670e+01 8.4259295464e-01
1.7088605120e+08 6.1487739563e+01 8.4198182821e-01
1.7088615120e+08 6.1258270264e+01 8.4112972021e-01
1.7088625120e+08 6.1583232880e+01 8.4400194883e-01
1.7088635120e+08 5.9404270172e+01 8.2769793272e-01
1.7088645120e+08 6.0952690125e+01 8.3899265528e-01
1.7088655120e+08 6.0336204529e+01 8.3502817154e-01
1.7088665120e+08 5.9852382660e+01 8.3088248968e-01
1.7088675120e+08 6.0064460754e+01 8.3262401819e-01
1.7088685120e+08 6.1493198395e+01 8.4245163202e-01
1.7088695120e+08 6.0847908020e+01 8.3786797523e-01
1.7088705120e+08 5.9568923950e+01 8.2870608568e-01
1.7088715120e+08 6.2078983307e+01 8.4667152166e-01
1.7088725120e+08 6.0199256897e+01 8.3369201422e-01
1.7088735120e+08 6.1779205322e+01 8.4368228912e-01
1.7088745120e+08 6.0226757050e+01 8.3295530081e-01
1.7088755120e+08 6.0662303925e+01 8.3586710691e-01
1.7088765120e+08 6.0674797058e+01 8.3603930473e-01
1.7088775120e+08 5.9680644989e+01 8.2993912697e-01
1.7088785120e+08 5.9609371185e+01 8.2991147041e-01
1.7088795120e+08 6.0862606049e+01 8.3735620975e-01
1.7088805120e+08 6.1938541412e+01 8.4522789717e-01
1.7088815120e+08 6.2150550842e+01 8.4717500210e-01
1.7088825120e+08 6.1549579620e+01 8.4267067909e-01
1.7088835120e+08 6.0739570618e+01 8.3780711889e-01
1.7088845120e+08 6.1798423767e+01 8.4418088198e-01
1.7088855120e+08 6.1800682068e+01 8.4507948160e-01
1.7088865120e+08 6.1561286926e+01 8.4267300367e-01
1.7088875120e+08 6.1458717346e+01 8.4229546785e-01
1.7088885120e+08 6.0997203827e+01 8.3912861347e-01
1.7088895120e+08 6.3143440247e+01 8.5344558954e-01
1.7088905120e+08 6.0188369751e+01 8.3394110203e-01
1.7088915120e+08 6.2821174622e+01 8.5166084766e-01
1.7088925120e+08 6.1250911713e+01 8.4079092741e-01
1.7088935120e+08 6.2689254761e+01 8.4971630573e-01
1.7088945120e+08 6.1167354584e+01 8.3996057510e-01
1.7088955120e+08 6.2302234650e+01 8.4719872475e-01
1.7088965120e+08 6.1183078766e+01 8.3970153332e-01
1.7088975120e+08 6.1555057526e+01 8.4250879288e-01
1.7088985120e+08 6.0963310242e+01 8.3850365877e-01
1.7088995120e+08 6.1912925720e+01 9.1464757919e-01
1.7089005120e+08 6.0490764618e+01 8.6547952890e-01
1.7089015120e+08 6.2179916382e+01 8.4702461958e-01
1.7089025120e+08 6.1972946167e+01 8.5425096750e-01
1.7089035120e+08 6.3882358551e+01 8.5928297043e-01
1.7089045120e+08 6.1413410187e+01 8.4183269739e-01
1.7089055120e+08 6.3734714508e+01 8.5830700397e-01
1.7089065120e+08 6.2295101166e+01 8.4875124693e-01
1.7089075120e+08 6.2643028259e+01 8.4987074137e-01
1.7089085120e+08 6.3064029694e+01 8.5307383537e-01
1.7089095120e+08 6.1722591400e+01 8.4377509356e-01
1.7089105120e+08 6.2238441467e+01 8.4695792198e-01
1.7089115120e+08 6.2362251282e+01 8.4832859039e-01
1.7089125120e+08 6.1678531647e+01 8.4340918064e-01
1.7089135120e+08 6.1949493408e+01 8.4585005045e-01
1.7089145120e+08 6.3117973328e+01 8.5317933559e-01
1.7089155120e+08 6.3271640778e+01 8.5432040691e-01
1.7089165120e+08 6.4986923218e+01 8.6587679386e-01
1.7089175120e+08 6.1386699677e+01 8.4233748913e-01
1.7089185120e+08 6.3630702972e+01 8.5729509592e-01
1.7089195120e+08 6.2708686829e+01 8.5068327188e-01
1.7089205120e+08 6.3528232574e+01 8.5638099909e-01
1.7089215120e+08 6.3721069336e+01 8.5726857185e-01
1.7089225120e+08 6.3976112366e+01 8.5984426737e-01
1.7089235120e+08 6.5358688354e+01 8.6836713552e-01
1.7089245120e+08 6.4133415222e+01 8.6032819748e-01
1.7089255120e+08 6.2224971771e+01 8.4795314074e-01
1.7089265120e+08 6.5462951660e+01 8.6967569590e-01
1.7089275120e+08 6.5951637268e+01 8.7255632877e-01
1.7089285120e+08 6.4036804199e+01 8.6058223248e-01
1.7089295120e+08 6.6231628418e+01 8.7404507399e-01
1.7089305120e+08 6.4482116699e+01 8.6268043518e-01
1.7089315120e+08 6.7264068604e+01 8.8155013323e-01
1.7089325120e+08 6.6751586914e+01 8.7876683474e-01
1.7089335120e+08 6.6711555481e+01 8.7831604481e-01
1.7089345120e+08 6.6820587158e+01 8.7876194715e-01
1.7089355120e+08 6.6915771484e+01 8.7879866362e-01
1.7089365120e+08 6.5328712463e+01 8.6912024021e-01
1.7089375120e+08 6.5337089539e+01 8.6823338270e-01
1.7089385120e+08 6.6122177124e+01 8.7381899357e-01
1.7089395120e+08 6.6339675903e+01 8.7463361025e-01
1.7089405120e+08 6.6569366455e+01 8.7690013647e-01
1.7089415120e+08 6.5193855286e+01 8.6686605215e-01
1.7089425120e+08 6.5332115173e+01 1.0685801506e+00
1.7089435120e+08 6.6810722351e+01 9.3885672092e-01
1.7089445120e+08 6.6383094788e+01 8.7512999773e-01
1.7089455120e+08 6.8158500671e+01 8.8878035545e-01
1.7089465120e+08 6.7486740112e+01 8.8560998440e-01
1.7089475120e+08 6.6121795654e+01 8.7473100424e-01
1.7089485120e+08 6.7401245117e+01 8.8266605139e-01
1.7089495120e+08 6.7610176086e+01 8.8351017237e-01
1.7089505120e+08 6.5926376343e+01 8.7222212553e-01
1.7089515120e+08 6.6234130859e+01 8.7560433149e-01
1.7089525120e+08 6.5813522339e+01 8.7202739716e-01
1.7089535120e+08 6.6184623718e+01 8.7342482805e-01
1.7089545120e+08 6.7874649048e+01 8.8507896662e-01
1.7089555120e+08 6.7049697876e+01 8.7964773178e-01
1.7089565120e+08 6.5331665039e+01 8.6831474304e-01
1.7089575120e+08 6.6916725159e+01 8.7797874212e-01
1.7089585120e+08 6.7048370361e+01 8.7940323353e-01
1.7089595120e+08 6.6504951477e+01 8.7589961290e-01
1.7089605120e+08 6.6962791443e+01 8.7835639715e-01
1.7089615120e+08 6.5529212952e+01 8.7017202377e-01
1.7089625120e+08 6.5219650269e+01 8.6774617434e-01
1.7089635120e+08 6.7073936462e+01 8.7951165438e-01
1.7089645120e+08 6.6595565796e+01 8.7633329630e-01
1.7089655120e+08 6.7338607788e+01 8.8154345751e-01
1.7089665120e+08 6.6162666321e+01 8.7359160185e-01
1.7089675120e+08 6.8936950684e+01 8.9220553637e-01
1.7089685120e+08 6.7476547241e+01 8.8198983669e-01
1.7089695120e+08 6.5833999634e+01 8.7168681622e-01
1.7089705120e+08 6.7529060364e+01 8.8282716274e-01
1.7089715120e+08 6.7531730652e+01 8.8256037235e-01
1.7089725120e+08 7.0169990540e+01 8.9968919754e-01
1.7089735120e+08 6.8248672485e+01 8.8776999712e-01
1.7089745120e+08 6.8400306702e+01 8.8966715336e-01
1.7089755120e+08 7.0269821167e+01 9.0089511871e-01
1.7089765120e+08 6.9127082825e+01 8.9361906052e-01
1.7089775120e+08 6.8846107483e+01 8.9162743092e-01
1.7089785120e+08 6.8063163757e+01 8.8678354025e-01
1.7089795120e+08 6.8893890381e+01 8.9149892330e-01
1.7089805120e+08 6.9428001404e+01 8.9459860325e-01
1.7089815120e+08 6.9459358215e+01 8.9552325010e-01
1.7089825120e+08 6.9431961060e+01 8.9517003298e-01
1.7089835120e+08 6.8420013428e+01 8.8849669695e-01
1.7089845120e+08 7.1177986145e+01 9.0725982189e-01
1.7089855120e+08 7.0268188477e+01 9.0139287710e-01
1.7089865120e+08 7.1337837219e+01 9.0782356262e-01
1.7089875120e+08 7.1830459595e+01 9.1034090519e-01
1.7089885120e+08 7.0147453308e+01 9.0006637573e-01
1.7089895120e+08 7.1334754944e+01 9.0719687939e-01
1.7089905120e+08 6.9530311584e+01 8.9733338356e-01
1.7089915120e+08 6.9418334961e+01 8.9491993189e-01
1.7089925120e+08 7.0210205078e+01 9.0042686462e-01
1.7089935120e+08 7.2334060669e+01 9.1584116220e-01
1.7089945120e+08 7.1689659119e+01 9.1053301096e-01
1.7089955120e+08 7.1737724304e+01 9.0967720747e-01
1.7089965120e+08 7.0283508301e+01 9.0092259645e-01
1.7089975120e+08 7.1163017273e+01 9.0648007393e-01
1.7089985120e+08 7.1543296814e+01 9.1051191092e-01
1.7089995120e+08 7.3214996338e+01 9.1958028078e-01
1.7090005120e+08 7.2643424988e+01 9.1609394550e-01
1.7090015120e+08 7.1305709839e+01 9.0792948008e-01
1.7090025120e+08 7.2272193909e+01 9.1417896748e-01
1.7090035120e+08 7.2615371704e+01 9.1720002890e-01
1.7090045120e+08 7.2609664917e+01 9.1537714005e-01
1.7090055120e+08 7.0860710144e+01 9.0549880266e-01
1.7090065120e+08 7.3305564880e+01 9.2020988464e-01
1.7090075120e+08 7.1416015625e+01 9.0830379725e-01
1.7090085120e+08 7.1961448669e+01 9.1288119555e-01
1.7090095120e+08 7.4122688293e+01 9.2776662111e-01
1.7090105120e+08 nan nan
1.7090115120e+08 7.3630546570e+01 9.2276394367e-01
1.7090125120e+08 7.3855140686e+01 9.2507022619e-01
1.7090135120e+08 7.2207946777e+01 9.1307419538e-01
1.7090145120e+08 7.3294853210e+01 9.1942375898e-01
1.7090155120e+08 7.1802589417e+01 1.4674997330e+00
