1.7090453785e+08 2.3418286133e+02 4.9642076492e+00
1.7090463785e+08 2.3221327209e+02 4.9124660492e+00
1.7090473785e+08 2.1981925964e+02 4.8092556000e+00
1.7090483785e+08 2.4067646790e+02 4.9979472160e+00
1.7090493785e+08 2.4042628479e+02 5.0375933647e+00
1.7090503785e+08 2.3912318420e+02 5.0169286728e+00
1.7090513785e+08 2.3445440674e+02 4.9598593712e+00
1.7090523785e+08 nan nan
1.7090533785e+08 2.4026480103e+02 5.0245313644e+00
1.7090543785e+08 2.3009162903e+02 4.9137821198e+00
1.7090553785e+08 2.3459582520e+02 5.0058693886e+00
1.7090563785e+08 2.2784950256e+02 4.8938531876e+00
1.7090573785e+08 2.2770137024e+02 4.9232249260e+00
1.7090583785e+08 2.2730233765e+02 4.8894801140e+00
1.7090593785e+08 2.2041775513e+02 4.8121290207e+00
1.7090603785e+08 2.1854862976e+02 4.7793855667e+00
1.7090613785e+08 2.2010939026e+02 4.8443050385e+00
1.7090623785e+08 2.3222950745e+02 4.9535036087e+00
1.7090633785e+08 2.2560020447e+02 4.8551921844e+00
1.7090643785e+08 2.2597514343e+02 4.8871955872e+00
1.7090653785e+08 2.2352975464e+02 4.8767566681e+00
1.7090663785e+08 2.3718933105e+02 4.9817690849e+00
1.7090673785e+08 2.3657614136e+02 4.9816002846e+00
1.7090683785e+08 nan nan
1.7090693785e+08 nan nan
1.7090703785e+08 2.2577772522e+02 4.8918023109e+00
1.7090713785e+08 2.3336683655e+02 4.9360704422e+00
1.7090723785e+08 2.3209785461e+02 4.9650273323e+00
1.7090733785e+08 2.3230792236e+02 4.9460515976e+00
1.7090743785e+08 2.2650646973e+02 4.8945608139e+00
1.7090753785e+08 2.3128695679e+02 4.9187698364e+00
1.7090763785e+08 2.2402883911e+02 4.8665394783e+00
1.7090773785e+08 2.3112394714e+02 4.9321193695e+00
1.7090783785e+08 2.3582499695e+02 4.9769787788e+00
1.7090793785e+08 2.3693318176e+02 5.0102844238e+00
1.7090803785e+08 2.3421540833e+02 4.9506030083e+00
1.7090813785e+08 2.2808830261e+02 4.8981409073e+00
1.7090823785e+08 2.2960801697e+02 4.9091739655e+00
1.7090833785e+08 2.3456445312e+02 4.9836378098e+00
1.7090843785e+08 2.3071380615e+02 4.9407238960e+00
1.7090853785e+08 2.3122523499e+02 4.9524989128e+00
1.7090863785e+08 2.2618302917e+02 4.8884568214e+00
1.7090873785e+08 2.2692401123e+02 4.9016666412e+00
1.7090883785e+08 2.3208528137e+02 4.9550800323e+00
1.7090893785e+08 2.3853352356e+02 5.0152244568e+00
1.7090903785e+08 2.2874794006e+02 4.8978161812e+00
1.7090913785e+08 2.2792654419e+02 4.9031138420e+00
1.7090923785e+08 2.3913363647e+02 4.9972381592e+00
1.7090933785e+08 2.3418357849e+02 4.9624342918e+00
1.7090943785e+08 nan nan
1.7090953785e+08 nan nan
1.7090963785e+08 nan nan
1.7090973785e+08 2.3812222290e+02 5.0530228615e+00
1.7090983785e+08 2.4162663269e+02 5.0254817009e+00
1.7090993785e+08 2.3901686096e+02 5.0082178116e+00
1.7091003785e+08 2.3285961914e+02 4.9622416496e+00
1.7091013785e+08 2.3854330444e+02 5.0182332993e+00
1.7091023785e+08 2.3424884033e+02 4.9659409523e+00
1.7091033785e+08 2.3805610657e+02 4.9992632866e+00
1.7091043785e+08 2.4071922302e+02 4.9992260933e+00
1.7091053785e+08 2.3888986206e+02 5.0042247772e+00
1.7091063785e+08 nan nan
1.7091073785e+08 2.3756127930e+02 5.0090227127e+00
1.7091083785e+08 2.2859181213e+02 4.9226384163e+00
1.7091093785e+08 nan nan
1.7091103785e+08 nan nan
1.7091113785e+08 nan nan
1.7091123785e+08 nan nan
1.7091133785e+08 nan nan
1.7091143785e+08 nan nan
1.7091153785e+08 nan nan
1.7091163785e+08 nan nan
1.7091173785e+08 nan nan
1.7091183785e+08 nan nan
1.7091193785e+08 2.4364712524e+02 5.0443491936e+00
1.7091203785e+08 nan nan
1.7091213785e+08 2.9426418304e+01 1.7439758778e+00
