   2.479487892200E+08   5.014348E+02   2.906015E+00   6.893952E-01   7.265599E+00   8.622680E-01
   2.479488892200E+08   4.962062E+02   3.446469E+00   4.884114E-01   7.655463E+00   1.051559E+00
   2.479489892200E+08   5.001756E+02   3.389111E+00   5.266537E-01   1.004656E+01   1.160077E+00
   2.479490892200E+08   4.914285E+02   3.231843E+00   5.528207E-01   7.912045E+00   1.004831E+00
   2.479491892200E+08   4.966485E+02   3.207194E+00   5.623222E-01   7.401984E+00   9.636562E-01
   2.479492892200E+08   4.967212E+02   3.228322E+00   5.586080E-01   7.830074E+00   9.944205E-01
   2.479493892200E+08   4.938941E+02   3.164930E+00   5.752711E-01   7.480638E+00   9.577975E-01
   2.479494892200E+08   5.007547E+02   3.238565E+00   5.524203E-01   7.023837E+00   9.470940E-01
   2.479495892200E+08   4.969937E+02   3.246599E+00   5.606268E-01   8.808572E+00   1.052826E+00
   2.479496892200E+08   4.936250E+02   3.217443E+00   5.657550E-01   8.604033E+00   1.035804E+00
   2.479497892200E+08   4.906478E+02   3.385518E+00   5.183261E-01   9.935761E+00   1.162893E+00
   2.479498892200E+08   4.915750E+02   3.278429E+00   5.380545E-01   7.998065E+00   1.024047E+00
   2.479499892200E+08   4.951195E+02   3.219691E+00   5.645308E-01   8.372758E+00   1.022895E+00
   2.479500892200E+08   4.923653E+02   3.426416E+00   4.952241E-01   8.262425E+00   1.084910E+00
   2.479501892200E+08   4.923911E+02   3.309247E+00   5.270055E-01   7.764154E+00   1.019483E+00
   2.479502892200E+08   4.932538E+02   3.172456E+00   5.683995E-01   7.074611E+00   9.370551E-01
   2.479503892200E+08   4.890406E+02   3.264365E+00   5.409476E-01   8.085704E+00   1.026885E+00
   2.479504892200E+08   4.897502E+02   3.126374E+00   5.743973E-01   6.263818E+00   8.771099E-01
   2.479505892200E+08   4.905074E+02   3.199512E+00   5.648575E-01   8.118126E+00   1.006930E+00
   2.479506892200E+08   4.882249E+02   3.224780E+00   5.540272E-01   8.149487E+00   1.018686E+00
   2.479507892200E+08   4.832474E+02   3.154768E+00   5.618246E-01   6.780697E+00   9.227360E-01
   2.479508892200E+08   4.916351E+02   3.241210E+00   5.510914E-01   8.064887E+00   1.016080E+00
   2.479509892200E+08   4.840841E+02   3.137245E+00   5.702875E-01   6.927484E+00   9.257239E-01
   2.479510892200E+08   4.893065E+02   3.300432E+00   5.306830E-01   8.242099E+00   1.046748E+00
   2.479511892200E+08   4.887012E+02   3.328002E+00   5.195591E-01   8.011214E+00   1.042971E+00
   2.479512892200E+08   4.862808E+02   3.288696E+00   5.305353E-01   8.111420E+00   1.038561E+00
   2.479513892200E+08   4.815767E+02   3.263207E+00   5.241576E-01   6.864195E+00   9.611795E-01
   2.479514892200E+08   4.849141E+02   3.250575E+00   5.298220E-01   6.657657E+00   9.415348E-01
   2.479515892200E+08   4.883899E+02   3.193159E+00   5.592330E-01   7.442873E+00   9.689795E-01
   2.479516892200E+08   4.864712E+02   3.183676E+00   5.690296E-01   8.430540E+00   1.022353E+00
   2.479517892200E+08   4.894617E+02   3.172553E+00   5.715465E-01   7.899685E+00   9.874606E-01
   2.479518892200E+08   4.880671E+02   3.136631E+00   5.771967E-01   7.211234E+00   9.388227E-01
   2.479519892200E+08   4.837659E+02   3.228127E+00   5.574745E-01   9.238027E+00   1.081229E+00
   2.479520892200E+08   4.889837E+02   3.290161E+00   5.295763E-01   7.726465E+00   1.014534E+00
   2.479521892200E+08   4.914447E+02   3.325107E+00   5.207710E-01   7.721638E+00   1.022756E+00
   2.479522892200E+08   4.866815E+02   3.276016E+00   5.345469E-01   8.050548E+00   1.030767E+00
   2.479523892200E+08   4.844285E+02   3.270989E+00   5.321600E-01   7.821519E+00   1.018275E+00
   2.479524892200E+08   4.887112E+02   3.293804E+00   5.215501E-01   6.898514E+00   9.659851E-01
   2.479525892200E+08   4.939377E+02   3.236451E+00   5.401722E-01   6.268886E+00   9.048358E-01
   2.479526892200E+08   4.857058E+02   3.159856E+00   5.750244E-01   8.219963E+00   1.004228E+00
   2.479527892200E+08   4.912924E+02   3.241550E+00   5.478528E-01   7.726250E+00   9.974546E-01
   2.479528892200E+08   4.892221E+02   3.159477E+00   5.678764E-01   6.956897E+00   9.296544E-01
   2.479529892200E+08   4.908618E+02   3.132473E+00   5.694506E-01   5.822683E+00   8.493257E-01
   2.479530892200E+08   4.954926E+02   3.164232E+00   5.683247E-01   6.454880E+00   8.951308E-01
   2.479531892200E+08   4.891396E+02   3.200984E+00   5.612723E-01   7.918598E+00   9.976496E-01
   2.479532892200E+08   4.880258E+02   3.181948E+00   5.672215E-01   7.959919E+00   9.949899E-01
   2.479533892200E+08   4.937791E+02   3.181867E+00   5.706211E-01   7.665230E+00   9.734852E-01
   2.479534892200E+08   4.955789E+02   3.231328E+00   5.640876E-01   8.754530E+00   1.046366E+00
   2.479535892200E+08   4.939899E+02   3.226904E+00   5.622140E-01   8.532743E+00   1.034747E+00
   2.479536892200E+08   4.887082E+02   3.352794E+00   5.201783E-01   9.086654E+00   1.110111E+00
   2.479537892200E+08   4.973911E+02   3.332689E+00   5.337958E-01   8.987008E+00   1.089835E+00
   2.479538892200E+08   4.894872E+02   3.342471E+00   5.218075E-01   8.787886E+00   1.090003E+00
   2.479539892200E+08   4.989232E+02   3.343856E+00   5.309951E-01   8.901550E+00   1.087497E+00
   2.479540892200E+08   4.954680E+02   3.226954E+00   5.560302E-01   7.612621E+00   9.827851E-01
   2.479541892200E+08   4.982230E+02   3.193651E+00   5.671161E-01   7.215017E+00   9.473782E-01
   2.479542892200E+08   5.010813E+02   3.371198E+00   5.112575E-01   7.175382E+00   9.950464E-01
   2.479543892200E+08   4.971490E+02   3.286696E+00   5.514266E-01   9.339347E+00   1.093088E+00
   2.479544892200E+08   4.956024E+02   3.209029E+00   5.569719E-01   6.966438E+00   9.393542E-01
   2.479545892200E+08   4.999451E+02   3.197922E+00   5.738980E-01   7.990244E+00   9.910678E-01
   2.479546892200E+08   4.979412E+02   3.258994E+00   5.684290E-01   1.017698E+01   1.123860E+00
   2.479547892200E+08   4.957984E+02   3.198938E+00   5.641638E-01   7.377821E+00   9.605106E-01
   2.479548892200E+08   4.932542E+02   3.183517E+00   5.705551E-01   7.789764E+00   9.814180E-01
   2.479549892200E+08   4.953160E+02   3.212162E+00   5.642684E-01   8.001577E+00   1.000197E+00
   2.479550892200E+08   4.890397E+02   3.350085E+00   5.109001E-01   7.732740E+00   1.033331E+00
   2.479551892200E+08   4.879463E+02   3.209407E+00   5.575714E-01   7.971159E+00   1.004272E+00
   2.479552892200E+08   4.882304E+02   3.277593E+00   5.238481E-01   6.598907E+00   9.427010E-01
   2.479553892200E+08   4.866779E+02   3.127137E+00   5.641335E-01   5.502400E+00   8.295180E-01
   2.479554892200E+08   4.844874E+02   3.291907E+00   5.327926E-01   8.739107E+00   1.075710E+00
   2.479555892200E+08   4.796265E+02   3.105297E+00   5.736260E-01   6.518210E+00   8.953450E-01
   2.479556892200E+08   4.833446E+02   3.312889E+00   5.144791E-01   7.404698E+00   1.007652E+00
   2.479557892200E+08   4.797233E+02   3.179576E+00   5.603908E-01   8.056943E+00   1.007118E+00
   2.479558892200E+08   4.884025E+02   3.145545E+00   5.774543E-01   7.574526E+00   9.619657E-01
   2.479559892200E+08   4.772518E+02   3.181990E+00   5.612046E-01   8.548089E+00   1.036608E+00
   2.479560892200E+08   4.789643E+02   3.143300E+00   5.702982E-01   7.793273E+00   9.818601E-01
   2.479561892200E+08   4.814303E+02   3.176419E+00   5.658017E-01   8.353951E+00   1.020597E+00
   2.479562892200E+08   4.749217E+02   3.107962E+00   5.731521E-01   7.139033E+00   9.374010E-01
   2.479563892200E+08   4.769793E+02   3.173439E+00   5.645859E-01   8.621848E+00   1.037949E+00
   2.479564892200E+08   4.685317E+02   3.115012E+00   5.774159E-01   8.674629E+00   1.029489E+00
   2.479565892200E+08   4.781489E+02   3.178298E+00   5.593549E-01   8.071865E+00   1.008983E+00
   2.479566892200E+08           NULL           NULL   0.000000E+00           NULL           NULL
   2.479567892200E+08   4.756353E+02   3.141654E+00   5.677129E-01   7.828763E+00   9.863315E-01
   2.479568892200E+08   4.739319E+02   3.184669E+00   5.564165E-01   8.494859E+00   1.037812E+00
   2.479569892200E+08   4.787974E+02   3.173763E+00   5.642401E-01   8.377071E+00   1.023422E+00
   2.479570892200E+08   4.711097E+02   3.153271E+00   5.665400E-01   8.716634E+00   1.041837E+00
   2.479571892200E+08   4.770967E+02   3.123471E+00   5.528867E-01   5.231534E+00   8.170284E-01
   2.479572892200E+08   4.724352E+02   3.145936E+00   5.643219E-01   8.000819E+00   1.000102E+00
   2.479573892200E+08   4.753273E+02   3.144829E+00   5.664029E-01   7.846870E+00   9.886127E-01
   2.479574892200E+08   4.751857E+02   3.145557E+00   5.640890E-01   7.628929E+00   9.767842E-01
   2.479575892200E+08   4.725832E+02   3.137995E+00   5.660313E-01   7.852020E+00   9.892616E-01
   2.479576892200E+08   4.777878E+02   3.158286E+00   5.565581E-01   6.971618E+00   9.400527E-01
   2.479577892200E+08   4.742247E+02   3.140253E+00   5.726272E-01   8.500774E+00   1.023373E+00
   2.479578892200E+08   4.695039E+02   3.161698E+00   5.680954E-01   9.437862E+00   1.082597E+00
   2.479579892200E+08   4.766996E+02   3.126235E+00   5.618532E-01   6.403666E+00   8.966926E-01
   2.479580892200E+08   4.737216E+02   3.132023E+00   5.581245E-01   6.572848E+00   9.114900E-01
   2.479581892200E+08   4.761741E+02   3.152833E+00   5.597457E-01   7.310020E+00   9.598526E-01
   2.479582892200E+08   4.742770E+02   3.178147E+00   5.529611E-01   7.782454E+00   9.964412E-01
   2.479583892200E+08   4.755345E+02   3.099260E+00   5.726579E-01   6.652423E+00   9.052801E-01
   2.479584892200E+08   4.719874E+02   3.080469E+00   5.744828E-01   6.508489E+00   8.940098E-01
   2.479585892200E+08   4.718500E+02   3.053661E+00   5.763269E-01   5.630803E+00   8.302165E-01
   2.479586892200E+08   4.836226E+02   3.164495E+00   5.590543E-01   6.814299E+00   9.273086E-01
   2.479587892200E+08   4.743766E+02   3.081640E+00   5.619767E-01   4.895844E+00   7.839625E-01
   2.479588892200E+08   4.744853E+02   3.135444E+00   5.696117E-01   7.926518E+00   9.908147E-01
   2.479589892200E+08   4.693329E+02   3.042896E+00   5.785338E-01   5.731265E+00   8.359908E-01
   2.479590892200E+08   4.801990E+02   3.164962E+00   5.673615E-01   8.206641E+00   1.010168E+00
   2.479591892200E+08   4.697895E+02   3.141937E+00   5.736824E-01   9.222976E+00   1.064978E+00
   2.479592892200E+08   4.718149E+02   3.126010E+00   5.622633E-01   7.026349E+00   9.389353E-01
   2.479593892200E+08   4.712172E+02   3.160951E+00   5.515667E-01   7.290514E+00   9.656522E-01
   2.479594892200E+08   4.669836E+02   3.192218E+00   5.629015E-01   1.040224E+01   1.141795E+00
   2.479595892200E+08   4.738442E+02   3.162643E+00   5.670292E-01   8.833529E+00   1.048347E+00
   2.479596892200E+08   4.777661E+02   3.173375E+00   5.624674E-01   8.278048E+00   1.018957E+00
   2.479597892200E+08   4.824134E+02   3.153580E+00   5.614217E-01   6.785564E+00   9.233983E-01
   2.479598892200E+08   4.715873E+02   3.088614E+00   5.713461E-01   6.544220E+00   8.989179E-01
   2.479599892200E+08   4.789810E+02   3.106831E+00   5.714808E-01   6.419231E+00   8.901873E-01
   2.479600892200E+08   4.727524E+02   3.162209E+00   5.661697E-01   8.846939E+00   1.049939E+00
   2.479601892200E+08   4.696300E+02   3.170857E+00   5.567933E-01   8.489109E+00   1.037110E+00
   2.479602892200E+08   4.777371E+02   3.181775E+00   5.501114E-01   7.181560E+00   9.596763E-01
   2.479603892200E+08   4.773687E+02   3.133044E+00   5.701889E-01   7.547315E+00   9.663346E-01
   2.479604892200E+08   4.813542E+02   3.179244E+00   5.638910E-01   8.257149E+00   1.016385E+00
   2.479605892200E+08   4.720491E+02   3.155652E+00   5.723175E-01   9.368237E+00   1.074611E+00
   2.479606892200E+08   4.796418E+02   3.122816E+00   5.688123E-01   6.697399E+00   9.114006E-01
   2.479607892200E+08   4.763875E+02   3.115890E+00   5.699559E-01   6.931514E+00   9.262625E-01
   2.479608892200E+08   4.816547E+02   3.200748E+00   5.348350E-01   5.671919E+00   8.649595E-01
   2.479609892200E+08   4.773954E+02   3.176290E+00   5.544505E-01   7.507072E+00   9.773376E-01
   2.479610892200E+08   4.822566E+02   3.248744E+00   5.358251E-01   7.636358E+00   1.002703E+00
   2.479611892200E+08   4.858100E+02   3.260868E+00   5.344017E-01   7.524685E+00   9.966689E-01
   2.479612892200E+08   4.874097E+02   3.259201E+00   5.275153E-01   6.419298E+00   9.265459E-01
   2.479613892200E+08   4.821326E+02   3.168909E+00   5.678791E-01   8.199161E+00   1.009247E+00
   2.479614892200E+08   4.862242E+02   3.230362E+00   5.360435E-01   6.448778E+00   9.212540E-01
   2.479615892200E+08   4.818063E+02   3.197406E+00   5.538438E-01   7.770051E+00   9.948531E-01
   2.479616892200E+08   4.809758E+02   3.167980E+00   5.584229E-01   7.201003E+00   9.537961E-01
   2.479617892200E+08   4.823049E+02   3.119560E+00   5.754184E-01   6.988316E+00   9.256250E-01
   2.479618892200E+08   4.833889E+02   3.190077E+00   5.585223E-01   7.831276E+00   9.945731E-01
   2.479619892200E+08   4.806273E+02   3.123325E+00   5.764738E-01   7.465030E+00   9.557992E-01
   2.479620892200E+08   4.788752E+02   3.122780E+00   5.807821E-01   8.138473E+00   9.942726E-01
   2.479621892200E+08   4.822264E+02   3.107188E+00   5.674496E-01   5.594568E+00   8.339890E-01
   2.479622892200E+08   4.815211E+02   3.227623E+00   5.316216E-01   6.369714E+00   9.193890E-01
   2.479623892200E+08   4.805185E+02   3.242421E+00   5.253167E-01   6.311870E+00   9.206808E-01
   2.479624892200E+08   4.745624E+02   3.069339E+00   5.777864E-01   6.104977E+00   8.633742E-01
   2.479625892200E+08   4.774460E+02   3.150569E+00   5.547049E-01   6.486188E+00   9.082479E-01
   2.479626892200E+08   4.792885E+02   3.226468E+00   5.427272E-01   7.929203E+00   1.015230E+00
   2.479627892200E+08   4.729022E+02   3.056040E+00   5.917829E-01   7.271915E+00   9.310733E-01
   2.479628892200E+08   4.731055E+02   3.255851E+00   5.276864E-01   8.021521E+00   1.035574E+00
   2.479629892200E+08   4.676472E+02   3.074896E+00   5.689870E-01   6.199390E+00   8.767262E-01
   2.479630892200E+08   4.740456E+02   3.101901E+00   5.743206E-01   7.124509E+00   9.354938E-01
   2.479631892200E+08   4.745491E+02   3.110514E+00   5.699593E-01   6.931473E+00   9.262570E-01
   2.479632892200E+08   4.717062E+02   3.106304E+00   5.675984E-01   6.836013E+00   9.217678E-01
   2.479633892200E+08   4.671549E+02   3.036133E+00   5.969521E-01   7.681663E+00   9.527930E-01
   2.479634892200E+08   4.608613E+02   2.993814E+00   6.046109E-01   7.467674E+00   9.334592E-01
   2.479635892200E+08   4.668774E+02   3.002211E+00   5.966337E-01   6.266852E+00   8.608184E-01
   2.479636892200E+08   4.638882E+02   3.123633E+00   5.604770E-01   7.678093E+00   9.830791E-01
   2.479637892200E+08   4.651422E+02   3.086117E+00   5.699049E-01   7.055923E+00   9.345798E-01
   2.479638892200E+08   4.650702E+02   3.087360E+00   5.622731E-01   6.273415E+00   8.871948E-01
   2.479639892200E+08   4.654793E+02   3.090095E+00   5.668911E-01   6.844543E+00   9.229180E-01
   2.479640892200E+08   4.582076E+02   3.050462E+00   5.820931E-01   7.756556E+00   9.695694E-01
   2.479641892200E+08   4.638043E+02   3.126847E+00   5.672240E-01   8.581751E+00   1.033121E+00
   2.479642892200E+08   4.649083E+02   3.098015E+00   5.627092E-01   6.770038E+00   9.212855E-01
   2.479643892200E+08   4.637465E+02   3.087029E+00   5.712591E-01   7.409681E+00   9.565857E-01
   2.479644892200E+08   4.679709E+02   3.108886E+00   5.720958E-01   7.892099E+00   9.865124E-01
   2.479645892200E+08   4.650020E+02   3.114038E+00   5.685745E-01   8.065055E+00   1.000347E+00
   2.479646892200E+08   4.671361E+02   3.124732E+00   5.661556E-01   7.974905E+00   9.968631E-01
   2.479647892200E+08   4.638257E+02   3.065461E+00   5.609988E-01   5.407393E+00   8.246196E-01
   2.479648892200E+08   4.699950E+02   3.120324E+00   5.521768E-01   5.877072E+00   8.665270E-01
   2.479649892200E+08   4.665959E+02   3.122357E+00   5.664114E-01   7.971303E+00   9.964129E-01
   2.479650892200E+08   4.641885E+02   3.093820E+00   5.763745E-01   8.200708E+00   1.001876E+00
   2.479651892200E+08   4.709469E+02   3.086713E+00   5.641694E-01   5.752142E+00   8.481072E-01
   2.479652892200E+08   4.645872E+02   3.117640E+00   5.699481E-01   8.416954E+00   1.020706E+00
   2.479653892200E+08   4.725142E+02   3.144012E+00   5.659801E-01   8.102024E+00   1.004932E+00
   2.479654892200E+08   4.724049E+02   3.088056E+00   5.692864E-01   6.196130E+00   8.762652E-01
   2.479655892200E+08   4.802072E+02   3.182430E+00   5.541387E-01   7.383987E+00   9.695650E-01
   2.479656892200E+08   4.740757E+02   3.103906E+00   5.676709E-01   6.462314E+00   8.961616E-01
   2.479657892200E+08   4.763655E+02   3.124543E+00   5.670902E-01   6.966541E+00   9.309432E-01
   2.479658892200E+08   4.707259E+02   3.130084E+00   5.668344E-01   7.840896E+00   9.878600E-01
   2.479659892200E+08   4.734240E+02   3.158798E+00   5.493079E-01   6.678345E+00   9.261199E-01
   2.479660892200E+08   4.731919E+02   3.140275E+00   5.735682E-01   8.732823E+00   1.036395E+00
   2.479661892200E+08   4.761581E+02   3.101682E+00   5.714523E-01   6.543005E+00   8.987508E-01
   2.479662892200E+08   4.748290E+02   3.123189E+00   5.650653E-01   6.866658E+00   9.259000E-01
   2.479663892200E+08   4.735255E+02   3.146676E+00   5.651006E-01   7.989793E+00   9.987242E-01
   2.479664892200E+08   4.815625E+02   3.066428E+00   5.918365E-01   6.675251E+00   8.920180E-01
   2.479665892200E+08   4.759603E+02   3.115666E+00   5.696186E-01   6.935618E+00   9.268109E-01
   2.479666892200E+08   4.734592E+02   3.206450E+00   5.386516E-01   7.334346E+00   9.800932E-01
   2.479667892200E+08   4.768490E+02   3.146766E+00   5.553558E-01   6.478585E+00   9.071833E-01
   2.479668892200E+08   4.769050E+02   3.108871E+00   5.786915E-01   7.558331E+00   9.599090E-01
   2.479669892200E+08   4.778464E+02   3.129548E+00   5.658758E-01   6.856822E+00   9.245737E-01
   2.479670892200E+08   4.737818E+02   3.085703E+00   5.765023E-01   6.730433E+00   9.075314E-01
   2.479671892200E+08   4.774954E+02   3.166075E+00   5.498317E-01   6.543676E+00   9.162979E-01
   2.479672892200E+08   4.830756E+02   3.145797E+00   5.595859E-01   6.177471E+00   8.824958E-01
   2.479673892200E+08           NULL           NULL   0.000000E+00           NULL           NULL
   2.479674892200E+08   4.798893E+02   3.178877E+00   5.588395E-01   7.826831E+00   9.940085E-01
   2.479675892200E+08   4.845735E+02   3.147200E+00   5.575390E-01   5.820549E+00   8.581931E-01
   2.479676892200E+08   4.820150E+02   3.168550E+00   5.601833E-01   7.304309E+00   9.591027E-01
   2.479677892200E+08   4.801099E+02   3.168985E+00   5.659997E-01   8.226385E+00   1.012598E+00
   2.479678892200E+08   4.804732E+02   3.134365E+00   5.697635E-01   7.181492E+00   9.429761E-01
   2.479679892200E+08   4.843399E+02   3.142749E+00   5.667593E-01   6.721658E+00   9.147018E-01
   2.479680892200E+08   4.852841E+02   3.203007E+00   5.542942E-01   7.636463E+00   9.858631E-01
   2.479681892200E+08   4.844988E+02   3.154787E+00   5.590312E-01   6.309795E+00   8.923398E-01
   2.479682892200E+08   4.865316E+02   3.115547E+00   5.818084E-01   7.032817E+00   9.234542E-01
   2.479683892200E+08   4.843521E+02   3.197405E+00   5.561509E-01   7.737819E+00   9.907262E-01
   2.479684892200E+08   4.878513E+02   3.157634E+00   5.582930E-01   5.939051E+00   8.662996E-01
   2.479685892200E+08   4.779565E+02   3.260369E+00   5.257391E-01   7.380296E+00   9.951590E-01
   2.479686892200E+08   4.920024E+02   3.235977E+00   5.375821E-01   6.167858E+00   8.996746E-01
   2.479687892200E+08   4.863131E+02   3.218706E+00   5.588831E-01   8.709826E+00   1.048540E+00
   2.479688892200E+08   4.900477E+02   3.312456E+00   5.269434E-01   8.166712E+00   1.045640E+00
   2.479689892200E+08   4.907695E+02   3.177383E+00   5.673898E-01   7.460210E+00   9.631090E-01
   2.479690892200E+08   4.940010E+02   3.157258E+00   5.692020E-01   6.444931E+00   8.937511E-01
   2.479691892200E+08   4.906645E+02   3.277605E+00   5.337166E-01   7.534346E+00   9.979484E-01
   2.479692892200E+08   4.931611E+02   3.274056E+00   5.481399E-01   8.880533E+00   1.069090E+00
   2.479693892200E+08   4.980900E+02   3.336123E+00   5.251130E-01   7.926484E+00   1.031940E+00
   2.479694892200E+08   4.993781E+02   3.262687E+00   5.428885E-01   7.017210E+00   9.549212E-01
   2.479695892200E+08   5.020823E+02   3.219562E+00   5.595419E-01   6.934441E+00   9.350398E-01
   2.479696892200E+08   5.038983E+02   3.272660E+00   5.577563E-01   8.727422E+00   1.050658E+00
   2.479697892200E+08   5.076216E+02   3.224899E+00   5.740116E-01   8.234467E+00   1.006000E+00
   2.479698892200E+08   5.046969E+02   3.153206E+00   5.709012E-01   5.190028E+00   8.008388E-01
   2.479699892200E+08   5.037799E+02   3.332085E+00   5.300807E-01   7.719113E+00   1.013569E+00
   2.479700892200E+08   5.088284E+02   3.509907E+00   4.912877E-01   9.046614E+00   1.139766E+00
   2.479701892200E+08   5.161862E+02   3.402691E+00   5.140370E-01   6.999341E+00   9.801037E-01
   2.479702892200E+08   5.178882E+02   3.446147E+00   5.163326E-01   8.881068E+00   1.101561E+00
   2.479703892200E+08   5.154360E+02   3.373933E+00   5.359689E-01   8.818943E+00   1.077405E+00
   2.479704892200E+08   5.194597E+02   3.306044E+00   5.537384E-01   7.771530E+00   9.950424E-01
   2.479705892200E+08   5.141812E+02   3.253277E+00   5.662914E-01   7.723836E+00   9.809282E-01
   2.479706892200E+08   5.233591E+02   3.265458E+00   5.650557E-01   6.991625E+00   9.342952E-01
   2.479707892200E+08   5.188504E+02   3.334513E+00   5.519045E-01   8.819958E+00   1.061798E+00
   2.479708892200E+08   5.237005E+02   3.305999E+00   5.609592E-01   8.174542E+00   1.013927E+00
   2.479709892200E+08   5.239642E+02   3.389206E+00   5.305169E-01   7.712765E+00   1.012736E+00
   2.479710892200E+08   5.259866E+02   3.545534E+00   4.889555E-01   8.079790E+00   1.079707E+00
   2.479711892200E+08   5.270976E+02   3.558906E+00   4.855875E-01   7.990548E+00   1.077445E+00
   2.479712892200E+08   5.267632E+02   3.340654E+00   5.441403E-01   7.130716E+00   9.615056E-01
   2.479713892200E+08   5.218691E+02   3.251836E+00   5.789223E-01   8.286478E+00   1.004883E+00
   2.479714892200E+08   5.274396E+02   3.336898E+00   5.485454E-01   7.459278E+00   9.794512E-01
   2.479715892200E+08   5.201505E+02   3.366995E+00   5.547525E-01   1.042788E+01   1.151566E+00
   2.479716892200E+08   5.241639E+02   3.417877E+00   5.262594E-01   8.311381E+00   1.055546E+00
   2.479717892200E+08   5.265303E+02   3.704113E+00   4.498561E-01   8.311580E+00   1.141683E+00
   2.479718892200E+08   5.225591E+02   3.453480E+00   5.126753E-01   8.118784E+00   1.056976E+00
   2.479719892200E+08   5.243602E+02   3.322795E+00   5.519621E-01   7.668728E+00   9.900285E-01
   2.479720892200E+08   5.280923E+02   3.285235E+00   5.711226E-01   8.029072E+00   9.958838E-01
   2.479721892200E+08   5.251314E+02   3.314906E+00   5.665033E-01   9.090793E+00   1.063997E+00
   2.479722892200E+08   5.293391E+02   3.558396E+00   4.926437E-01   8.735310E+00   1.118442E+00
   2.479723892200E+08   5.223343E+02   3.505184E+00   5.051940E-01   9.216522E+00   1.134475E+00
   2.479724892200E+08   5.246691E+02   3.600800E+00   4.859247E-01   1.001755E+01   1.205971E+00
   2.479725892200E+08   5.269296E+02   3.343493E+00   5.506436E-01   8.071445E+00   1.016907E+00
   2.479726892200E+08   5.311716E+02   3.328406E+00   5.524353E-01   7.151349E+00   9.556392E-01
   2.479727892200E+08   5.300117E+02   3.391547E+00   5.487586E-01   9.513311E+00   1.105900E+00
   2.479728892200E+08   5.264439E+02   3.554178E+00   4.817687E-01   7.321713E+00   1.035447E+00
   2.479729892200E+08   5.263939E+02   3.645327E+00   4.637461E-01   8.214759E+00   1.117887E+00
   2.479730892200E+08   5.304323E+02   3.296978E+00   5.641181E-01   7.378418E+00   9.605883E-01
   2.479731892200E+08   5.313521E+02   3.343920E+00   5.611988E-01   8.925303E+00   1.059238E+00
   2.479732892200E+08   5.240315E+02   3.584480E+00   4.986011E-01   1.131926E+01   1.265532E+00
   2.479733892200E+08   5.334293E+02   3.726368E+00   4.461395E-01   7.748307E+00   1.106901E+00
   2.479734892200E+08   5.263885E+02   3.313006E+00   5.584325E-01   7.832536E+00   9.947330E-01
   2.479735892200E+08   5.293589E+02   3.349733E+00   5.508168E-01   8.068907E+00   1.016587E+00
   2.479736892200E+08   5.227394E+02   3.293827E+00   5.584501E-01   7.453306E+00   9.703378E-01
   2.479737892200E+08   5.179739E+02   3.760257E+00   4.427558E-01   1.035691E+01   1.284617E+00
   2.479738892200E+08   5.301264E+02   3.553751E+00   4.908612E-01   8.192143E+00   1.085076E+00
   2.479739892200E+08   5.201481E+02   3.385221E+00   5.339247E-01   8.456318E+00   1.057040E+00
   2.479740892200E+08   5.257559E+02   3.252919E+00   5.655991E-01   6.236525E+00   8.819777E-01
   2.479741892200E+08   5.203586E+02   3.310904E+00   5.575340E-01   8.351297E+00   1.027974E+00
   2.479742892200E+08   5.135853E+02   3.417232E+00   5.225117E-01   9.046073E+00   1.105154E+00
   2.479743892200E+08   5.158558E+02   3.463835E+00   5.144860E-01   9.598555E+00   1.147247E+00
   2.479744892200E+08   5.235873E+02   3.380259E+00   5.235701E-01   6.467669E+00   9.335275E-01
   2.479745892200E+08   5.152964E+02   3.463450E+00   5.124134E-01   9.362025E+00   1.135312E+00
   2.479746892200E+08           NULL           NULL   0.000000E+00           NULL           NULL
   2.479747892200E+08   5.264088E+02   3.254700E+00   5.665495E-01   6.350585E+00   8.892597E-01
   2.479748892200E+08   5.222003E+02   3.225520E+00   5.730780E-01   6.401340E+00   8.877062E-01
   2.479749892200E+08   5.227344E+02   3.301722E+00   5.693774E-01   9.168807E+00   1.065852E+00
   2.479750892200E+08   5.267866E+02   3.652516E+00   4.667771E-01   8.917105E+00   1.160908E+00
   2.479751892200E+08   5.227302E+02   3.961456E+00   3.871721E-01   7.652909E+00   1.180870E+00
   2.479752892200E+08   5.286855E+02   3.653886E+00   4.616205E-01   7.946935E+00   1.102041E+00
   2.479753892200E+08   5.224831E+02   3.280510E+00   5.632431E-01   7.515134E+00   9.701996E-01
   2.479754892200E+08   5.250880E+02   3.342326E+00   5.591121E-01   9.337147E+00   1.085421E+00
   2.479755892200E+08   5.162194E+02   3.378150E+00   5.336328E-01   8.593146E+00   1.065849E+00
   2.479756892200E+08   5.213555E+02   3.607010E+00   4.663237E-01   7.715499E+00   1.080386E+00
   2.479757892200E+08   5.213651E+02   3.412539E+00   5.182853E-01   7.350319E+00   1.000252E+00
   2.479758892200E+08   5.213295E+02   3.382976E+00   5.337302E-01   8.195044E+00   1.040772E+00
   2.479759892200E+08   5.210439E+02   3.363001E+00   5.616672E-01   1.105312E+01   1.178267E+00
   2.479760892200E+08   5.225471E+02   3.318740E+00   5.570226E-01   8.358964E+00   1.028917E+00
   2.479761892200E+08   5.214006E+02   3.287262E+00   5.593079E-01   7.441875E+00   9.688496E-01
   2.479762892200E+08   5.199653E+02   3.364451E+00   5.476090E-01   9.404455E+00   1.100708E+00
   2.479763892200E+08   5.195657E+02   3.500511E+00   5.034413E-01   9.108479E+00   1.129768E+00
   2.479764892200E+08   5.170985E+02   3.548525E+00   4.852365E-01   8.723267E+00   1.126169E+00
   2.479765892200E+08   5.296848E+02   3.503597E+00   5.067540E-01   8.492078E+00   1.087299E+00
   2.479766892200E+08   5.262170E+02   3.286868E+00   5.716587E-01   8.391768E+00   1.017651E+00
   2.479767892200E+08   5.196436E+02   3.264201E+00   5.721737E-01   8.260918E+00   1.009232E+00
   2.479768892200E+08   5.219185E+02   3.532535E+00   4.988477E-01   9.475197E+00   1.157579E+00
   2.479769892200E+08   5.245729E+02   3.521032E+00   4.940250E-01   7.996878E+00   1.068628E+00
   2.479770892200E+08   5.265309E+02   3.483584E+00   5.015169E-01   7.314743E+00   1.014372E+00
   2.479771892200E+08   5.310422E+02   3.336187E+00   5.544761E-01   7.761191E+00   9.937187E-01
   2.479772892200E+08   5.293284E+02   3.285433E+00   5.649444E-01   7.117877E+00   9.427858E-01
   2.479773892200E+08   5.340184E+02   3.441689E+00   5.221795E-01   7.565707E+00   1.011010E+00
   2.479774892200E+08   5.320236E+02   3.711450E+00   4.537173E-01   8.551823E+00   1.153127E+00
   2.479775892200E+08   5.307024E+02   3.478447E+00   5.114653E-01   8.000058E+00   1.050459E+00
   2.479776892200E+08   5.319030E+02   3.321057E+00   5.451636E-01   5.823271E+00   8.680820E-01
   2.479777892200E+08   5.345421E+02   3.319502E+00   5.677754E-01   8.324910E+00   1.017050E+00
   2.479778892200E+08   5.358260E+02   3.314056E+00   5.607818E-01   7.044910E+00   9.414157E-01
   2.479779892200E+08   5.361794E+02   3.463979E+00   5.151326E-01   7.258354E+00   9.970116E-01
   2.479780892200E+08   5.333983E+02   3.558732E+00   5.040698E-01   9.936856E+00   1.179288E+00
   2.479781892200E+08   5.380684E+02   3.782326E+00   4.416909E-01   8.624951E+00   1.173707E+00
   2.479782892200E+08   5.364210E+02   3.372798E+00   5.515960E-01   8.313302E+00   1.031138E+00
   2.479783892200E+08   5.355380E+02   3.308960E+00   5.709952E-01   8.154415E+00   1.003739E+00
   2.479784892200E+08   5.441198E+02   3.565447E+00   4.848969E-01   6.110563E+00   9.428803E-01
   2.479785892200E+08   5.398271E+02   3.758723E+00   4.503992E-01   8.928090E+00   1.182554E+00
   2.479786892200E+08   5.415374E+02   3.359320E+00   5.518836E-01   7.158497E+00   9.565945E-01
   2.479787892200E+08           NULL           NULL   0.000000E+00           NULL           NULL
   2.479788892200E+08   5.438455E+02   3.518070E+00   5.262840E-01   1.018767E+01   1.168605E+00
   2.479789892200E+08   5.458430E+02   3.794649E+00   4.492085E-01   9.422900E+00   1.216491E+00
   2.479790892200E+08   5.438449E+02   3.552470E+00   5.047589E-01   8.525644E+00   1.091597E+00
   2.479791892200E+08   5.512978E+02   3.367024E+00   5.663777E-01   8.220896E+00   1.011922E+00
   2.479792892200E+08   5.495134E+02   3.577450E+00   4.930603E-01   7.154040E+00   1.011734E+00
   2.479793892200E+08   5.526041E+02   3.799131E+00   4.441351E-01   7.942117E+00   1.123185E+00
   2.479794892200E+08   5.506964E+02   3.532863E+00   5.216438E-01   9.331606E+00   1.123393E+00
   2.479795892200E+08           NULL           NULL   0.000000E+00           NULL           NULL
   2.479796892200E+08   5.526901E+02   3.559309E+00   5.162200E-01   9.429652E+00   1.135197E+00
   2.479797892200E+08   5.539877E+02   3.789545E+00   4.453464E-01   7.603695E+00   1.097499E+00
   2.479798892200E+08   5.591655E+02   3.552180E+00   5.067044E-01   6.961401E+00   9.844907E-01
   2.479799892200E+08           NULL           NULL   0.000000E+00           NULL           NULL
   2.479800892200E+08   5.572180E+02   3.533056E+00   5.264133E-01   9.247059E+00   1.113215E+00
   2.479801892200E+08   5.522728E+02   3.767797E+00   4.471440E-01   7.257580E+00   1.070072E+00
   2.479802892200E+08   5.604244E+02   3.598382E+00   5.068469E-01   8.768899E+00   1.104777E+00
   2.479803892200E+08   5.565729E+02   3.362720E+00   5.668967E-01   7.466699E+00   9.639466E-01
   2.479804892200E+08   5.564792E+02   3.790517E+00   4.560731E-01   9.126388E+00   1.188154E+00
   2.479805892200E+08   5.475441E+02   3.736614E+00   4.661589E-01   9.685618E+00   1.210702E+00
   2.479806892200E+08   5.557262E+02   3.445067E+00   5.577692E-01   9.992034E+00   1.124192E+00
   2.479807892200E+08           NULL           NULL   0.000000E+00           NULL           NULL
   2.479808892200E+08   5.532717E+02   3.800239E+00   4.544268E-01   9.625186E+00   1.222400E+00
   2.479809892200E+08   5.515910E+02   3.573407E+00   5.076390E-01   8.894189E+00   1.111774E+00
   2.479810892200E+08   5.575622E+02   3.393396E+00   5.618555E-01   8.035940E+00   1.004493E+00
   2.479811892200E+08   5.534844E+02   3.650559E+00   4.806490E-01   7.779098E+00   1.068541E+00
   2.479812892200E+08   5.605680E+02   3.766028E+00   4.460233E-01   6.010456E+00   9.750248E-01
   2.479813892200E+08   5.526600E+02   3.410011E+00   5.486829E-01   7.585985E+00   9.876111E-01
   2.479814892200E+08   5.523398E+02   3.386092E+00   5.715606E-01   9.627504E+00   1.090100E+00
   2.479815892200E+08   5.577231E+02   3.857725E+00   4.326884E-01   7.663090E+00   1.117777E+00
   2.479816892200E+08   5.648215E+02   4.531843E+00   3.298677E-01   1.069329E+01   1.512260E+00
   2.479817892200E+08   5.540389E+02   4.167812E+00   3.727496E-01   8.516804E+00   1.269610E+00
   2.479818892200E+08   5.653364E+02   3.553200E+00   5.145081E-01   7.404281E+00   1.007595E+00
   2.479819892200E+08   5.587487E+02   3.871312E+00   4.365031E-01   8.727458E+00   1.187657E+00
   2.479820892200E+08   5.540391E+02   3.556660E+00   5.128753E-01   8.665829E+00   1.091792E+00
   2.479821892200E+08   5.671580E+02   3.456282E+00   5.560326E-01   8.881353E+00   1.061525E+00
   2.479822892200E+08   5.630720E+02   3.640502E+00   4.898490E-01   7.632996E+00   1.048473E+00
   2.479823892200E+08   5.554070E+02   3.836056E+00   4.490792E-01   9.896894E+00   1.246891E+00
   2.479824892200E+08           NULL           NULL   0.000000E+00           NULL           NULL
   2.479825892200E+08           NULL           NULL   0.000000E+00           NULL           NULL
   2.479826892200E+08   5.638878E+02   3.779586E+00   4.632335E-01   8.985317E+00   1.169789E+00
   2.479827892200E+08   5.663138E+02   3.722350E+00   4.649954E-01   6.675524E+00   1.006373E+00
   2.479828892200E+08   5.681808E+02   3.390481E+00   5.619945E-01   6.653117E+00   9.138759E-01
   2.479829892200E+08   5.628414E+02   3.608865E+00   5.228502E-01   1.133400E+01   1.236641E+00
   2.479830892200E+08   5.682314E+02   3.970123E+00   4.260794E-01   9.603264E+00   1.260970E+00
   2.479831892200E+08   5.704269E+02   3.575778E+00   5.028820E-01   6.032311E+00   9.199188E-01
   2.479832892200E+08   5.658657E+02   3.417737E+00   5.695995E-01   9.165233E+00   1.065437E+00
   2.479833892200E+08   5.644059E+02   3.658923E+00   4.871670E-01   7.819829E+00   1.064144E+00
   2.479834892200E+08   5.591008E+02   3.794561E+00   4.527169E-01   8.414888E+00   1.145121E+00
   2.479835892200E+08   5.664043E+02   3.501561E+00   5.360240E-01   8.159975E+00   1.036318E+00
   2.479836892200E+08   5.684459E+02   3.436891E+00   5.602060E-01   8.437396E+00   1.030792E+00
   2.479837892200E+08   5.672289E+02   3.879100E+00   4.343122E-01   7.634440E+00   1.113598E+00
   2.479838892200E+08   5.647238E+02   3.769862E+00   4.617641E-01   8.250019E+00   1.122685E+00
   2.479839892200E+08           NULL           NULL   0.000000E+00           NULL           NULL
   2.479840892200E+08   5.691469E+02   3.859169E+00   4.379101E-01   7.249515E+00   1.080694E+00
   2.479841892200E+08   5.673730E+02   3.783652E+00   4.621253E-01   8.548888E+00   1.142393E+00
   2.479842892200E+08   5.694579E+02   3.420365E+00   5.675575E-01   8.576707E+00   1.032514E+00
   2.479843892200E+08   5.758241E+02   3.601688E+00   5.227323E-01   9.447134E+00   1.129148E+00
   2.479844892200E+08   5.663199E+02   3.799835E+00   4.442896E-01   6.351484E+00   1.004258E+00
   2.479845892200E+08   5.687029E+02   3.646557E+00   4.998705E-01   8.750151E+00   1.111270E+00
   2.479846892200E+08   5.754293E+02   3.433986E+00   5.599315E-01   7.433588E+00   9.677706E-01
   2.479847892200E+08   5.714965E+02   3.897017E+00   4.399785E-01   8.818864E+00   1.189135E+00
   2.479848892200E+08   5.693715E+02   3.786714E+00   4.543460E-01   7.142536E+00   1.053110E+00
   2.479849892200E+08   5.722373E+02   3.384967E+00   5.704784E-01   7.048829E+00   9.336402E-01
   2.479850892200E+08   5.740897E+02   3.703426E+00   5.025619E-01   1.094930E+01   1.239764E+00
   2.479851892200E+08   5.681754E+02   4.027655E+00   4.208457E-01   1.089612E+01   1.351497E+00
   2.479852892200E+08   5.750271E+02   3.441071E+00   5.641702E-01   8.378109E+00   1.023549E+00
   2.479853892200E+08   5.788670E+02   3.600571E+00   5.137711E-01   7.689529E+00   1.027557E+00
   2.479854892200E+08   5.795945E+02   4.126568E+00   3.943260E-01   8.229696E+00   1.213403E+00
   2.479855892200E+08   5.777548E+02   3.488535E+00   5.549419E-01   8.898808E+00   1.063611E+00
   2.479856892200E+08   5.791820E+02   3.724389E+00   4.970572E-01   1.036091E+01   1.212653E+00
   2.479857892200E+08   5.837756E+02   3.891416E+00   4.437714E-01   7.789654E+00   1.112808E+00
   2.479858892200E+08   5.833483E+02   3.585765E+00   5.242209E-01   8.074549E+00   1.042420E+00
   2.479859892200E+08   5.876998E+02   3.568987E+00   5.478151E-01   1.030237E+01   1.151840E+00
   2.479860892200E+08   5.852199E+02   4.050370E+00   4.086099E-01   7.424050E+00   1.132157E+00
   2.479861892200E+08   5.876815E+02   3.670400E+00   5.023109E-01   7.864965E+00   1.051000E+00
   2.479862892200E+08   5.903376E+02   3.667488E+00   5.207713E-01   1.029551E+01   1.180976E+00
   2.479863892200E+08   5.934290E+02   4.208601E+00   3.965208E-01   1.014122E+01   1.343238E+00
   2.479864892200E+08   5.938504E+02   3.512239E+00   5.611798E-01   8.925606E+00   1.059275E+00
   2.479865892200E+08   5.911956E+02   3.849157E+00   4.709843E-01   9.885960E+00   1.216877E+00
   2.479866892200E+08   5.938276E+02   4.016082E+00   4.257576E-01   8.284931E+00   1.171666E+00
   2.479867892200E+08   5.959493E+02   3.572788E+00   5.550205E-01   1.054995E+01   1.158008E+00
   2.479868892200E+08   5.983483E+02   4.082453E+00   4.158587E-01   8.482142E+00   1.199556E+00
   2.479869892200E+08   5.940773E+02   3.791647E+00   4.785421E-01   8.403033E+00   1.113009E+00
   2.479870892200E+08           NULL           NULL   0.000000E+00           NULL           NULL
   2.479871892200E+08   6.120554E+02   4.120284E+00   4.126088E-01   7.694057E+00   1.146962E+00
   2.479872892200E+08   6.095515E+02   3.733083E+00   5.026742E-01   7.999624E+00   1.059576E+00
   2.479873892200E+08   6.113370E+02   3.975457E+00   4.503575E-01   9.085566E+00   1.192993E+00
   2.479874892200E+08   6.062408E+02   3.901718E+00   4.696319E-01   1.006465E+01   1.229592E+00
   2.479875892200E+08   6.132430E+02   3.969699E+00   4.564865E-01   9.736300E+00   1.226659E+00
   2.479876892200E+08   6.150001E+02   3.966677E+00   4.633951E-01   1.065683E+01   1.273735E+00
   2.479877892200E+08   6.143223E+02   3.941006E+00   4.631034E-01   9.597185E+00   1.209132E+00
   2.479878892200E+08   6.119581E+02   4.065214E+00   4.449262E-01   1.173343E+01   1.363984E+00
   2.479879892200E+08   6.124420E+02   3.657742E+00   5.346730E-01   9.368098E+00   1.111789E+00
   2.479880892200E+08   6.151301E+02   4.250802E+00   3.991202E-01   9.721657E+00   1.310868E+00
   2.479881892200E+08   6.168098E+02   3.611776E+00   5.439090E-01   8.171386E+00   1.029498E+00
   2.479882892200E+08   6.146121E+02   4.160147E+00   4.168634E-01   9.815572E+00   1.288848E+00
   2.479883892200E+08   6.171661E+02   3.756069E+00   5.114322E-01   9.517928E+00   1.145824E+00
   2.479884892200E+08   6.152492E+02   3.973745E+00   4.568331E-01   9.728914E+00   1.225728E+00
   2.479885892200E+08           NULL           NULL   0.000000E+00           NULL           NULL
   2.479886892200E+08           NULL           NULL   0.000000E+00           NULL           NULL
   2.479887892200E+08   6.224996E+02   4.087010E+00   4.354752E-01   9.558064E+00   1.244354E+00
   2.479888892200E+08   6.231673E+02   3.755280E+00   5.040440E-01   7.557996E+00   1.028513E+00
   2.479889892200E+08   6.218555E+02   4.142942E+00   4.154657E-01   7.980755E+00   1.164113E+00
   2.479890892200E+08   6.204742E+02   3.612893E+00   5.439047E-01   7.782332E+00   1.004695E+00
   2.479891892200E+08   6.254371E+02   4.343327E+00   3.949701E-01   1.125272E+01   1.417710E+00
   2.479892892200E+08   6.217479E+02   3.585879E+00   5.608732E-01   8.930485E+00   1.059854E+00
   2.479893892200E+08   6.179408E+02   4.301878E+00   3.805058E-01   7.416176E+00   1.172600E+00
   2.479894892200E+08   6.190792E+02   3.702128E+00   5.337186E-01   1.044230E+01   1.174850E+00
   2.479895892200E+08   6.165007E+02   4.064006E+00   4.327109E-01   8.803945E+00   1.198065E+00
   2.479896892200E+08   6.164377E+02   3.725355E+00   5.116079E-01   8.273616E+00   1.068119E+00
   2.479897892200E+08   6.162167E+02   4.036887E+00   4.299610E-01   7.219463E+00   1.088375E+00
   2.479898892200E+08   6.125317E+02   3.856409E+00   4.872105E-01   1.042551E+01   1.228658E+00
   2.479899892200E+08   6.176202E+02   3.759886E+00   5.062148E-01   8.779849E+00   1.106157E+00
   2.479900892200E+08   6.068394E+02   4.092535E+00   4.384016E-01   1.222990E+01   1.402865E+00
   2.479901892200E+08           NULL           NULL   0.000000E+00           NULL           NULL
   2.479902892200E+08   6.098090E+02   4.050088E+00   4.339063E-01   9.267449E+00   1.227504E+00
   2.479903892200E+08   6.057831E+02   3.592982E+00   5.488756E-01   9.382753E+00   1.098168E+00
   2.479904892200E+08   6.089140E+02   4.245520E+00   4.028300E-01   1.103316E+01   1.390048E+00
   2.479905892200E+08   6.109536E+02   3.721078E+00   5.049982E-01   7.683414E+00   1.036031E+00
   2.479906892200E+08           NULL           NULL   0.000000E+00           NULL           NULL
   2.479907892200E+08   6.018989E+02   4.201850E+00   4.036050E-01   1.031281E+01   1.342613E+00
   2.479908892200E+08   6.081644E+02   3.711534E+00   5.054576E-01   7.676429E+00   1.035089E+00
   2.479909892200E+08   5.963761E+02   3.693139E+00   5.252510E-01   1.141651E+01   1.238295E+00
   2.479910892200E+08   6.018682E+02   4.138064E+00   4.037593E-01   7.862693E+00   1.172101E+00
   2.479911892200E+08   6.016429E+02   3.564691E+00   5.393611E-01   7.193900E+00   9.700253E-01
   2.479912892200E+08   5.962674E+02   3.913368E+00   4.549288E-01   9.149343E+00   1.191143E+00
   2.479913892200E+08   6.038236E+02   3.934252E+00   4.605340E-01   1.011029E+01   1.244491E+00
   2.479914892200E+08   5.996788E+02   3.508252E+00   5.667456E-01   8.837949E+00   1.048872E+00
   2.479915892200E+08   5.891804E+02   4.128017E+00   4.073275E-01   9.698970E+00   1.296079E+00
   2.479916892200E+08           NULL           NULL   0.000000E+00           NULL           NULL
   2.479917892200E+08   5.911508E+02   3.609477E+00   5.252374E-01   8.327553E+00   1.057600E+00
   2.479918892200E+08   5.895368E+02   3.977188E+00   4.315964E-01   8.336308E+00   1.167317E+00
   2.479919892200E+08   5.904095E+02   3.684996E+00   5.054404E-01   8.653725E+00   1.099024E+00
   2.479920892200E+08           NULL           NULL   0.000000E+00           NULL           NULL
   2.479921892200E+08   5.818945E+02   3.984412E+00   4.328947E-01   9.778006E+00   1.262335E+00
   2.479922892200E+08   5.907292E+02   3.596997E+00   5.377698E-01   9.707706E+00   1.128498E+00
   2.479923892200E+08   5.860583E+02   3.720343E+00   4.840893E-01   7.286616E+00   1.030483E+00
   2.479924892200E+08   5.885021E+02   4.076582E+00   4.239274E-01   1.098332E+01   1.351954E+00
   2.479925892200E+08   5.847074E+02   3.461573E+00   5.616197E-01   7.788085E+00   9.890878E-01
   2.479926892200E+08   5.803790E+02   3.785218E+00   4.782986E-01   9.734780E+00   1.198269E+00
   2.479927892200E+08   5.814244E+02   4.029976E+00   4.309378E-01   1.129577E+01   1.359851E+00
   2.479928892200E+08   5.786238E+02   3.545479E+00   5.380886E-01   8.915310E+00   1.081140E+00
   2.479929892200E+08   5.701849E+02   3.549026E+00   5.365626E-01   9.861029E+00   1.138654E+00
   2.479930892200E+08   5.723087E+02   3.912816E+00   4.413401E-01   9.590898E+00   1.238180E+00
   2.479931892200E+08   5.806719E+02   3.619639E+00   5.126349E-01   8.119423E+00   1.057059E+00
   2.479932892200E+08   5.728203E+02   3.429200E+00   5.659459E-01   8.351822E+00   1.020337E+00
   2.479933892200E+08   5.753157E+02   3.902716E+00   4.419719E-01   8.938707E+00   1.194485E+00
   2.479934892200E+08   5.684308E+02   3.777204E+00   4.675300E-01   9.053638E+00   1.168820E+00
   2.479935892200E+08   5.687410E+02   3.508627E+00   5.521054E-01   1.047787E+01   1.157088E+00
   2.479936892200E+08   5.680220E+02   3.747936E+00   4.826993E-01   1.037679E+01   1.231498E+00
   2.479937892200E+08   5.667181E+02   3.878333E+00   4.349951E-01   7.784635E+00   1.123615E+00
   2.479938892200E+08   5.670256E+02   3.405506E+00   5.725465E-01   8.871623E+00   1.045531E+00
   2.479939892200E+08   5.632146E+02   3.521180E+00   5.397629E-01   9.933264E+00   1.139423E+00
   2.479940892200E+08   5.625956E+02   3.855194E+00   4.405168E-01   8.327645E+00   1.154837E+00
   2.479941892200E+08   5.664705E+02   3.617038E+00   5.081094E-01   9.024797E+00   1.119388E+00
   2.479942892200E+08   5.672081E+02   3.397829E+00   5.708699E-01   8.279784E+00   1.011537E+00
   2.479943892200E+08   5.635794E+02   3.818225E+00   4.513790E-01   8.596125E+00   1.159101E+00
   2.479944892200E+08   5.623488E+02   3.769314E+00   4.619992E-01   8.551222E+00   1.142705E+00
   2.479945892200E+08   5.668359E+02   3.388466E+00   5.725797E-01   8.131849E+00   1.000961E+00
   2.479946892200E+08   5.662385E+02   3.547108E+00   5.309584E-01   9.433638E+00   1.119567E+00
   2.479947892200E+08   5.571075E+02   3.843744E+00   4.402630E-01   8.492686E+00   1.166560E+00
   2.479948892200E+08   5.612504E+02   3.594772E+00   5.058457E-01   8.367864E+00   1.080287E+00
   2.479949892200E+08   5.548652E+02   3.336188E+00   5.822403E-01   8.481586E+00   1.013744E+00
   2.479950892200E+08   5.571005E+02   3.682663E+00   4.660126E-01   6.358183E+00   9.810889E-01
   2.479951892200E+08   5.573434E+02   3.772677E+00   4.694794E-01   1.051872E+01   1.257227E+00
   2.479952892200E+08   5.556314E+02   3.417397E+00   5.599408E-01   9.071345E+00   1.069068E+00
   2.479953892200E+08   5.563964E+02   3.477813E+00   5.340683E-01   8.057761E+00   1.031691E+00
   2.479954892200E+08   5.535546E+02   3.775416E+00   4.515290E-01   8.124545E+00   1.126672E+00
   2.479955892200E+08   5.561405E+02   3.650903E+00   4.849995E-01   8.145694E+00   1.088514E+00
   2.479956892200E+08   5.488613E+02   3.406566E+00   5.635566E-01   9.889421E+00   1.112647E+00
   2.479957892200E+08   5.512614E+02   3.593844E+00   5.030936E-01   9.114774E+00   1.130549E+00
   2.479958892200E+08   5.591655E+02   3.813344E+00   4.358225E-01   6.313008E+00   1.010890E+00
   2.479959892200E+08   5.445105E+02   3.406315E+00   5.551872E-01   9.276086E+00   1.085684E+00
   2.479960892200E+08   5.488777E+02   3.463613E+00   5.389791E-01   9.031472E+00   1.087261E+00
   2.479961892200E+08   5.414629E+02   3.765932E+00   4.473583E-01   8.515686E+00   1.158838E+00
   2.479962892200E+08   5.409096E+02   3.572265E+00   4.993382E-01   8.900762E+00   1.121391E+00
   2.479963892200E+08   5.441214E+02   3.355493E+00   5.741397E-01   9.584255E+00   1.085203E+00
   2.479964892200E+08   5.502631E+02   3.615960E+00   4.985830E-01   9.480227E+00   1.158194E+00
   2.479965892200E+08           NULL           NULL   0.000000E+00           NULL           NULL
   2.479966892200E+08           NULL           NULL   0.000000E+00           NULL           NULL
   2.479967892200E+08   5.479999E+02   3.447960E+00   5.501724E-01   1.000178E+01   1.132478E+00
   2.479968892200E+08   5.462027E+02   3.715899E+00   4.665303E-01   9.073038E+00   1.171324E+00
   2.479969892200E+08   5.380449E+02   3.614145E+00   4.739437E-01   7.144895E+00   1.031277E+00
   2.479970892200E+08           NULL           NULL   0.000000E+00           NULL           NULL
   2.479971892200E+08           NULL           NULL   0.000000E+00           NULL           NULL
   2.479972892200E+08   5.457660E+02   3.752135E+00   4.624193E-01   9.916508E+00   1.229991E+00
   2.479973892200E+08   5.397577E+02   3.634563E+00   4.875985E-01   9.838478E+00   1.193091E+00
   2.479974892200E+08   5.354327E+02   3.422948E+00   5.474932E-01   1.005072E+01   1.138020E+00
   2.479975892200E+08   5.380146E+02   3.403449E+00   5.550697E-01   9.913532E+00   1.122486E+00
   2.479976892200E+08   5.418781E+02   3.447951E+00   5.362136E-01   8.814919E+00   1.076914E+00
   2.479977892200E+08   5.366397E+02   3.756485E+00   4.547270E-01   9.929116E+00   1.241140E+00
   2.479978892200E+08   5.490306E+02   3.542654E+00   5.033211E-01   7.288524E+00   1.010736E+00
   2.479979892200E+08   5.457679E+02   3.369570E+00   5.661886E-01   8.971245E+00   1.057271E+00
   2.479980892200E+08   5.472818E+02   3.585281E+00   4.920961E-01   7.598139E+00   1.043685E+00
   2.479981892200E+08   5.466106E+02   3.715376E+00   4.557163E-01   7.275865E+00   1.061294E+00
   2.479982892200E+08   5.398291E+02   3.451962E+00   5.411177E-01   9.908393E+00   1.136571E+00
   2.479983892200E+08           NULL           NULL   0.000000E+00           NULL           NULL
   2.479984892200E+08   5.492932E+02   3.681078E+00   4.773874E-01   9.014470E+00   1.154185E+00
   2.479985892200E+08   5.435067E+02   3.616153E+00   4.878646E-01   8.676275E+00   1.120102E+00
   2.479986892200E+08   5.450576E+02   3.604874E+00   4.992946E-01   9.749302E+00   1.173678E+00
   2.479987892200E+08           NULL           NULL   0.000000E+00           NULL           NULL
   2.479988892200E+08           NULL           NULL   0.000000E+00           NULL           NULL
   2.479989892200E+08   5.460515E+02   3.665279E+00   4.788368E-01   8.987185E+00   1.150691E+00
   2.479990892200E+08   5.398373E+02   3.558706E+00   4.985114E-01   8.349458E+00   1.087007E+00
   2.479991892200E+08   5.479818E+02   3.391291E+00   5.640305E-01   9.380803E+00   1.083202E+00
   2.479992892200E+08   5.498286E+02   3.408728E+00   5.536478E-01   8.537339E+00   1.043002E+00
   2.479993892200E+08   5.440450E+02   3.748027E+00   4.537636E-01   8.550950E+00   1.153010E+00
   2.479994892200E+08   5.445596E+02   3.676355E+00   4.718404E-01   8.522383E+00   1.128817E+00
   2.479995892200E+08   5.472394E+02   3.332131E+00   5.684832E-01   7.445861E+00   9.612566E-01
   2.479996892200E+08   5.475357E+02   3.496745E+00   5.363560E-01   1.025942E+01   1.161651E+00
   2.479997892200E+08   5.462833E+02   3.732708E+00   4.727631E-01   1.074411E+01   1.266205E+00
   2.479998892200E+08   5.488321E+02   3.697825E+00   4.664162E-01   8.016477E+00   1.101148E+00
   2.479999892200E+08   5.459778E+02   3.416801E+00   5.499429E-01   8.851418E+00   1.065585E+00
   2.480000892200E+08           NULL           NULL   0.000000E+00           NULL           NULL
   2.480001892200E+08           NULL           NULL   0.000000E+00           NULL           NULL
   2.480002892200E+08   5.497311E+02   3.722255E+00   4.683020E-01   9.189358E+00   1.176577E+00
   2.480003892200E+08   5.455484E+02   3.347116E+00   5.642055E-01   7.752392E+00   9.845548E-01
   2.480004892200E+08   5.532587E+02   3.559880E+00   5.097814E-01   8.441647E+00   1.080842E+00
   2.480005892200E+08   5.467770E+02   3.640211E+00   4.792506E-01   7.948999E+00   1.081722E+00
   2.480006892200E+08   5.537548E+02   3.706465E+00   4.599784E-01   6.748334E+00   1.017350E+00
   2.480007892200E+08   5.493322E+02   3.378160E+00   5.723507E-01   9.737473E+00   1.095551E+00
   2.480008892200E+08   5.475947E+02   3.482891E+00   5.393447E-01   1.007177E+01   1.147784E+00
   2.480009892200E+08   5.523294E+02   3.812130E+00   4.333755E-01   6.674225E+00   1.042339E+00
   2.480010892200E+08   5.533010E+02   3.572885E+00   5.098506E-01   8.993976E+00   1.115565E+00
   2.480011892200E+08   5.518239E+02   3.373685E+00   5.715547E-01   9.133880E+00   1.061792E+00
   2.480012892200E+08   5.557026E+02   3.629539E+00   4.855546E-01   7.409919E+00   1.037596E+00
   2.480013892200E+08   5.499568E+02   3.818771E+00   4.400367E-01   8.336732E+00   1.156097E+00
   2.480014892200E+08   5.498903E+02   3.509365E+00   5.338908E-01   1.017465E+01   1.159509E+00
   2.480015892200E+08   5.505588E+02   3.407509E+00   5.621419E-01   9.537817E+00   1.094063E+00
   2.480016892200E+08   5.548497E+02   3.538285E+00   5.191070E-01   8.697701E+00   1.087213E+00
   2.480017892200E+08   5.570649E+02   3.756771E+00   4.570521E-01   7.872014E+00   1.102302E+00
   2.480018892200E+08   5.585289E+02   3.560499E+00   5.126501E-01   8.256796E+00   1.065948E+00
   2.480019892200E+08   5.567312E+02   3.391312E+00   5.668743E-01   8.711493E+00   1.041223E+00
   2.480020892200E+08   5.597698E+02   3.608140E+00   5.030921E-01   8.694118E+00   1.104154E+00
   2.480021892200E+08   5.594321E+02   3.799429E+00   4.450692E-01   7.291412E+00   1.075060E+00
   2.480022892200E+08   5.594628E+02   3.494136E+00   5.419229E-01   9.503131E+00   1.112257E+00
   2.480023892200E+08   5.627399E+02   3.447356E+00   5.609064E-01   9.684600E+00   1.103663E+00
   2.480024892200E+08   5.580111E+02   3.858390E+00   4.419952E-01   9.257459E+00   1.215564E+00
   2.480025892200E+08   5.589646E+02   3.769830E+00   4.671036E-01   9.817061E+00   1.217657E+00
   2.480026892200E+08   5.634309E+02   3.465230E+00   5.643081E-01   1.087638E+01   1.166070E+00
   2.480027892200E+08   5.631219E+02   3.510808E+00   5.250471E-01   7.390023E+00   9.964705E-01
   2.480028892200E+08   5.647426E+02   3.861102E+00   4.414823E-01   8.469230E+00   1.163338E+00
   2.480029892200E+08   5.641818E+02   3.684948E+00   5.050476E-01   1.173352E+01   1.280232E+00
   2.480030892200E+08   5.653318E+02   3.422390E+00   5.620093E-01   8.410322E+00   1.027484E+00
   2.480031892200E+08   5.644451E+02   3.832281E+00   4.538921E-01   9.481095E+00   1.213930E+00
   2.480032892200E+08   5.614021E+02   3.769746E+00   4.612837E-01   8.564485E+00   1.144477E+00
   2.480033892200E+08           NULL           NULL   0.000000E+00           NULL           NULL
   2.480034892200E+08   5.655563E+02   3.562284E+00   5.173607E-01   8.181618E+00   1.056242E+00
   2.480035892200E+08   5.657949E+02   3.936639E+00   4.335316E-01   9.926369E+00   1.270941E+00
   2.480036892200E+08   5.647277E+02   3.648477E+00   5.047731E-01   1.006277E+01   1.185909E+00
   2.480037892200E+08   5.660943E+02   3.449746E+00   5.660323E-01   1.009544E+01   1.121715E+00
   2.480038892200E+08   5.672497E+02   3.677456E+00   5.018502E-01   1.054310E+01   1.217413E+00
   2.480039892200E+08   5.577656E+02   3.838420E+00   4.548997E-01   1.070076E+01   1.288221E+00
   2.480040892200E+08           NULL           NULL   0.000000E+00           NULL           NULL
   2.480041892200E+08   5.671955E+02   3.415682E+00   5.646562E-01   8.245959E+00   1.015007E+00
   2.480042892200E+08   5.633053E+02   3.849901E+00   4.503044E-01   9.713301E+00   1.233590E+00
   2.480043892200E+08   5.583756E+02   3.783518E+00   4.520836E-01   7.958529E+00   1.114417E+00
   2.480044892200E+08   5.686413E+02   3.418292E+00   5.608392E-01   7.673135E+00   9.824442E-01
   2.480045892200E+08   5.566437E+02   3.555239E+00   5.266877E-01   1.031380E+01   1.175367E+00
   2.480046892200E+08   5.479206E+02   3.832953E+00   4.434019E-01   9.705405E+00   1.242650E+00
   2.480047892200E+08   5.557897E+02   3.658942E+00   4.969178E-01   1.036382E+01   1.212993E+00
   2.480048892200E+08   5.562413E+02   3.371895E+00   5.740195E-01   8.848858E+00   1.042848E+00
   2.480049892200E+08   5.502822E+02   3.636957E+00   4.967921E-01   1.008243E+01   1.196564E+00
   2.480050892200E+08   5.529814E+02   3.833002E+00   4.465555E-01   9.636864E+00   1.233874E+00
   2.480051892200E+08   5.515829E+02   3.477596E+00   5.413446E-01   9.643600E+00   1.121046E+00
   2.480052892200E+08   5.574978E+02   3.435270E+00   5.511978E-01   8.447298E+00   1.039791E+00
   2.480053892200E+08   5.514321E+02   3.723076E+00   4.581549E-01   7.391120E+00   1.066816E+00
   2.480054892200E+08   5.575549E+02   3.775643E+00   4.532507E-01   7.938035E+00   1.111547E+00
   2.480055892200E+08   5.543216E+02   3.374938E+00   5.732024E-01   9.107623E+00   1.058740E+00
   2.480056892200E+08   5.468884E+02   3.393333E+00   5.557910E-01   8.504420E+00   1.038980E+00
   2.480057892200E+08   5.506039E+02   3.702146E+00   4.623055E-01   7.324762E+00   1.057238E+00
   2.480058892200E+08   5.534869E+02   3.688167E+00   4.674956E-01   7.243444E+00   1.045501E+00
   2.480059892200E+08   5.515069E+02   3.391734E+00   5.625340E-01   8.778708E+00   1.049256E+00
   2.480060892200E+08   5.450880E+02   3.523138E+00   5.347835E-01   1.147685E+01   1.230447E+00
   2.480061892200E+08   5.413007E+02   3.765885E+00   4.506837E-01   9.078988E+00   1.192129E+00
   2.480062892200E+08   5.376948E+02   3.549939E+00   4.973984E-01   8.084476E+00   1.070815E+00
   2.480063892200E+08   5.477058E+02   3.374696E+00   5.662279E-01   8.970623E+00   1.057198E+00
   2.480064892200E+08   5.424528E+02   3.361245E+00   5.573620E-01   7.847579E+00   9.966434E-01
   2.480065892200E+08   5.402570E+02   3.726678E+00   4.601801E-01   9.198241E+00   1.187488E+00
   2.480066892200E+08   5.368690E+02   3.650210E+00   4.725606E-01   8.509395E+00   1.127097E+00
   2.480067892200E+08           NULL           NULL   0.000000E+00           NULL           NULL
   2.480068892200E+08   5.430054E+02   3.339281E+00   5.756472E-01   9.191496E+00   1.061343E+00
   2.480069892200E+08   5.398560E+02   3.786062E+00   4.546605E-01   1.070639E+01   1.288898E+00
   2.480070892200E+08   5.291242E+02   3.690392E+00   4.782576E-01   1.194826E+01   1.327584E+00
   2.480071892200E+08   5.347632E+02   3.433059E+00   5.313234E-01   8.364943E+00   1.053884E+00
   2.480072892200E+08           NULL           NULL   0.000000E+00           NULL           NULL
   2.480073892200E+08   5.324227E+02   4.505429E+00   3.051531E-01   7.860361E+00   1.348041E+00
