2.0019954343e+08 5.2922576904e+02 6.3789930344e+00
2.0019964343e+08 5.3141809082e+02 7.0344862938e+00
2.0019974343e+08 5.2369128418e+02 7.3533582687e+00
2.0019984343e+08 5.2349462891e+02 6.8461384773e+00
2.0019994343e+08 5.0413876343e+02 7.1756711006e+00
2.0020004343e+08 5.1153948975e+02 6.7916107178e+00
2.0020014343e+08 5.2027203369e+02 7.3614392281e+00
2.0020024343e+08 5.2356481934e+02 6.5806474686e+00
2.0020034343e+08 5.2946533203e+02 7.6887683868e+00
2.0020044343e+08 5.2950427246e+02 6.5296301842e+00
2.0020054343e+08 5.1949005127e+02 7.7329387665e+00
2.0020064343e+08 5.3074053955e+02 6.4932408333e+00
2.0020074343e+08 5.2777227783e+02 7.7815780640e+00
2.0020084343e+08 5.2008776855e+02 6.3936090469e+00
2.0020094343e+08 5.2519989014e+02 7.7185220718e+00
2.0020104343e+08 5.2934539795e+02 6.4272952080e+00
2.0020114343e+08 5.2034686279e+02 7.6612777710e+00
2.0020124343e+08 5.2074005127e+02 6.4225296974e+00
2.0020134343e+08 5.4423095703e+02 7.8717141151e+00
2.0020144343e+08 5.2232049561e+02 6.4651751518e+00
2.0020154343e+08 5.3495288086e+02 7.8806004524e+00
2.0020164343e+08 5.3482537842e+02 6.5300345421e+00
2.0020174343e+08 5.2829681396e+02 7.9436392784e+00
2.0020184343e+08 5.3191314697e+02 6.5668287277e+00
2.0020194343e+08 5.4889288330e+02 8.1346483231e+00
2.0020204343e+08 5.3431048584e+02 6.5010123253e+00
2.0020214343e+08 5.4412414551e+02 8.0130977631e+00
2.0020224343e+08 5.3657244873e+02 6.6370081902e+00
2.0020234343e+08 5.3980804443e+02 8.0017671585e+00
2.0020244343e+08 5.4564562988e+02 6.7210173607e+00
2.0020254343e+08 5.5585388184e+02 8.2596092224e+00
2.0020264343e+08 5.5476147461e+02 6.6960339546e+00
2.0020274343e+08 5.5061730957e+02 8.1664838791e+00
2.0020284343e+08 5.5233129883e+02 6.6881723404e+00
2.0020294343e+08 5.5062042236e+02 8.3677444458e+00
2.0020304343e+08 5.4960986328e+02 6.6980776787e+00
2.0020314343e+08 5.4167114258e+02 8.0954713821e+00
2.0020324343e+08 5.5104235840e+02 6.7310490608e+00
2.0020334343e+08 5.6353900146e+02 8.3849201202e+00
2.0020344343e+08 5.6186853027e+02 6.8978576660e+00
2.0020354343e+08 5.6468341064e+02 8.4526243210e+00
2.0020364343e+08 5.4943701172e+02 6.8846569061e+00
2.0020374343e+08 5.5757183838e+02 7.8726701736e+00
2.0020384343e+08 5.5324133301e+02 7.2160549164e+00
2.0020394343e+08 5.5479028320e+02 7.6321601868e+00
2.0020404343e+08 5.6366296387e+02 7.7359409332e+00
2.0020414343e+08 5.5631451416e+02 6.9878616333e+00
2.0020424343e+08 5.6367144775e+02 8.4092607498e+00
2.0020434343e+08 5.6366198730e+02 6.9240512848e+00
2.0020444343e+08 5.6595477295e+02 8.1773767471e+00
2.0020454343e+08 5.6568347168e+02 7.0392189026e+00
2.0020464343e+08 5.7098852539e+02 8.0977020264e+00
2.0020474343e+08 5.6766119385e+02 7.0742435455e+00
2.0020484343e+08 5.7202325439e+02 8.1935272217e+00
2.0020494343e+08 5.8200317383e+02 7.4274744987e+00
2.0020504343e+08 5.6782739258e+02 7.3111500740e+00
2.0020514343e+08 5.8186444092e+02 8.3628501892e+00
2.0020524343e+08 5.8130609131e+02 7.3330860138e+00
2.0020534343e+08 5.8037658691e+02 7.7069058418e+00
2.0020544343e+08 5.8268670654e+02 7.9551844597e+00
2.0020554343e+08 5.9519305420e+02 7.3932747841e+00
2.0020564343e+08 5.9057226562e+02 8.3137979507e+00
2.0020574343e+08 5.7854370117e+02 7.4852023125e+00
2.0020584343e+08 nan nan
2.0020594343e+08 nan nan
2.0020604343e+08 nan nan
2.0020614343e+08 nan nan
2.0020624343e+08 nan nan
2.0020634343e+08 nan nan
2.0020644343e+08 nan nan
2.0020654343e+08 nan nan
2.0020664343e+08 6.1227734375e+02 8.4007711411e+00
2.0020674343e+08 5.9188958740e+02 8.1844568253e+00
2.0020684343e+08 5.8808258057e+02 7.2586197853e+00
2.0020694343e+08 5.8187365723e+02 8.0062561035e+00
2.0020704343e+08 5.8226922607e+02 8.2818717957e+00
2.0020714343e+08 5.8863836670e+02 7.0633778572e+00
2.0020724343e+08 5.8800665283e+02 8.7191076279e+00
2.0020734343e+08 5.9171704102e+02 7.6282353401e+00
2.0020744343e+08 5.9818969727e+02 7.6728830338e+00
2.0020754343e+08 6.0165081787e+02 8.4571952820e+00
2.0020764343e+08 5.9667321777e+02 7.4806566238e+00
2.0020774343e+08 5.8401593018e+02 7.5718622208e+00
2.0020784343e+08 5.9323907471e+02 8.6413393021e+00
2.0020794343e+08 5.9890625000e+02 7.6575455666e+00
2.0020804343e+08 6.0417462158e+02 7.6112809181e+00
2.0020814343e+08 5.9249786377e+02 8.5806198120e+00
2.0020824343e+08 6.0413439941e+02 7.3554697037e+00
2.0020834343e+08 5.9828594971e+02 8.1049509048e+00
2.0020844343e+08 6.0739434814e+02 8.5404615402e+00
2.0020854343e+08 6.0271691895e+02 7.4740586281e+00
2.0020864343e+08 6.0623559570e+02 7.9636964798e+00
2.0020874343e+08 6.1208020020e+02 8.5027542114e+00
2.0020884343e+08 6.0568371582e+02 7.5264897346e+00
2.0020894343e+08 6.0343579102e+02 7.9913005829e+00
2.0020904343e+08 6.1191931152e+02 8.4695224762e+00
2.0020914343e+08 5.9047564697e+02 7.6255502701e+00
2.0020924343e+08 6.2614581299e+02 7.9006180763e+00
2.0020934343e+08 6.1332116699e+02 8.2505426407e+00
2.0020944343e+08 6.1718371582e+02 8.7274227142e+00
2.0020954343e+08 6.1711163330e+02 8.0463933945e+00
2.0020964343e+08 6.1521520996e+02 7.6931958199e+00
2.0020974343e+08 6.2769537354e+02 7.9601926804e+00
2.0020984343e+08 6.0846807861e+02 8.5691223145e+00
2.0020994343e+08 6.1101110840e+02 8.3543519974e+00
2.0021004343e+08 6.1017041016e+02 7.7958350182e+00
2.0021014343e+08 6.3022576904e+02 8.0058126450e+00
2.0021024343e+08 6.2868194580e+02 8.5175056458e+00
2.0021034343e+08 6.2259741211e+02 8.5520334244e+00
2.0021044343e+08 6.1842413330e+02 7.9984989166e+00
2.0021054343e+08 6.0996600342e+02 7.7704253197e+00
2.0021064343e+08 6.2343139648e+02 8.3116798401e+00
2.0021074343e+08 6.1908288574e+02 8.7073945999e+00
2.0021084343e+08 6.1769403076e+02 7.9459733963e+00
2.0021094343e+08 6.1181677246e+02 7.7682018280e+00
2.0021104343e+08 6.1380328369e+02 7.8770451546e+00
2.0021114343e+08 6.1447094727e+02 8.5925292969e+00
2.0021124343e+08 6.1551232910e+02 8.4088258743e+00
2.0021134343e+08 6.1496997070e+02 7.7319555283e+00
2.0021144343e+08 6.1273864746e+02 7.7686433792e+00
2.0021154343e+08 6.3827368164e+02 8.3479061127e+00
2.0021164343e+08 6.2150189209e+02 8.6806678772e+00
2.0021174343e+08 6.1733789062e+02 8.0295724869e+00
2.0021184343e+08 6.0939880371e+02 7.7676124573e+00
2.0021194343e+08 6.3708551025e+02 8.0825252533e+00
2.0021204343e+08 6.2564752197e+02 8.6753358841e+00
2.0021214343e+08 6.1305895996e+02 8.5477495193e+00
2.0021224343e+08 6.0464294434e+02 7.6329450607e+00
2.0021234343e+08 6.1353009033e+02 7.8025441170e+00
2.0021244343e+08 5.9866955566e+02 8.2821683884e+00
2.0021254343e+08 6.2371508789e+02 8.4025373459e+00
2.0021264343e+08 nan nan
2.0021274343e+08 5.9950677490e+02 7.7792448997e+00
2.0021284343e+08 5.9704174805e+02 8.5818719864e+00
2.0021294343e+08 5.9857006836e+02 7.8319764137e+00
2.0021304343e+08 nan nan
2.0021314343e+08 5.9752844238e+02 7.8425531387e+00
2.0021324343e+08 6.0652868652e+02 8.4354076385e+00
2.0021334343e+08 5.9783477783e+02 7.5986394882e+00
2.0021344343e+08 5.9322125244e+02 7.8374953270e+00
2.0021354343e+08 5.9055181885e+02 8.3483257294e+00
2.0021364343e+08 5.9763934326e+02 7.8392834663e+00
2.0021374343e+08 5.9882104492e+02 7.4934635162e+00
2.0021384343e+08 5.8797863770e+02 8.2212657928e+00
2.0021394343e+08 5.9140356445e+02 7.7342357635e+00
2.0021404343e+08 6.0633990479e+02 7.7323927879e+00
2.0021414343e+08 6.0202954102e+02 8.4591760635e+00
2.0021424343e+08 5.9082543945e+02 7.2240142822e+00
2.0021434343e+08 5.9676733398e+02 8.4641466141e+00
2.0021444343e+08 6.0613751221e+02 7.8167386055e+00
2.0021454343e+08 5.9714691162e+02 7.4730992317e+00
2.0021464343e+08 6.0185070801e+02 8.6924018860e+00
2.0021474343e+08 5.9499517822e+02 7.6100277901e+00
2.0021484343e+08 5.9582757568e+02 7.5584888458e+00
2.0021494343e+08 nan nan
2.0021504343e+08 5.9109667969e+02 7.9215269089e+00
2.0021514343e+08 6.0271978760e+02 7.6613478661e+00
2.0021524343e+08 6.1361822510e+02 7.8182201385e+00
2.0021534343e+08 5.9761499023e+02 8.6683731079e+00
2.0021544343e+08 nan nan
2.0021554343e+08 nan nan
2.0021564343e+08 nan nan
2.0021574343e+08 nan nan
2.0021584343e+08 nan nan
2.0021594343e+08 nan nan
2.0021604343e+08 nan nan
2.0021614343e+08 nan nan
2.0021624343e+08 nan nan
2.0021634343e+08 nan nan
2.0021644343e+08 nan nan
2.0021654343e+08 nan nan
2.0021664343e+08 nan nan
2.0021674343e+08 6.1199169922e+02 8.2731800079e+00
2.0021684343e+08 nan nan
2.0021694343e+08 6.1416107178e+02 7.7377018929e+00
2.0021704343e+08 6.0222216797e+02 8.4493808746e+00
2.0021714343e+08 5.8791381836e+02 7.6611313820e+00
2.0021724343e+08 nan nan
2.0021734343e+08 5.9694067383e+02 8.4293813705e+00
2.0021744343e+08 nan nan
2.0021754343e+08 nan nan
2.0021764343e+08 nan nan
2.0021774343e+08 nan nan
2.0021784343e+08 nan nan
2.0021794343e+08 6.0874316406e+02 7.6945214272e+00
2.0021804343e+08 nan nan
2.0021814343e+08 nan nan
2.0021824343e+08 nan nan
2.0021834343e+08 nan nan
2.0021844343e+08 nan nan
2.0021854343e+08 nan nan
2.0021864343e+08 nan nan
2.0021874343e+08 nan nan
2.0021884343e+08 6.1131243896e+02 8.2723169327e+00
2.0021894343e+08 nan nan
2.0021904343e+08 6.1014648438e+02 7.8547334671e+00
2.0021914343e+08 5.9875408936e+02 7.6201791763e+00
2.0021924343e+08 6.2461108398e+02 8.0382804871e+00
2.0021934343e+08 6.0187030029e+02 8.8712005615e+00
2.0021944343e+08 6.1408386230e+02 8.3060178757e+00
2.0021954343e+08 6.1338018799e+02 7.7611975670e+00
2.0021964343e+08 nan nan
2.0021974343e+08 nan nan
2.0021984343e+08 6.0334490967e+02 8.3524446487e+00
2.0021994343e+08 nan nan
2.0022004343e+08 6.0054663086e+02 7.6684966087e+00
2.0022014343e+08 nan nan
2.0022024343e+08 6.2310327148e+02 8.6070232391e+00
2.0022034343e+08 nan nan
2.0022044343e+08 nan nan
2.0022054343e+08 nan nan
2.0022064343e+08 nan nan
2.0022074343e+08 nan nan
2.0022084343e+08 nan nan
2.0022094343e+08 nan nan
2.0022104343e+08 nan nan
2.0022114343e+08 6.3509405518e+02 8.8455276489e+00
2.0022124343e+08 6.4011468506e+02 8.2309865952e+00
2.0022134343e+08 6.4773840332e+02 8.0465955734e+00
2.0022144343e+08 6.2682983398e+02 8.1358461380e+00
2.0022154343e+08 6.3621362305e+02 8.8913564682e+00
2.0022164343e+08 nan nan
2.0022174343e+08 nan nan
2.0022184343e+08 nan nan
2.0022194343e+08 nan nan
2.0022204343e+08 6.4720092773e+02 9.1482305527e+00
2.0022214343e+08 nan nan
2.0022224343e+08 6.4704431152e+02 8.1423044205e+00
2.0022234343e+08 6.4147521973e+02 8.1698360443e+00
2.0022244343e+08 6.4128546143e+02 8.8734264374e+00
2.0022254343e+08 6.3785113525e+02 8.5389060974e+00
2.0022264343e+08 nan nan
2.0022274343e+08 nan nan
2.0022284343e+08 6.3079638672e+02 8.5110740662e+00
2.0022294343e+08 nan nan
2.0022304343e+08 6.2732269287e+02 7.9682912827e+00
2.0022314343e+08 6.1846801758e+02 7.8224444389e+00
2.0022324343e+08 6.3327416992e+02 8.1714496613e+00
2.0022334343e+08 nan nan
2.0022344343e+08 nan nan
2.0022354343e+08 nan nan
2.0022364343e+08 6.5209222412e+02 8.1119546890e+00
2.0022374343e+08 nan nan
2.0022384343e+08 6.5064263916e+02 9.1386356354e+00
2.0022394343e+08 nan nan
2.0022404343e+08 6.5462115479e+02 8.2239875793e+00
2.0022414343e+08 6.4515411377e+02 8.3351573944e+00
2.0022424343e+08 nan nan
2.0022434343e+08 nan nan
2.0022444343e+08 nan nan
2.0022454343e+08 nan nan
2.0022464343e+08 6.6997021484e+02 8.8607683182e+00
2.0022474343e+08 6.6478472900e+02 9.3613080978e+00
2.0022484343e+08 6.6110852051e+02 8.3081111908e+00
2.0022494343e+08 6.5222235107e+02 8.2348947525e+00
2.0022504343e+08 nan nan
2.0022514343e+08 nan nan
2.0022524343e+08 nan nan
2.0022534343e+08 6.5692730713e+02 8.2562179565e+00
2.0022544343e+08 6.7749267578e+02 8.3324174881e+00
2.0022554343e+08 6.4420782471e+02 8.6093578339e+00
2.0022564343e+08 6.6057299805e+02 9.1455621719e+00
2.0022574343e+08 nan nan
2.0022584343e+08 nan nan
2.0022594343e+08 nan nan
2.0022604343e+08 nan nan
2.0022614343e+08 nan nan
2.0022624343e+08 nan nan
2.0022634343e+08 nan nan
2.0022644343e+08 nan nan
2.0022654343e+08 nan nan
2.0022664343e+08 nan nan
2.0022674343e+08 nan nan
2.0022684343e+08 nan nan
2.0022694343e+08 6.5946246338e+02 9.2261848450e+00
2.0022704343e+08 nan nan
2.0022714343e+08 nan nan
2.0022724343e+08 nan nan
2.0022734343e+08 nan nan
2.0022744343e+08 nan nan
2.0022754343e+08 nan nan
2.0022764343e+08 nan nan
2.0022774343e+08 nan nan
2.0022784343e+08 nan nan
2.0022794343e+08 6.6541436768e+02 8.8674640656e+00
2.0022804343e+08 nan nan
2.0022814343e+08 6.8011407471e+02 8.5361747742e+00
2.0022824343e+08 6.8216223145e+02 9.0228042603e+00
2.0022834343e+08 6.8426519775e+02 9.4365701675e+00
2.0022844343e+08 nan nan
2.0022854343e+08 nan nan
2.0022864343e+08 nan nan
2.0022874343e+08 nan nan
2.0022884343e+08 nan nan
2.0022894343e+08 nan nan
2.0022904343e+08 nan nan
2.0022914343e+08 nan nan
2.0022924343e+08 6.7789196777e+02 9.3629341125e+00
2.0022934343e+08 nan nan
2.0022944343e+08 nan nan
2.0022954343e+08 nan nan
2.0022964343e+08 6.7188244629e+02 9.4008655548e+00
2.0022974343e+08 nan nan
2.0022984343e+08 nan nan
2.0022994343e+08 nan nan
2.0023004343e+08 nan nan
2.0023014343e+08 nan nan
2.0023024343e+08 nan nan
2.0023034343e+08 nan nan
2.0023044343e+08 nan nan
2.0023054343e+08 nan nan
2.0023064343e+08 nan nan
2.0023074343e+08 nan nan
2.0023084343e+08 nan nan
2.0023094343e+08 nan nan
2.0023104343e+08 6.4509045410e+02 8.9673767090e+00
2.0023114343e+08 nan nan
2.0023124343e+08 nan nan
2.0023134343e+08 6.4687481689e+02 8.2823839188e+00
2.0023144343e+08 6.6321398926e+02 9.1532220840e+00
2.0023154343e+08 nan nan
2.0023164343e+08 6.4957531738e+02 8.2053985596e+00
2.0023174343e+08 nan nan
2.0023184343e+08 nan nan
2.0023194343e+08 nan nan
2.0023204343e+08 nan nan
2.0023214343e+08 nan nan
2.0023224343e+08 nan nan
2.0023234343e+08 6.6450323486e+02 9.2167739868e+00
2.0023244343e+08 nan nan
2.0023254343e+08 nan nan
2.0023264343e+08 nan nan
2.0023274343e+08 nan nan
2.0023284343e+08 nan nan
2.0023294343e+08 nan nan
2.0023304343e+08 nan nan
2.0023314343e+08 nan nan
2.0023324343e+08 nan nan
2.0023334343e+08 6.6007702637e+02 8.8907833099e+00
2.0023344343e+08 nan nan
2.0023354343e+08 nan nan
2.0023364343e+08 nan nan
2.0023374343e+08 nan nan
2.0023384343e+08 nan nan
2.0023394343e+08 nan nan
2.0023404343e+08 nan nan
2.0023414343e+08 nan nan
2.0023424343e+08 nan nan
2.0023434343e+08 nan nan
2.0023444343e+08 nan nan
2.0023454343e+08 nan nan
2.0023464343e+08 nan nan
2.0023474343e+08 nan nan
2.0023484343e+08 5.9892803955e+02 8.7502374649e+00
2.0023494343e+08 nan nan
2.0023504343e+08 nan nan
2.0023514343e+08 nan nan
2.0023524343e+08 nan nan
2.0023534343e+08 nan nan
2.0023544343e+08 5.8940820312e+02 8.5029478073e+00
2.0023554343e+08 nan nan
2.0023564343e+08 5.8410565186e+02 7.6776294708e+00
2.0023574343e+08 5.7846759033e+02 8.4333324432e+00
2.0023584343e+08 nan nan
2.0023594343e+08 nan nan
2.0023604343e+08 5.7211468506e+02 7.5122342110e+00
2.0023614343e+08 nan nan
2.0023624343e+08 5.8406066895e+02 8.3736839294e+00
2.0023634343e+08 5.8452581787e+02 7.4785714149e+00
2.0023644343e+08 5.7120001221e+02 7.7069654465e+00
2.0023654343e+08 5.6749951172e+02 7.6626181602e+00
2.0023664343e+08 5.7519427490e+02 7.3974237442e+00
2.0023674343e+08 5.7844134521e+02 8.1189250946e+00
2.0023684343e+08 5.6820739746e+02 7.1758456230e+00
2.0023694343e+08 5.6132489014e+02 8.2565631866e+00
2.0023704343e+08 5.8622253418e+02 7.1432147026e+00
2.0023714343e+08 5.6152789307e+02 7.9174861908e+00
2.0023724343e+08 5.6127764893e+02 7.2985582352e+00
2.0023734343e+08 5.5711096191e+02 7.7421336174e+00
2.0023744343e+08 5.6623614502e+02 7.1958503723e+00
2.0023754343e+08 5.4684576416e+02 7.5673956871e+00
2.0023764343e+08 5.6586425781e+02 7.5374903679e+00
2.0023774343e+08 5.6541699219e+02 7.2801136971e+00
2.0023784343e+08 5.6039831543e+02 8.1820878983e+00
2.0023794343e+08 nan nan
2.0023804343e+08 5.5651318359e+02 8.2340297699e+00
2.0023814343e+08 5.5904620361e+02 6.8410773277e+00
2.0023824343e+08 5.6632116699e+02 8.2765073776e+00
2.0023834343e+08 nan nan
2.0023844343e+08 5.6931494141e+02 8.3922672272e+00
2.0023854343e+08 nan nan
2.0023864343e+08 5.4797674561e+02 8.1551742554e+00
2.0023874343e+08 nan nan
2.0023884343e+08 5.4212347412e+02 8.0662775040e+00
2.0023894343e+08 nan nan
2.0023904343e+08 nan nan
2.0023914343e+08 nan nan
2.0023924343e+08 5.5226013184e+02 8.2666635513e+00
2.0023934343e+08 nan nan
2.0023944343e+08 nan nan
2.0023954343e+08 nan nan
2.0023964343e+08 5.4974377441e+02 8.0171318054e+00
2.0023974343e+08 nan nan
2.0023984343e+08 5.5210284424e+02 8.0285167694e+00
2.0023994343e+08 nan nan
2.0024004343e+08 5.4953277588e+02 7.9634070396e+00
2.0024014343e+08 nan nan
2.0024024343e+08 5.5953143311e+02 8.0828790665e+00
2.0024034343e+08 5.5733074951e+02 6.8303213120e+00
2.0024044343e+08 5.4518115234e+02 7.9497480392e+00
2.0024054343e+08 5.5847979736e+02 6.9544258118e+00
2.0024064343e+08 5.5800030518e+02 8.1514205933e+00
2.0024074343e+08 nan nan
2.0024084343e+08 5.4762420654e+02 7.9887695312e+00
2.0024094343e+08 nan nan
2.0024104343e+08 5.3811352539e+02 7.9271612167e+00
2.0024114343e+08 5.5781512451e+02 6.9311184883e+00
2.0024124343e+08 5.5055828857e+02 8.0521621704e+00
2.0024134343e+08 5.4728265381e+02 7.9307999611e+00
2.0024144343e+08 5.4115716553e+02 8.9450521469e+00
2.0024154343e+08 5.4839617920e+02 8.4239139557e+00
2.0024164343e+08 nan nan
2.0024174343e+08 5.6584564209e+02 7.8019843102e+00
2.0024184343e+08 nan nan
2.0024194343e+08 nan nan
2.0024204343e+08 nan nan
2.0024214343e+08 nan nan
2.0024224343e+08 nan nan
2.0024234343e+08 5.4862268066e+02 8.0828523636e+00
2.0024244343e+08 nan nan
2.0024254343e+08 5.6665679932e+02 7.7616939545e+00
2.0024264343e+08 nan nan
2.0024274343e+08 nan nan
2.0024284343e+08 nan nan
2.0024294343e+08 5.5761712646e+02 7.5679140091e+00
2.0024304343e+08 5.7865039062e+02 7.6996135712e+00
2.0024314343e+08 5.5508923340e+02 7.2674088478e+00
2.0024324343e+08 5.8380456543e+02 7.9883337021e+00
2.0024334343e+08 5.7786468506e+02 7.3042173386e+00
2.0024344343e+08 nan nan
2.0024354343e+08 5.9207604980e+02 7.4766845703e+00
2.0024364343e+08 5.6645306396e+02 7.8163065910e+00
2.0024374343e+08 5.7736077881e+02 7.5026221275e+00
2.0024384343e+08 5.8535333252e+02 7.5752081871e+00
2.0024394343e+08 5.7796343994e+02 8.0118303299e+00
2.0024404343e+08 5.8353033447e+02 7.2703127861e+00
2.0024414343e+08 5.7734228516e+02 8.1985359192e+00
2.0024424343e+08 6.0279815674e+02 7.6536927223e+00
2.0024434343e+08 5.8101824951e+02 7.6496138573e+00
2.0024444343e+08 5.9494335938e+02 8.5270805359e+00
2.0024454343e+08 nan nan
2.0024464343e+08 nan nan
2.0024474343e+08 6.1537145996e+02 8.7669000626e+00
2.0024484343e+08 6.2420471191e+02 7.8209104538e+00
2.0024494343e+08 6.1074768066e+02 7.7715592384e+00
2.0024504343e+08 6.2942578125e+02 8.3908519745e+00
2.0024514343e+08 6.1725939941e+02 8.8798217773e+00
2.0024524343e+08 nan nan
2.0024534343e+08 nan nan
2.0024544343e+08 nan nan
2.0024554343e+08 6.2899066162e+02 8.7401971817e+00
2.0024564343e+08 6.1844403076e+02 8.4214172363e+00
2.0024574343e+08 nan nan
2.0024584343e+08 nan nan
2.0024594343e+08 nan nan
2.0024604343e+08 6.1231335449e+02 8.3248243332e+00
2.0024614343e+08 6.1943255615e+02 7.8852643967e+00
2.0024624343e+08 6.1613439941e+02 7.8585762978e+00
2.0024634343e+08 6.1433074951e+02 8.2889108658e+00
2.0024644343e+08 6.1714062500e+02 8.6433925629e+00
2.0024654343e+08 6.2630499268e+02 7.9032559395e+00
2.0024664343e+08 nan nan
2.0024674343e+08 6.0651800537e+02 8.5740308762e+00
2.0024684343e+08 6.2600067139e+02 8.0661888123e+00
2.0024694343e+08 nan nan
2.0024704343e+08 nan nan
2.0024714343e+08 nan nan
2.0024724343e+08 nan nan
2.0024734343e+08 6.3286315918e+02 7.9701638222e+00
2.0024744343e+08 6.4550628662e+02 8.0493574142e+00
2.0024754343e+08 nan nan
2.0024764343e+08 nan nan
2.0024774343e+08 nan nan
2.0024784343e+08 nan nan
2.0024794343e+08 nan nan
2.0024804343e+08 nan nan
2.0024814343e+08 nan nan
2.0024824343e+08 nan nan
2.0024834343e+08 nan nan
2.0024844343e+08 nan nan
2.0024854343e+08 nan nan
2.0024864343e+08 nan nan
2.0024874343e+08 nan nan
2.0024884343e+08 nan nan
2.0024894343e+08 6.7800921631e+02 9.3734989166e+00
2.0024904343e+08 nan nan
2.0024914343e+08 nan nan
2.0024924343e+08 nan nan
2.0024934343e+08 nan nan
2.0024944343e+08 nan nan
2.0024954343e+08 nan nan
2.0024964343e+08 nan nan
2.0024974343e+08 nan nan
2.0024984343e+08 nan nan
2.0024994343e+08 nan nan
2.0025004343e+08 nan nan
2.0025014343e+08 nan nan
2.0025024343e+08 6.9096044922e+02 8.7226076126e+00
2.0025034343e+08 nan nan
2.0025044343e+08 nan nan
2.0025054343e+08 nan nan
2.0025064343e+08 nan nan
2.0025074343e+08 nan nan
2.0025084343e+08 nan nan
2.0025094343e+08 nan nan
2.0025104343e+08 nan nan
2.0025114343e+08 nan nan
2.0025124343e+08 nan nan
2.0025134343e+08 nan nan
2.0025144343e+08 nan nan
2.0025154343e+08 nan nan
2.0025164343e+08 nan nan
2.0025174343e+08 nan nan
2.0025184343e+08 nan nan
2.0025194343e+08 nan nan
2.0025204343e+08 nan nan
2.0025214343e+08 nan nan
2.0025224343e+08 nan nan
2.0025234343e+08 nan nan
2.0025244343e+08 nan nan
2.0025254343e+08 nan nan
2.0025264343e+08 nan nan
2.0025274343e+08 nan nan
2.0025284343e+08 nan nan
2.0025294343e+08 nan nan
2.0025304343e+08 nan nan
2.0025314343e+08 nan nan
2.0025324343e+08 nan nan
2.0025334343e+08 nan nan
2.0025344343e+08 nan nan
2.0025354343e+08 nan nan
2.0025364343e+08 nan nan
2.0025374343e+08 nan nan
2.0025384343e+08 nan nan
2.0025394343e+08 nan nan
2.0025404343e+08 nan nan
2.0025414343e+08 nan nan
2.0025424343e+08 nan nan
2.0025434343e+08 nan nan
2.0025444343e+08 nan nan
2.0025454343e+08 nan nan
2.0025464343e+08 nan nan
2.0025474343e+08 nan nan
2.0025484343e+08 nan nan
2.0025494343e+08 nan nan
2.0025504343e+08 nan nan
2.0025514343e+08 nan nan
2.0025524343e+08 nan nan
2.0025534343e+08 nan nan
2.0025544343e+08 nan nan
2.0025554343e+08 nan nan
2.0025564343e+08 nan nan
2.0025574343e+08 nan nan
2.0025584343e+08 nan nan
2.0025594343e+08 nan nan
2.0025604343e+08 7.6976055908e+02 1.0001108170e+01
2.0025614343e+08 nan nan
2.0025624343e+08 nan nan
2.0025634343e+08 nan nan
2.0025644343e+08 nan nan
2.0025654343e+08 nan nan
2.0025664343e+08 nan nan
2.0025674343e+08 nan nan
2.0025684343e+08 nan nan
2.0025694343e+08 7.4765490723e+02 9.9090175629e+00
2.0025704343e+08 nan nan
2.0025714343e+08 nan nan
2.0025724343e+08 nan nan
2.0025734343e+08 nan nan
2.0025744343e+08 nan nan
2.0025754343e+08 nan nan
2.0025764343e+08 nan nan
2.0025774343e+08 nan nan
2.0025784343e+08 nan nan
2.0025794343e+08 nan nan
2.0025804343e+08 nan nan
2.0025814343e+08 nan nan
2.0025824343e+08 nan nan
2.0025834343e+08 nan nan
2.0025844343e+08 nan nan
2.0025854343e+08 nan nan
2.0025864343e+08 nan nan
2.0025874343e+08 nan nan
2.0025884343e+08 nan nan
2.0025894343e+08 nan nan
2.0025904343e+08 nan nan
2.0025914343e+08 nan nan
2.0025924343e+08 nan nan
2.0025934343e+08 nan nan
2.0025944343e+08 nan nan
2.0025954343e+08 nan nan
2.0025964343e+08 nan nan
2.0025974343e+08 nan nan
2.0025984343e+08 nan nan
2.0025994343e+08 nan nan
2.0026004343e+08 nan nan
2.0026014343e+08 nan nan
2.0026024343e+08 nan nan
2.0026034343e+08 nan nan
2.0026044343e+08 nan nan
2.0026054343e+08 nan nan
2.0026064343e+08 nan nan
2.0026074343e+08 nan nan
2.0026084343e+08 nan nan
2.0026094343e+08 nan nan
2.0026104343e+08 nan nan
2.0026114343e+08 nan nan
2.0026124343e+08 nan nan
2.0026134343e+08 nan nan
2.0026144343e+08 nan nan
2.0026154343e+08 nan nan
2.0026164343e+08 nan nan
2.0026174343e+08 nan nan
2.0026184343e+08 nan nan
2.0026194343e+08 nan nan
2.0026204343e+08 nan nan
2.0026214343e+08 nan nan
2.0026224343e+08 nan nan
2.0026234343e+08 nan nan
2.0026244343e+08 nan nan
2.0026254343e+08 nan nan
2.0026264343e+08 nan nan
2.0026274343e+08 nan nan
2.0026284343e+08 nan nan
2.0026294343e+08 nan nan
2.0026304343e+08 nan nan
2.0026314343e+08 nan nan
2.0026324343e+08 nan nan
2.0026334343e+08 nan nan
2.0026344343e+08 nan nan
2.0026354343e+08 nan nan
2.0026364343e+08 nan nan
2.0026374343e+08 nan nan
2.0026384343e+08 nan nan
2.0026394343e+08 nan nan
2.0026404343e+08 nan nan
2.0026414343e+08 nan nan
2.0026424343e+08 nan nan
2.0026434343e+08 nan nan
