1.7140887364e+08 3.0218997955e+01 5.9795653820e-01
1.7140897364e+08 2.9771812439e+01 5.8715701103e-01
1.7140907364e+08 2.9363845825e+01 5.8126288652e-01
1.7140917364e+08 2.8858230591e+01 5.7635825872e-01
1.7140927364e+08 2.9132942200e+01 5.7942312956e-01
1.7140937364e+08 3.0479183197e+01 5.9387552738e-01
1.7140947364e+08 2.8594898224e+01 5.7396799326e-01
1.7140957364e+08 2.9808965683e+01 5.8606892824e-01
1.7140967364e+08 2.9541748047e+01 5.8341443539e-01
1.7140977364e+08 2.9872306824e+01 5.8640825748e-01
1.7140987364e+08 2.8533943176e+01 5.7309091091e-01
1.7140997364e+08 2.9546911240e+01 5.8374410868e-01
1.7141007364e+08 2.9880662918e+01 5.8736503124e-01
1.7141017364e+08 2.9735948563e+01 5.8474636078e-01
1.7141027364e+08 2.9349292755e+01 5.8108866215e-01
1.7141037364e+08 3.0712198257e+01 5.9447914362e-01
1.7141047364e+08 2.9984014511e+01 5.8769595623e-01
1.7141057364e+08 2.9144092560e+01 5.7975953817e-01
1.7141067364e+08 3.0249393463e+01 5.9040766954e-01
1.7141077364e+08 3.0852148056e+01 5.9585005045e-01
1.7141087364e+08 3.0367164612e+01 5.9135621786e-01
1.7141097364e+08 3.0920057297e+01 5.9738451242e-01
1.7141107364e+08 3.0325645447e+01 6.2610340118e-01
1.7141117364e+08 3.1486707687e+01 6.0317593813e-01
1.7141127364e+08 3.0313669205e+01 5.9098720551e-01
1.7141137364e+08 3.1152408600e+01 5.9986174107e-01
1.7141147364e+08 3.0020311356e+01 5.8965462446e-01
1.7141157364e+08 2.9416170120e+01 5.8195674419e-01
1.7141167364e+08 3.1125373840e+01 5.9867560863e-01
1.7141177364e+08 3.1038064957e+01 5.9799265862e-01
1.7141187364e+08 3.0726844788e+01 5.9476262331e-01
1.7141197364e+08 3.0759981155e+01 5.9495836496e-01
1.7141207364e+08 3.0235631943e+01 5.9047663212e-01
1.7141217364e+08 3.1120403290e+01 5.9902340174e-01
1.7141227364e+08 3.0549518585e+01 5.9299892187e-01
1.7141237364e+08 3.0719608307e+01 5.9428864717e-01
1.7141247364e+08 3.0487863541e+01 5.9224861860e-01
1.7141257364e+08 3.0519302368e+01 5.9341943264e-01
1.7141267364e+08 3.0922922134e+01 5.9632790089e-01
1.7141277364e+08 3.0709758759e+01 5.9476625919e-01
1.7141287364e+08 3.0452718735e+01 5.9178924561e-01
1.7141297364e+08 3.2766925812e+01 6.1410403252e-01
1.7141307364e+08 3.0553588867e+01 5.9263151884e-01
1.7141317364e+08 3.1339611053e+01 6.0068881512e-01
1.7141327364e+08 3.0696121216e+01 5.9427928925e-01
1.7141337364e+08 3.1716333389e+01 6.0414803028e-01
1.7141347364e+08 3.1341650009e+01 6.0061758757e-01
1.7141357364e+08 3.2109825134e+01 6.0823231936e-01
1.7141367364e+08 3.2769237518e+01 6.1436325312e-01
1.7141377364e+08 3.1435068130e+01 6.0141474009e-01
1.7141387364e+08 3.2015472412e+01 6.0720807314e-01
1.7141397364e+08 3.0975969315e+01 5.9735089540e-01
1.7141407364e+08 3.2572799683e+01 6.1251306534e-01
1.7141417364e+08 3.2682117462e+01 6.1359322071e-01
1.7141427364e+08 3.2702739716e+01 6.1343997717e-01
1.7141437364e+08 3.1601118088e+01 6.0304838419e-01
1.7141447364e+08 3.1570121765e+01 6.0300612450e-01
1.7141457364e+08 3.0876647949e+01 5.9632325172e-01
1.7141467364e+08 3.1901386261e+01 6.0602605343e-01
1.7141477364e+08 3.1140684128e+01 5.9863799810e-01
1.7141487364e+08 3.2480026245e+01 6.1174273491e-01
1.7141497364e+08 3.3440341949e+01 6.2054371834e-01
1.7141507364e+08 3.2394844055e+01 6.1057168245e-01
1.7141517364e+08 3.1960367203e+01 6.0649025440e-01
1.7141527364e+08 3.2509757996e+01 6.1165213585e-01
1.7141537364e+08 3.2035762787e+01 6.0770219564e-01
1.7141547364e+08 3.2272426605e+01 6.0913062096e-01
1.7141557364e+08 3.1988088608e+01 6.0701632500e-01
1.7141567364e+08 3.1496103287e+01 6.0203182697e-01
1.7141577364e+08 3.0899335861e+01 5.9698414803e-01
1.7141587364e+08 3.2507488251e+01 6.1182606220e-01
1.7141597364e+08 3.0558416367e+01 5.9250229597e-01
1.7141607364e+08 3.0473129272e+01 5.9207415581e-01
1.7141617364e+08 3.2326259613e+01 6.0960394144e-01
1.7141627364e+08 3.1107097626e+01 5.9810280800e-01
1.7141637364e+08 3.1404954910e+01 6.0094857216e-01
1.7141647364e+08 3.0493650436e+01 5.9348189831e-01
1.7141657364e+08 3.2506965637e+01 6.1257612705e-01
1.7141667364e+08 3.1585494995e+01 6.0296988487e-01
1.7141677364e+08 3.1568624496e+01 6.0264784098e-01
1.7141687364e+08 3.2534713745e+01 6.1168873310e-01
1.7141697364e+08 3.1871292114e+01 6.0567295551e-01
1.7141707364e+08 3.0096771240e+01 5.8843845129e-01
1.7141717364e+08 3.1976726532e+01 6.0669142008e-01
1.7141727364e+08 3.2047462463e+01 6.0759621859e-01
1.7141737364e+08 3.2311286926e+01 6.0986411572e-01
1.7141747364e+08 3.1083311081e+01 5.9786653519e-01
1.7141757364e+08 3.1718530655e+01 6.0397076607e-01
1.7141767364e+08 3.0875362396e+01 5.9596508741e-01
1.7141777364e+08 3.1850740433e+01 6.0528242588e-01
1.7141787364e+08 3.1025106430e+01 5.9752124548e-01
1.7141797364e+08 3.1549764633e+01 6.0261732340e-01
1.7141807364e+08 3.1561851501e+01 6.0251855850e-01
1.7141817364e+08 3.0812877655e+01 5.9553605318e-01
1.7141827364e+08 3.2050422668e+01 6.0699820518e-01
1.7141837364e+08 3.0310995102e+01 5.9093505144e-01
1.7141847364e+08 3.2043319702e+01 6.0729944706e-01
1.7141857364e+08 3.1065196991e+01 5.9851539135e-01
1.7141867364e+08 3.0961330414e+01 5.9684664011e-01
1.7141877364e+08 3.2254810333e+01 6.0923236609e-01
1.7141887364e+08 3.1695747375e+01 6.0408478975e-01
1.7141897364e+08 3.1674694061e+01 6.0379320383e-01
1.7141907364e+08 3.2417373657e+01 6.1099636555e-01
1.7141917364e+08 3.1846248627e+01 6.0585379601e-01
1.7141927364e+08 3.1948299408e+01 6.0626125336e-01
1.7141937364e+08 3.2792530060e+01 6.1447602510e-01
1.7141947364e+08 3.2815052032e+01 6.1425137520e-01
1.7141957364e+08 3.2290958405e+01 6.0958898067e-01
1.7141967364e+08 3.2059429169e+01 6.0771393776e-01
1.7141977364e+08 3.2174266815e+01 6.0847127438e-01
1.7141987364e+08 3.2035217285e+01 6.0692793131e-01
1.7141997364e+08 3.1727130890e+01 6.0424411297e-01
1.7142007364e+08 3.2353725433e+01 6.1033898592e-01
1.7142017364e+08 3.2252983093e+01 6.0908919573e-01
1.7142027364e+08 3.1618997574e+01 6.0295063257e-01
1.7142037364e+08 3.3187587738e+01 6.1852157116e-01
1.7142047364e+08 3.2592124939e+01 6.1244356632e-01
1.7142057364e+08 3.2862911224e+01 6.1525499821e-01
1.7142067364e+08 3.1442827225e+01 6.3719463348e-01
1.7142077364e+08 3.3435848236e+01 6.2003344297e-01
1.7142087364e+08 3.3324806213e+01 6.1968147755e-01
1.7142097364e+08 3.1898141861e+01 6.4788669348e-01
1.7142107364e+08 3.3403842926e+01 6.2018686533e-01
1.7142117364e+08 3.3368408203e+01 6.1931556463e-01
1.7142127364e+08 3.3052642822e+01 6.1697173119e-01
1.7142137364e+08 3.1417358398e+01 6.0107588768e-01
1.7142147364e+08 3.2893188477e+01 6.1528295279e-01
1.7142157364e+08 3.4216449738e+01 6.2785118818e-01
1.7142167364e+08 3.3127056122e+01 6.1750072241e-01
1.7142177364e+08 3.4049491882e+01 6.2594783306e-01
1.7142187364e+08 3.4466766357e+01 6.2969410419e-01
1.7142197364e+08 3.2873470306e+01 6.1545270681e-01
1.7142207364e+08 3.2958808899e+01 6.1651033163e-01
1.7142217364e+08 3.2845420837e+01 6.1503535509e-01
1.7142227364e+08 3.3526725769e+01 6.2086528540e-01
1.7142237364e+08 3.3854732513e+01 6.2384504080e-01
1.7142247364e+08 3.3414688110e+01 6.1974763870e-01
1.7142257364e+08 3.3946372986e+01 6.2458008528e-01
1.7142267364e+08 3.3832080841e+01 6.2427616119e-01
1.7142277364e+08 3.3270046234e+01 6.1855626106e-01
1.7142287364e+08 3.3944717407e+01 6.2539708614e-01
1.7142297364e+08 3.1669744492e+01 6.0380852222e-01
1.7142307364e+08 3.2809150696e+01 6.1424851418e-01
1.7142317364e+08 3.2748058319e+01 6.1375039816e-01
1.7142327364e+08 3.3286602020e+01 6.1918514967e-01
1.7142337364e+08 3.3005596161e+01 6.1630833149e-01
1.7142347364e+08 3.2824863434e+01 6.1518990993e-01
1.7142357364e+08 3.3602798462e+01 6.2174123526e-01
1.7142367364e+08 3.2598583221e+01 6.1245679855e-01
1.7142377364e+08 3.2416133881e+01 6.1064773798e-01
1.7142387364e+08 3.2046672821e+01 6.0736298561e-01
1.7142397364e+08 3.2942729950e+01 6.1577886343e-01
1.7142407364e+08 3.2318595886e+01 6.0967630148e-01
1.7142417364e+08 3.2557899475e+01 6.1201649904e-01
1.7142427364e+08 3.2316619873e+01 6.0953056812e-01
1.7142437364e+08 3.3584941864e+01 6.3300246000e-01
1.7142447364e+08 3.3323524475e+01 6.1944347620e-01
1.7142457364e+08 3.3834850311e+01 6.2379646301e-01
1.7142467364e+08 3.2163120270e+01 6.0836929083e-01
1.7142477364e+08 3.1784616470e+01 6.0500979424e-01
1.7142487364e+08 3.2827430725e+01 6.1469846964e-01
1.7142497364e+08 3.2348560333e+01 6.1024153233e-01
1.7142507364e+08 3.2028930664e+01 6.0735404491e-01
1.7142517364e+08 3.2572971344e+01 6.1240804195e-01
1.7142527364e+08 3.1297351837e+01 5.9998905659e-01
1.7142537364e+08 3.2835021973e+01 6.1440992355e-01
1.7142547364e+08 3.1461433411e+01 6.0169893503e-01
1.7142557364e+08 3.2128429413e+01 6.0825735331e-01
1.7142567364e+08 3.2293933868e+01 6.0986256599e-01
1.7142577364e+08 3.1467369080e+01 6.0181248188e-01
1.7142587364e+08 3.1865615845e+01 6.0611259937e-01
1.7142597364e+08 3.1130119324e+01 5.9843486547e-01
1.7142607364e+08 3.2038871765e+01 6.0743337870e-01
1.7142617364e+08 3.1600204468e+01 6.0292124748e-01
1.7142627364e+08 3.0968366623e+01 5.9687137604e-01
1.7142637364e+08 3.1390069962e+01 6.0088384151e-01
1.7142647364e+08 3.0986431122e+01 5.9788626432e-01
1.7142657364e+08 3.2711296082e+01 6.1338472366e-01
1.7142667364e+08 3.1734287262e+01 6.0416126251e-01
1.7142677364e+08 3.1929534912e+01 6.0590517521e-01
1.7142687364e+08 3.1479965210e+01 6.0194325447e-01
1.7142697364e+08 3.2194953918e+01 6.0853612423e-01
1.7142707364e+08 3.2164066315e+01 6.0795229673e-01
1.7142717364e+08 3.2209770203e+01 6.0914272070e-01
1.7142727364e+08 3.1322410583e+01 6.0024887323e-01
1.7142737364e+08 3.2115669250e+01 6.0747176409e-01
1.7142747364e+08 3.2422279358e+01 6.1141473055e-01
1.7142757364e+08 3.2410869598e+01 6.1087375879e-01
1.7142767364e+08 3.2250820160e+01 6.0970103741e-01
1.7142777364e+08 3.1088718414e+01 5.9808117151e-01
1.7142787364e+08 3.1812791824e+01 6.0543644428e-01
1.7142797364e+08 3.1570672989e+01 6.0235774517e-01
1.7142807364e+08 3.1342355728e+01 6.0052084923e-01
1.7142817364e+08 3.1617055893e+01 6.0302323103e-01
1.7142827364e+08 3.2160114288e+01 6.0831242800e-01
1.7142837364e+08 3.0732061386e+01 5.9475219250e-01
1.7142847364e+08 3.1702043533e+01 6.0387581587e-01
1.7142857364e+08 3.1964153290e+01 6.0612571239e-01
1.7142867364e+08 3.0013992310e+01 5.8839654922e-01
1.7142877364e+08 3.2494140625e+01 6.1157488823e-01
1.7142887364e+08 3.1363321304e+01 6.0191768408e-01
1.7142897364e+08 3.1456462860e+01 6.0237550735e-01
1.7142907364e+08 3.1720849991e+01 6.0434371233e-01
1.7142917364e+08 3.1208574295e+01 6.0027593374e-01
1.7142927364e+08 3.1230350494e+01 5.9947621822e-01
1.7142937364e+08 3.1726121902e+01 6.0433447361e-01
1.7142947364e+08 3.1024156570e+01 5.9739214182e-01
1.7142957364e+08 3.1321393967e+01 6.0011923313e-01
1.7142967364e+08 3.0968030930e+01 5.9730887413e-01
1.7142977364e+08 3.2425533295e+01 6.1093312502e-01
1.7142987364e+08 3.1925998688e+01 6.0616558790e-01
1.7142997364e+08 3.2218173981e+01 6.0941058397e-01
1.7143007364e+08 3.2557796478e+01 6.1255598068e-01
1.7143017364e+08 3.2324317932e+01 6.1032748222e-01
1.7143027364e+08 3.2866619110e+01 6.1543226242e-01
1.7143037364e+08 3.2132034302e+01 6.0810768604e-01
1.7143047364e+08 3.1090238571e+01 5.9822112322e-01
1.7143057364e+08 3.0714101791e+01 5.9418213367e-01
1.7143067364e+08 3.1055315018e+01 5.9799212217e-01
1.7143077364e+08 3.1546398163e+01 6.0255300999e-01
1.7143087364e+08 3.0463985443e+01 5.9200823307e-01
1.7143097364e+08 3.0831182480e+01 5.9577858448e-01
1.7143107364e+08 3.0019348145e+01 5.8771151304e-01
1.7143117364e+08 3.0642438889e+01 5.9335118532e-01
1.7143127364e+08 3.1055257797e+01 5.9754806757e-01
1.7143137364e+08 3.1401968002e+01 6.0111159086e-01
1.7143147364e+08 3.0052103043e+01 5.8778983355e-01
1.7143157364e+08 3.0456531525e+01 5.9186333418e-01
1.7143167364e+08 3.0311885834e+01 5.9084016085e-01
1.7143177364e+08 3.0551525116e+01 5.9259152412e-01
1.7143187364e+08 2.9403730392e+01 5.8148306608e-01
1.7143197364e+08 2.9686098099e+01 5.8467113972e-01
1.7143207364e+08 3.0442535400e+01 5.9136807919e-01
1.7143217364e+08 3.0821424484e+01 5.9559005499e-01
1.7143227364e+08 2.9981826782e+01 5.8787894249e-01
1.7143237364e+08 3.0583339691e+01 5.9399122000e-01
1.7143247364e+08 3.0525127411e+01 5.9342050552e-01
1.7143257364e+08 3.0348173141e+01 5.9087437391e-01
1.7143267364e+08 2.9718755722e+01 5.8474755287e-01
1.7143277364e+08 2.9735363007e+01 5.8473485708e-01
1.7143287364e+08 2.9034238815e+01 5.7768857479e-01
1.7143297364e+08 2.9489833832e+01 5.8238923550e-01
1.7143307364e+08 3.0637964249e+01 5.9382140636e-01
1.7143317364e+08 2.9024528503e+01 5.7783859968e-01
1.7143327364e+08 2.8683639526e+01 5.7482361794e-01
1.7143337364e+08 2.9134944916e+01 5.7877647877e-01
1.7143347364e+08 2.9465112686e+01 5.8190101385e-01
1.7143357364e+08 2.8613079071e+01 5.7387065887e-01
1.7143367364e+08 2.8956678391e+01 5.7728916407e-01
1.7143377364e+08 2.8546197891e+01 5.7299047709e-01
1.7143387364e+08 3.0378564835e+01 5.9101819992e-01
1.7143397364e+08 2.8871646881e+01 5.7616674900e-01
1.7143407364e+08 2.8943954468e+01 5.7692086697e-01
1.7143417364e+08 2.9781625748e+01 5.8530515432e-01
1.7143427364e+08 2.9246026993e+01 5.7984018326e-01
1.7143437364e+08 2.9721368790e+01 5.8479899168e-01
1.7143447364e+08 2.9562921524e+01 5.8315068483e-01
1.7143457364e+08 2.9363197327e+01 5.8147794008e-01
1.7143467364e+08 2.8630548477e+01 5.7410562038e-01
1.7143477364e+08 2.9161354065e+01 5.7941550016e-01
1.7143487364e+08 2.8436153412e+01 5.7158821821e-01
1.7143497364e+08 2.9230815887e+01 5.7976657152e-01
1.7143507364e+08 2.8518981934e+01 5.7290601730e-01
1.7143517364e+08 2.8641300201e+01 5.7374471426e-01
1.7143527364e+08 2.8735713959e+01 5.7459938526e-01
1.7143537364e+08 2.9283523560e+01 5.8035552502e-01
1.7143547364e+08 2.8748554230e+01 5.7497107983e-01
1.7143557364e+08 3.0291961670e+01 5.9033966064e-01
1.7143567364e+08 2.9829248428e+01 5.8590173721e-01
1.7143577364e+08 2.8934036255e+01 5.7695245743e-01
1.7143587364e+08 2.8543413162e+01 5.7339680195e-01
1.7143597364e+08 2.9000469208e+01 5.7804733515e-01
1.7143607364e+08 2.9327388763e+01 5.8099675179e-01
1.7143617364e+08 2.9713207245e+01 5.8486485481e-01
1.7143627364e+08 2.8969154358e+01 5.7719391584e-01
1.7143637364e+08 2.8618793488e+01 5.7398527861e-01
1.7143647364e+08 2.8890342712e+01 5.7653987408e-01
1.7143657364e+08 2.8372257233e+01 5.7111203671e-01
1.7143667364e+08 2.7863344193e+01 5.6640297174e-01
1.7143677364e+08 2.8027540207e+01 5.6786662340e-01
1.7143687364e+08 2.9287801743e+01 5.8032637835e-01
1.7143697364e+08 2.7613969803e+01 5.6331580877e-01
1.7143707364e+08 2.9075092316e+01 5.7861596346e-01
1.7143717364e+08 2.9806745529e+01 5.8591204882e-01
1.7143727364e+08 2.9735942841e+01 5.8485937119e-01
1.7143737364e+08 2.9310276031e+01 5.8065772057e-01
1.7143747364e+08 2.8775167465e+01 5.7538831234e-01
1.7143757364e+08 2.8853532791e+01 5.7637941837e-01
1.7143767364e+08 2.8914201736e+01 5.7644236088e-01
1.7143777364e+08 2.9017065048e+01 5.7803380489e-01
1.7143787364e+08 2.8721317291e+01 5.7454127073e-01
1.7143797364e+08 3.0112844467e+01 5.8864021301e-01
1.7143807364e+08 2.9591609955e+01 5.8337616920e-01
1.7143817364e+08 2.9408613205e+01 5.8135229349e-01
1.7143827364e+08 2.8656337738e+01 5.7404595613e-01
1.7143837364e+08 2.8557790756e+01 5.7299232483e-01
1.7143847364e+08 2.9960735321e+01 5.8690160513e-01
1.7143857364e+08 3.0681856155e+01 5.9511941671e-01
1.7143867364e+08 2.9819166183e+01 5.8604300022e-01
1.7143877364e+08 3.0251335144e+01 5.9100872278e-01
1.7143887364e+08 3.0948772430e+01 5.9771621227e-01
1.7143897364e+08 3.1375617981e+01 6.0215371847e-01
1.7143907364e+08 3.0029434204e+01 5.8790904284e-01
1.7143917364e+08 3.0566530228e+01 5.9310573339e-01
1.7143927364e+08 3.1541572571e+01 6.0191208124e-01
1.7143937364e+08 3.0922433853e+01 5.9620761871e-01
1.7143947364e+08 3.1376804352e+01 6.0096031427e-01
1.7143957364e+08 3.0465360641e+01 5.9214675426e-01
1.7143967364e+08 3.0244379044e+01 5.8986061811e-01
1.7143977364e+08 3.0624736786e+01 5.9457105398e-01
1.7143987364e+08 3.0944103241e+01 5.9673637152e-01
1.7143997364e+08 3.0524353027e+01 5.9239888191e-01
1.7144007364e+08 3.0008459091e+01 5.8761096001e-01
1.7144017364e+08 3.0598493576e+01 5.9350252151e-01
1.7144027364e+08 3.0006784439e+01 5.8870792389e-01
1.7144037364e+08 2.9853937149e+01 5.8593475819e-01
1.7144047364e+08 3.0978586197e+01 5.9762364626e-01
1.7144057364e+08 3.0185743332e+01 5.8938997984e-01
1.7144067364e+08 3.0795730591e+01 5.9520465136e-01
1.7144077364e+08 2.9932468414e+01 5.8679836988e-01
1.7144087364e+08 2.9055387497e+01 5.7925707102e-01
1.7144097364e+08 2.9907754898e+01 5.8755713701e-01
1.7144107364e+08 3.1073038101e+01 5.9789019823e-01
1.7144117364e+08 3.0547891617e+01 5.9285563231e-01
1.7144127364e+08 3.0648462296e+01 5.9525603056e-01
1.7144137364e+08 2.9968095779e+01 5.8715838194e-01
1.7144147364e+08 3.0078239441e+01 5.8807611465e-01
1.7144157364e+08 2.8763269424e+01 5.7561087608e-01
1.7144167364e+08 3.0141738892e+01 5.8853077888e-01
1.7144177364e+08 2.9422622681e+01 5.8185666800e-01
1.7144187364e+08 2.8926914215e+01 5.7681041956e-01
1.7144197364e+08 2.9552692413e+01 5.8306235075e-01
1.7144207364e+08 2.8783510208e+01 5.7555508614e-01
1.7144217364e+08 2.8162246704e+01 5.6954473257e-01
1.7144227364e+08 2.8843845367e+01 5.7653111219e-01
1.7144237364e+08 2.9666685104e+01 5.8440214396e-01
1.7144247364e+08 2.8668884277e+01 5.7441258430e-01
1.7144257364e+08 2.8621879578e+01 5.7370114326e-01
1.7144267364e+08 2.8015489578e+01 5.6762248278e-01
1.7144277364e+08 2.8441930771e+01 5.7239854336e-01
1.7144287364e+08 2.8242216110e+01 5.7046252489e-01
1.7144297364e+08 2.8565216064e+01 5.7337218523e-01
1.7144307364e+08 2.8735548019e+01 5.7505607605e-01
1.7144317364e+08 2.8875391006e+01 5.7658600807e-01
1.7144327364e+08 2.8188264847e+01 5.6983792782e-01
1.7144337364e+08 2.8511026382e+01 5.7309317589e-01
1.7144347364e+08 2.8332603455e+01 5.7066076994e-01
1.7144357364e+08 2.7777364731e+01 5.6547367573e-01
1.7144367364e+08 2.7728174210e+01 5.6458932161e-01
1.7144377364e+08 2.8925460815e+01 5.7747071981e-01
1.7144387364e+08 2.8894374847e+01 5.7650554180e-01
1.7144397364e+08 2.8334857941e+01 5.7105380297e-01
1.7144407364e+08 2.8362703323e+01 5.7149893045e-01
1.7144417364e+08 2.8738174438e+01 5.7487845421e-01
1.7144427364e+08 2.7924940109e+01 5.6753784418e-01
1.7144437364e+08 2.9280212402e+01 5.8017599583e-01
1.7144447364e+08 2.9055492401e+01 5.7845503092e-01
1.7144457364e+08 2.8944702148e+01 5.7716512680e-01
1.7144467364e+08 2.8024000168e+01 5.6756198406e-01
1.7144477364e+08 2.9238731384e+01 5.8003765345e-01
1.7144487364e+08 2.6669330597e+01 5.5405020714e-01
1.7144497364e+08 2.9295051575e+01 5.8047002554e-01
1.7144507364e+08 2.9001688004e+01 5.7784211636e-01
1.7144517364e+08 2.7419282913e+01 5.6204050779e-01
1.7144527364e+08 2.7713201523e+01 5.6451851130e-01
1.7144537364e+08 2.8633626938e+01 5.7393658161e-01
1.7144547364e+08 2.8924142838e+01 5.7721436024e-01
1.7144557364e+08 2.7502149582e+01 5.6244081259e-01
1.7144567364e+08 2.8081974030e+01 5.6827008724e-01
1.7144577364e+08 2.8327054977e+01 5.7054901123e-01
1.7144587364e+08 2.7610700607e+01 5.6301486492e-01
1.7144597364e+08 2.7411067963e+01 5.6140053272e-01
1.7144607364e+08 2.8672176361e+01 5.7447850704e-01
1.7144617364e+08 2.6708499908e+01 5.5426615477e-01
1.7144627364e+08 2.7705978394e+01 5.6460571289e-01
1.7144637364e+08 2.7492513657e+01 5.6259685755e-01
1.7144647364e+08 2.7354585648e+01 5.6083214283e-01
1.7144657364e+08 2.8381977081e+01 5.7119196653e-01
1.7144667364e+08 2.7970924377e+01 5.6695228815e-01
1.7144677364e+08 2.6018573761e+01 5.4706281424e-01
1.7144687364e+08 2.8767450333e+01 5.7546412945e-01
1.7144697364e+08 2.7372943878e+01 5.6097280979e-01
1.7144707364e+08 2.9021293640e+01 5.7754534483e-01
1.7144717364e+08 2.8092975616e+01 5.6872570515e-01
1.7144727364e+08 2.8098320007e+01 5.6871730089e-01
1.7144737364e+08 2.8886514664e+01 5.7623404264e-01
1.7144747364e+08 2.7814233780e+01 5.6552159786e-01
1.7144757364e+08 2.8742523193e+01 5.7496547699e-01
1.7144767364e+08 2.8337219238e+01 5.7075375319e-01
1.7144777364e+08 2.8578445435e+01 5.7363772392e-01
1.7144787364e+08 2.9191625595e+01 5.7955950499e-01
1.7144797364e+08 2.7738460541e+01 5.6479871273e-01
1.7144807364e+08 2.8615501404e+01 5.7391923666e-01
1.7144817364e+08 2.9019681931e+01 5.7797122002e-01
1.7144827364e+08 2.8175424576e+01 5.6922954321e-01
1.7144837364e+08 2.8392688751e+01 5.7163912058e-01
1.7144847364e+08 2.8510343552e+01 5.7250148058e-01
1.7144857364e+08 2.9155525208e+01 5.7941401005e-01
1.7144867364e+08 2.9256381989e+01 5.8027362823e-01
1.7144877364e+08 2.7584857941e+01 5.6319087744e-01
1.7144887364e+08 2.9476484299e+01 5.8235275745e-01
1.7144897364e+08 2.8965463638e+01 5.7712036371e-01
1.7144907364e+08 2.9616151810e+01 5.8351993561e-01
1.7144917364e+08 2.9097681046e+01 5.7849299908e-01
1.7144927364e+08 2.8253955841e+01 5.7069963217e-01
1.7144937364e+08 3.0341205597e+01 5.9085071087e-01
1.7144947364e+08 2.9155830383e+01 5.7953459024e-01
1.7144957364e+08 2.9268962860e+01 5.8052319288e-01
1.7144967364e+08 2.9944458008e+01 5.8714622259e-01
1.7144977364e+08 2.9731466293e+01 5.8522427082e-01
1.7144987364e+08 2.9356279373e+01 5.8099931479e-01
1.7144997364e+08 3.0002620697e+01 5.8794772625e-01
1.7145007364e+08 3.0262460709e+01 5.9010100365e-01
1.7145017364e+08 2.9817501068e+01 5.8533239365e-01
1.7145027364e+08 3.0224754333e+01 5.9071493149e-01
1.7145037364e+08 2.9806932449e+01 5.8546346426e-01
1.7145047364e+08 2.8699314117e+01 5.7444602251e-01
1.7145057364e+08 2.9910015106e+01 5.8635818958e-01
1.7145067364e+08 2.8766300201e+01 5.7532596588e-01
1.7145077364e+08 2.9622390747e+01 5.8409649134e-01
1.7145087364e+08 2.9797643661e+01 5.8550691605e-01
1.7145097364e+08 2.9704875946e+01 5.8447450399e-01
1.7145107364e+08 2.9532955170e+01 5.8255958557e-01
1.7145117364e+08 2.9775741577e+01 5.8586883545e-01
1.7145127364e+08 2.9348093033e+01 5.8095109463e-01
1.7145137364e+08 2.9391941071e+01 5.8159118891e-01
1.7145147364e+08 3.0190773010e+01 5.8971303701e-01
1.7145157364e+08 3.0392047882e+01 5.9116864204e-01
1.7145167364e+08 2.9098199844e+01 5.7838904858e-01
1.7145177364e+08 3.0417472839e+01 5.9143942595e-01
1.7145187364e+08 2.9791290283e+01 5.8526909351e-01
1.7145197364e+08 2.9720764160e+01 5.8490031958e-01
1.7145207364e+08 3.1265420914e+01 5.9959727526e-01
1.7145217364e+08 3.0520921707e+01 5.9289079905e-01
1.7145227364e+08 2.8825860977e+01 5.7617157698e-01
1.7145237364e+08 3.0315525055e+01 5.9023874998e-01
1.7145247364e+08 3.0264942169e+01 5.8992516994e-01
1.7145257364e+08 2.9154743195e+01 5.7928413153e-01
1.7145267364e+08 3.0717309952e+01 5.9457808733e-01
1.7145277364e+08 3.1370611191e+01 6.0084170103e-01
1.7145287364e+08 3.0329790115e+01 5.9018099308e-01
1.7145297364e+08 3.0881132126e+01 5.9674382210e-01
1.7145307364e+08 3.0880832672e+01 5.9584873915e-01
1.7145317364e+08 3.0664802551e+01 5.9434163570e-01
1.7145327364e+08 3.0578065872e+01 5.9299474955e-01
1.7145337364e+08 3.0910913467e+01 5.9676247835e-01
1.7145347364e+08 3.1256925583e+01 5.9965497255e-01
1.7145357364e+08 3.0256700516e+01 5.8976447582e-01
1.7145367364e+08 3.1043573380e+01 5.9776604176e-01
1.7145377364e+08 3.1222940445e+01 5.9944438934e-01
1.7145387364e+08 3.1024362564e+01 5.9739607573e-01
1.7145397364e+08 3.0707401276e+01 5.9438627958e-01
1.7145407364e+08 3.0436233521e+01 5.9180426598e-01
1.7145417364e+08 3.0343852997e+01 5.9112650156e-01
1.7145427364e+08 2.9211860657e+01 5.7984697819e-01
1.7145437364e+08 3.0378725052e+01 5.9113317728e-01
1.7145447364e+08 3.0436027527e+01 5.9146487713e-01
1.7145457364e+08 3.0873449326e+01 5.9648400545e-01
1.7145467364e+08 3.0579845428e+01 5.9314084053e-01
1.7145477364e+08 3.0452421188e+01 5.9156012535e-01
1.7145487364e+08 2.9747819901e+01 5.8520615101e-01
1.7145497364e+08 2.8644781113e+01 5.7404488325e-01
1.7145507364e+08 3.0649339676e+01 5.9381890297e-01
1.7145517364e+08 3.0087348938e+01 5.8814179897e-01
1.7145527364e+08 3.1117473602e+01 5.9841299057e-01
1.7145537364e+08 3.0465978622e+01 5.9193521738e-01
1.7145547364e+08 3.0144214630e+01 5.8869135380e-01
1.7145557364e+08 2.9024038315e+01 5.7794338465e-01
1.7145567364e+08 3.0219060898e+01 5.9015297890e-01
1.7145577364e+08 3.0585771561e+01 5.9280985594e-01
1.7145587364e+08 2.9617694855e+01 5.8400392532e-01
1.7145597364e+08 3.0372215271e+01 5.9123039246e-01
1.7145607364e+08 2.8397430420e+01 5.7138729095e-01
1.7145617364e+08 2.9347442627e+01 5.8071070910e-01
1.7145627364e+08 2.9105373383e+01 5.7853162289e-01
1.7145637364e+08 2.9312641144e+01 5.8070456982e-01
1.7145647364e+08 2.9747634888e+01 5.8508932590e-01
1.7145657364e+08 3.0020702362e+01 5.8762544394e-01
1.7145667364e+08 2.8146781921e+01 5.7028257847e-01
1.7145677364e+08 2.9927320480e+01 5.8714890480e-01
1.7145687364e+08 2.8955856323e+01 5.7750236988e-01
1.7145697364e+08 2.9854579926e+01 5.8594739437e-01
1.7145707364e+08 2.9330327988e+01 5.8116900921e-01
1.7145717364e+08 2.9192037582e+01 5.7956773043e-01
1.7145727364e+08 2.9693321228e+01 5.8413404226e-01
1.7145737364e+08 2.8823081970e+01 5.7646161318e-01
1.7145747364e+08 nan nan
