   1.874790714581E+08   3.090870E+02   4.129672E+00   7.014696E-01   3.369655E-01   7.026216E-02
   1.874791714581E+08   3.130023E+02   4.163725E+00   7.014859E-01   4.981112E-01   8.542537E-02
   1.874792714581E+08   3.130418E+02   4.671780E+00   5.562772E-01   4.249159E-01   8.860109E-02
   1.874793714581E+08   3.093148E+02   4.660479E+00   5.524335E-01   4.278724E-01   8.921756E-02
   1.874794714581E+08   3.137539E+02   4.170448E+00   7.013890E-01   5.274848E-01   8.791413E-02
   1.874795714581E+08   3.128663E+02   4.680744E+00   5.546164E-01   4.817781E-01   9.448446E-02
   1.874796714581E+08   3.159856E+02   4.713346E+00   5.536186E-01   5.754631E-01   1.033562E-01
   1.874797714581E+08   3.130409E+02   4.303776E+00   6.554484E-01   4.233423E-01   8.147226E-02
   1.874798714581E+08   3.137080E+02   4.496791E+00   6.014590E-01   4.100829E-01   8.370782E-02
   1.874799714581E+08   3.166998E+02   4.693925E+00   5.564095E-01   3.509340E-01   8.050979E-02
   1.874800714581E+08   3.132037E+02   4.620650E+00   5.700644E-01   5.047781E-01   9.539410E-02
   1.874801714581E+08   3.120386E+02   4.194643E+00   6.864708E-01   3.443279E-01   7.179732E-02
   1.874802714581E+08   3.138276E+02   4.686741E+00   5.548742E-01   4.815542E-01   9.444055E-02
   1.874803714581E+08   3.140619E+02   4.309782E+00   6.567257E-01   4.851143E-01   8.712910E-02
   1.874804714581E+08   3.139428E+02   4.501015E+00   6.002825E-01   3.766461E-01   8.030121E-02
   1.874805714581E+08   3.142332E+02   4.676201E+00   5.550536E-01   2.592146E-01   6.927802E-02
   1.874806714581E+08   3.145823E+02   4.414769E+00   6.264917E-01   4.593134E-01   8.680207E-02
   1.874807714581E+08   3.101189E+02   4.366422E+00   6.286159E-01   2.779265E-01   6.740708E-02
   1.874808714581E+08   3.097050E+02   4.647258E+00   5.552210E-01   3.516853E-01   8.068214E-02
   1.874809714581E+08   3.052747E+02   4.346597E+00   6.268677E-01   4.262495E-01   8.359440E-02
   1.874810714581E+08   3.053604E+02   4.334128E+00   6.298444E-01   3.752848E-01   7.825229E-02
   1.874811714581E+08   3.171497E+02   4.705286E+00   5.547698E-01   3.704961E-01   8.284545E-02
   1.874812714581E+08   3.130833E+02   4.202207E+00   6.860225E-01   3.295723E-01   7.026506E-02
   1.874813714581E+08   3.087672E+02   4.562805E+00   5.738151E-01   3.223791E-01   7.598549E-02
   1.874814714581E+08   3.161081E+02   4.695595E+00   5.557411E-01   4.068334E-01   8.673717E-02
   1.874815714581E+08   3.086329E+02   4.134205E+00   7.014724E-01   4.834703E-01   8.416137E-02
   1.874816714581E+08   3.063630E+02   4.614726E+00   5.565243E-01   3.139288E-01   7.613893E-02
   1.874817714581E+08   3.039030E+02   4.533655E+00   5.718898E-01   3.054942E-01   7.409322E-02
   1.874818714581E+08   3.100464E+02   4.194304E+00   6.842939E-01   4.655705E-01   8.361892E-02
   1.874819714581E+08   3.112869E+02   4.652328E+00   5.578106E-01   4.237478E-01   8.835753E-02
   1.874820714581E+08   3.106218E+02   4.468050E+00   6.022593E-01   3.412816E-01   7.631289E-02
   1.874821714581E+08   3.096214E+02   4.277837E+00   6.562417E-01   4.228306E-01   8.137377E-02
   1.874822714581E+08   3.012554E+02   4.597664E+00   5.558355E-01   6.286356E-01   1.078101E-01
   1.874823714581E+08   3.101612E+02   4.142362E+00   7.013671E-01   4.395844E-01   8.025676E-02
   1.874824714581E+08   3.113094E+02   4.663019E+00   5.548183E-01   3.889869E-01   8.488390E-02
   1.874825714581E+08   3.071802E+02   4.643291E+00   5.542526E-01   5.377206E-01   9.985220E-02
   1.874826714581E+08   3.054716E+02   4.111008E+00   7.014555E-01   4.395290E-01   8.024665E-02
   1.874827714581E+08   3.015152E+02   4.575120E+00   5.578280E-01   3.500416E-01   8.030505E-02
   1.874828714581E+08   3.017804E+02   4.316687E+00   6.294069E-01   4.898422E-01   8.943254E-02
   1.874829714581E+08   2.896260E+02   4.216918E+00   6.302860E-01   3.098007E-01   7.107315E-02
   1.874830714581E+08   2.971107E+02   4.555236E+00   5.548558E-01   3.704386E-01   8.283260E-02
   1.874831714581E+08   3.017773E+02   4.086156E+00   7.015216E-01   4.394875E-01   8.023908E-02
   1.874832714581E+08   2.932870E+02   4.527823E+00   5.563065E-01   4.987880E-01   9.599180E-02
   1.874833714581E+08   2.987635E+02   4.069783E+00   7.015153E-01   5.127401E-01   8.666890E-02
   1.874834714581E+08   3.114579E+02   4.654812E+00   5.570182E-01   3.874506E-01   8.454865E-02
   1.874835714581E+08   2.997515E+02   4.574015E+00   5.572371E-01   5.163978E-01   9.759001E-02
   1.874836714581E+08   3.128114E+02   4.155818E+00   7.014539E-01   3.662750E-01   7.325500E-02
   1.874837714581E+08   2.987164E+02   4.566138E+00   5.567340E-01   4.799456E-01   9.412508E-02
   1.874838714581E+08   3.073318E+02   4.117230E+00   7.014833E-01   3.223085E-01   6.871641E-02
   1.874839714581E+08   3.013692E+02   4.609920E+00   5.510693E-01   4.848792E-01   9.509263E-02
   1.874840714581E+08   3.062139E+02   4.547584E+00   5.737013E-01   3.761836E-01   8.208999E-02
   1.874841714581E+08   2.991298E+02   4.113518E+00   6.840269E-01   3.155096E-01   6.884983E-02
   1.874842714581E+08   3.074341E+02   4.619782E+00   5.567145E-01   2.769014E-01   7.149563E-02
   1.874843714581E+08   3.006313E+02   4.077721E+00   7.015187E-01   4.248397E-01   7.889076E-02
   1.874844714581E+08   2.980469E+02   4.548789E+00   5.581349E-01   3.682623E-01   8.234595E-02
   1.874845714581E+08   3.011457E+02   4.078623E+00   7.016054E-01   3.808437E-01   7.468960E-02
   1.874846714581E+08   3.015241E+02   4.581995E+00   5.554036E-01   2.960586E-01   7.401465E-02
   1.874847714581E+08   2.993907E+02   4.064071E+00   7.015021E-01   3.222998E-01   6.871455E-02
   1.874848714581E+08   3.047994E+02   4.611360E+00   5.563328E-01   4.433462E-01   9.049767E-02
   1.874849714581E+08   3.040332E+02   4.340430E+00   6.266435E-01   4.592022E-01   8.678105E-02
   1.874850714581E+08   3.002974E+02   4.309604E+00   6.284254E-01   4.906072E-01   8.957221E-02
   1.874851714581E+08   2.973318E+02   4.557631E+00   5.552105E-01   4.072222E-01   8.682007E-02
   1.874852714581E+08   3.062327E+02   4.112964E+00   7.014804E-01   3.809116E-01   7.470290E-02
   1.874853714581E+08   3.036658E+02   4.614478E+00   5.548534E-01   5.371383E-01   9.974409E-02
   1.874854714581E+08   2.985457E+02   4.211925E+00   6.551057E-01   5.490642E-01   9.280878E-02
   1.874855714581E+08   2.994035E+02   4.407636E+00   6.004205E-01   5.819555E-01   9.980454E-02
   1.874856714581E+08   3.039095E+02   4.619187E+00   5.536577E-01   5.011743E-01   9.645105E-02
   1.874857714581E+08   2.889467E+02   4.004262E+00   7.014372E-01   5.274485E-01   8.790809E-02
   1.874858714581E+08   2.933514E+02   4.518854E+00   5.564750E-01   3.508927E-01   8.050030E-02
   1.874859714581E+08   3.011894E+02   4.081914E+00   7.013655E-01   4.249325E-01   7.890800E-02
   1.874860714581E+08   3.013685E+02   4.600410E+00   5.548699E-01   5.926868E-01   1.047732E-01
   1.874861714581E+08   2.940324E+02   4.088018E+00   6.838372E-01   4.809099E-01   8.501366E-02
   1.874862714581E+08   2.990697E+02   4.526226E+00   5.723029E-01   8.260348E-01   1.217922E-01
   1.874863714581E+08   3.054793E+02   4.637624E+00   5.576459E-01   9.030338E-01   1.290048E-01
   1.874864714581E+08           NULL           NULL   0.000000E+00           NULL           NULL
   1.874865714581E+08           NULL           NULL   0.000000E+00           NULL           NULL
   1.874866714581E+08           NULL           NULL   0.000000E+00           NULL           NULL
   1.874867714581E+08   3.017793E+02   4.631921E+00   5.542843E-01   1.038298E+00   1.387483E-01
   1.874868714581E+08   2.941267E+02   4.572940E+00   5.571871E-01   1.217333E+00   1.498433E-01
   1.874869714581E+08           NULL           NULL   0.000000E+00           NULL           NULL
   1.874870714581E+08   3.015973E+02   4.619320E+00   5.556546E-01   9.432606E-01   1.320829E-01
   1.874871714581E+08   3.039306E+02   4.627981E+00   5.569553E-01   8.857013E-01   1.278400E-01
   1.874872714581E+08   2.983733E+02   4.076410E+00   7.012360E-01   6.741554E-01   9.939879E-02
   1.874873714581E+08   2.907081E+02   4.501773E+00   5.562468E-01   3.879879E-01   8.466589E-02
   1.874874714581E+08   2.999000E+02   4.073051E+00   7.014375E-01   4.248889E-01   7.889989E-02
   1.874875714581E+08   2.971124E+02   4.546189E+00   5.570486E-01   3.689804E-01   8.250654E-02
   1.874876714581E+08   2.974961E+02   4.062349E+00   7.014043E-01   5.274733E-01   8.791222E-02
   1.874877714581E+08   3.033932E+02   4.614684E+00   5.550885E-01   5.924534E-01   1.047320E-01
   1.874878714581E+08   2.978289E+02   4.396670E+00   5.984654E-01   4.636509E-01   8.922965E-02
   1.874879714581E+08   3.008823E+02   4.213389E+00   6.578239E-01   4.374363E-01   8.266769E-02
   1.874880714581E+08   3.020375E+02   4.595980E+00   5.553173E-01   4.626634E-01   9.253269E-02
   1.874881714581E+08   3.046613E+02   4.113772E+00   7.015190E-01   6.006353E-01   9.380347E-02
   1.874882714581E+08   2.925740E+02   4.515572E+00   5.566310E-01   4.061830E-01   8.659850E-02
   1.874883714581E+08   3.111140E+02   4.146146E+00   7.014499E-01   3.955792E-01   7.612927E-02
   1.874884714581E+08   3.005435E+02   4.589365E+00   5.555063E-01   5.550073E-01   1.013300E-01
   1.874885714581E+08   3.023268E+02   4.152607E+00   6.804468E-01   4.379961E-01   8.133383E-02
   1.874886714581E+08   3.008438E+02   4.512877E+00   5.727124E-01   3.947776E-01   8.416687E-02
   1.874887714581E+08   2.950950E+02   4.471964E+00   5.708819E-01   3.060336E-01   7.422404E-02
   1.874888714581E+08   3.017785E+02   4.138954E+00   6.849722E-01   5.101200E-01   8.748487E-02
   1.874889714581E+08   3.084569E+02   4.651945E+00   5.542015E-01   5.192264E-01   9.812456E-02
   1.874890714581E+08   3.022477E+02   4.090699E+00   7.015657E-01   4.687573E-01   8.286536E-02
   1.874891714581E+08   2.990550E+02   4.566872E+00   5.558649E-01   3.882545E-01   8.472408E-02
   1.874892714581E+08   2.997158E+02   4.067792E+00   7.015023E-01   3.515998E-01   7.177000E-02
   1.874893714581E+08   3.077728E+02   4.638927E+00   5.555651E-01   4.809555E-01   9.432312E-02
   1.874894714581E+08   3.013857E+02   4.505576E+00   5.776392E-01   5.337415E-01   9.744743E-02
   1.874895714581E+08   3.003849E+02   4.216383E+00   6.560986E-01   4.542504E-01   8.435218E-02
   1.874896714581E+08   2.970713E+02   4.571680E+00   5.537274E-01   5.753500E-01   1.033359E-01
   1.874897714581E+08   3.026336E+02   4.140524E+00   6.858338E-01   4.795099E-01   8.476616E-02
   1.874898714581E+08   3.016690E+02   4.519667E+00   5.725451E-01   3.948930E-01   8.419146E-02
   1.874899714581E+08   3.038089E+02   4.613428E+00   5.551009E-01   5.183851E-01   9.796558E-02
   1.874900714581E+08   3.071048E+02   4.123341E+00   7.014672E-01   4.688231E-01   8.287700E-02
   1.874901714581E+08   2.972556E+02   4.565790E+00   5.546858E-01   5.187731E-01   9.803890E-02
   1.874902714581E+08   3.011177E+02   4.414184E+00   6.012191E-01   5.299017E-01   9.517316E-02
   1.874903714581E+08   3.070357E+02   4.257114E+00   6.566502E-01   3.912662E-01   7.825323E-02
   1.874904714581E+08   3.177230E+02   4.702973E+00   5.565436E-01   3.877810E-01   8.462075E-02
   1.874905714581E+08   3.132338E+02   4.159255E+00   7.014847E-01   3.809093E-01   7.470245E-02
   1.874906714581E+08   3.066707E+02   4.629682E+00   5.558096E-01   4.807438E-01   9.428161E-02
   1.874907714581E+08   3.072283E+02   4.621030E+00   5.570736E-01   3.505157E-01   8.041381E-02
   1.874908714581E+08   3.026931E+02   4.087148E+00   7.014525E-01   3.369737E-01   7.026387E-02
   1.874909714581E+08   3.077994E+02   4.637842E+00   5.566288E-01   5.354251E-01   9.942595E-02
   1.874910714581E+08   2.995286E+02   4.505045E+00   5.740490E-01   5.191770E-01   9.640875E-02
   1.874911714581E+08   3.091396E+02   4.189826E+00   6.850424E-01   5.400717E-01   9.001195E-02
   1.874912714581E+08   3.068689E+02   4.626178E+00   5.557181E-01   3.883570E-01   8.474646E-02
   1.874913714581E+08   3.082182E+02   4.131245E+00   7.015446E-01   4.834205E-01   8.415271E-02
   1.874914714581E+08   3.105144E+02   4.653830E+00   5.563521E-01   4.433308E-01   9.049453E-02
   1.874915714581E+08   3.099305E+02   4.656000E+00   5.543114E-01   4.078827E-01   8.696088E-02
   1.874916714581E+08   3.056840E+02   4.101603E+00   7.015190E-01   2.343943E-01   5.859857E-02
   1.874917714581E+08   3.065302E+02   4.628282E+00   5.535915E-01   3.155919E-01   7.654228E-02
   1.874918714581E+08   3.007366E+02   4.600209E+00   5.519769E-01   4.654634E-01   9.309268E-02
   1.874919714581E+08   3.144515E+02   4.176075E+00   7.015349E-01   5.566737E-01   9.030440E-02
   1.874920714581E+08   3.127172E+02   4.679526E+00   5.543934E-01   4.634345E-01   9.268690E-02
   1.874921714581E+08   3.144160E+02   4.672925E+00   5.573994E-01   3.503108E-01   8.036681E-02
   1.874922714581E+08   3.051007E+02   4.115543E+00   7.013962E-01   5.714360E-01   9.150299E-02
   1.874923714581E+08   3.118080E+02   4.667907E+00   5.547892E-01   4.075314E-01   8.688599E-02
   1.874924714581E+08   3.104315E+02   4.686665E+00   5.507830E-01   6.157435E-01   1.071872E-01
   1.874925714581E+08   3.090334E+02   4.141185E+00   7.015362E-01   5.713220E-01   9.148474E-02
   1.874926714581E+08   3.172887E+02   4.714245E+00   5.539084E-01   4.452867E-01   9.089376E-02
   1.874927714581E+08   3.149691E+02   4.678084E+00   5.573921E-01   3.687530E-01   8.245569E-02
   1.874928714581E+08   3.155782E+02   4.173076E+00   7.015097E-01   3.515960E-01   7.176924E-02
   1.874929714581E+08   3.133670E+02   4.673094E+00   5.572819E-01   4.794737E-01   9.403253E-02
   1.874930714581E+08   3.101390E+02   4.657628E+00   5.547980E-01   4.445727E-01   9.074801E-02
   1.874931714581E+08   3.070094E+02   4.117062E+00   7.015843E-01   3.662069E-01   7.324138E-02
   1.874932714581E+08   3.083606E+02   4.634918E+00   5.557747E-01   3.513349E-01   8.060174E-02
   1.874933714581E+08   3.072397E+02   4.662271E+00   5.494054E-01   5.050533E-01   9.719756E-02
   1.874934714581E+08   3.104760E+02   4.680165E+00   5.560916E-01   8.870770E-01   1.280385E-01
   1.874935714581E+08   3.164496E+02   4.190784E+00   7.007470E-01   5.426339E-01   8.920846E-02
   1.874936714581E+08   3.120746E+02   4.680559E+00   5.542881E-01   5.562271E-01   1.015527E-01
   1.874937714581E+08   3.146546E+02   4.697906E+00   5.526975E-01   4.090737E-01   8.721481E-02
   1.874938714581E+08           NULL           NULL   0.000000E+00           NULL           NULL
   1.874939714581E+08           NULL           NULL   0.000000E+00           NULL           NULL
   1.874940714581E+08           NULL           NULL   0.000000E+00           NULL           NULL
   1.874941714581E+08   3.118230E+02   4.681107E+00   5.507147E-01   3.359017E-01   7.917280E-02
   1.874942714581E+08   3.157955E+02   4.531524E+00   5.974663E-01   4.988281E-01   9.263006E-02
   1.874943714581E+08   3.140516E+02   4.311721E+00   6.566181E-01   5.164966E-01   8.991051E-02
   1.874944714581E+08   3.137858E+02   4.696446E+00   5.560014E-01   7.393507E-01   1.169016E-01
   1.874945714581E+08   3.097102E+02   4.725481E+00   5.548406E-01   1.685542E+00   1.766928E-01
   1.874946714581E+08   3.189631E+02   4.755314E+00   5.509507E-01   7.274753E-01   1.164893E-01
   1.874947714581E+08           NULL           NULL   0.000000E+00           NULL           NULL
   1.874948714581E+08           NULL           NULL   0.000000E+00           NULL           NULL
   1.874949714581E+08           NULL           NULL   0.000000E+00           NULL           NULL
   1.874950714581E+08           NULL           NULL   0.000000E+00           NULL           NULL
   1.874951714581E+08   3.180006E+02   4.770380E+00   5.543116E-01   1.371969E+00   1.594881E-01
   1.874952714581E+08           NULL           NULL   0.000000E+00           NULL           NULL
   1.874953714581E+08           NULL           NULL   0.000000E+00           NULL           NULL
   1.874954714581E+08           NULL           NULL   0.000000E+00           NULL           NULL
   1.874955714581E+08           NULL           NULL   0.000000E+00           NULL           NULL
   1.874956714581E+08           NULL           NULL   0.000000E+00           NULL           NULL
   1.874957714581E+08           NULL           NULL   0.000000E+00           NULL           NULL
   1.874958714581E+08           NULL           NULL   0.000000E+00           NULL           NULL
   1.874959714581E+08           NULL           NULL   0.000000E+00           NULL           NULL
   1.874960714581E+08           NULL           NULL   0.000000E+00           NULL           NULL
   1.874961714581E+08           NULL           NULL   0.000000E+00           NULL           NULL
   1.874962714581E+08           NULL           NULL   0.000000E+00           NULL           NULL
   1.874963714581E+08           NULL           NULL   0.000000E+00           NULL           NULL
   1.874964714581E+08   3.088035E+02   4.654429E+00   5.534656E-01   4.642114E-01   9.284228E-02
   1.874965714581E+08   3.110880E+02   4.155700E+00   7.014642E-01   5.860314E-01   9.265970E-02
   1.874966714581E+08   3.125325E+02   4.694429E+00   5.530906E-01   6.503366E-01   1.099270E-01
   1.874967714581E+08   3.136862E+02   4.688815E+00   5.541455E-01   4.821875E-01   9.456475E-02
   1.874968714581E+08   3.189471E+02   4.253308E+00   6.845672E-01   4.803970E-01   8.492300E-02
   1.874969714581E+08   3.192250E+02   4.663123E+00   5.710837E-01   5.578641E-01   1.001953E-01
   1.874970714581E+08   3.193956E+02   4.760894E+00   5.532889E-01   9.472936E-01   1.326476E-01
   1.874971714581E+08   3.290471E+02   4.807992E+00   5.577143E-01   8.844960E-01   1.276660E-01
   1.874972714581E+08   3.133204E+02   4.531501E+00   5.971064E-01   7.917216E-01   1.167330E-01
   1.874973714581E+08   3.075698E+02   4.268062E+00   6.569726E-01   5.475038E-01   9.254503E-02
   1.874974714581E+08   3.209633E+02   4.737901E+00   5.573356E-01   6.453833E-01   1.090897E-01
   1.874975714581E+08   3.122841E+02   4.696209E+00   5.549678E-01   8.518370E-01   1.255965E-01
   1.874976714581E+08   3.190163E+02   4.557976E+00   6.004037E-01   7.702568E-01   1.148231E-01
   1.874977714581E+08   3.134586E+02   4.310625E+00   6.572278E-01   6.098388E-01   9.765237E-02
   1.874978714581E+08   3.121475E+02   4.687356E+00   5.587491E-01   9.932151E-01   1.351595E-01
   1.874979714581E+08   3.160302E+02   4.703530E+00   5.557297E-01   5.547841E-01   1.012892E-01
   1.874980714581E+08   3.141763E+02   4.516170E+00   5.982280E-01   4.810140E-01   9.090309E-02
   1.874981714581E+08   3.181596E+02   4.357428E+00   6.563933E-01   8.454658E-01   1.150533E-01
   1.874982714581E+08   3.238250E+02   4.788735E+00   5.533189E-01   8.729487E-01   1.273327E-01
   1.874983714581E+08   3.093611E+02   4.679911E+00   5.554733E-01   9.805711E-01   1.346918E-01
   1.874984714581E+08   3.101681E+02   4.658780E+00   5.560867E-01   5.544280E-01   1.012243E-01
   1.874985714581E+08   3.179370E+02   4.445666E+00   6.289918E-01   7.679259E-01   1.120135E-01
   1.874986714581E+08   3.137306E+02   4.423389E+00   6.285971E-01   8.665027E-01   1.190233E-01
   1.874987714581E+08   3.222943E+02   4.783453E+00   5.534264E-01   9.841979E-01   1.351900E-01
   1.874988714581E+08   3.097570E+02   4.688058E+00   5.547563E-01   1.018889E+00   1.373869E-01
   1.874989714581E+08   3.092108E+02   4.672794E+00   5.558810E-01   9.059008E-01   1.294144E-01
   1.874990714581E+08   3.174568E+02   4.666716E+00   5.746443E-01   1.108815E+00   1.408196E-01
   1.874991714581E+08           NULL           NULL   0.000000E+00           NULL           NULL
   1.874992714581E+08           NULL           NULL   0.000000E+00           NULL           NULL
   1.874993714581E+08           NULL           NULL   0.000000E+00           NULL           NULL
   1.874994714581E+08           NULL           NULL   0.000000E+00           NULL           NULL
   1.874995714581E+08           NULL           NULL   0.000000E+00           NULL           NULL
   1.874996714581E+08           NULL           NULL   0.000000E+00           NULL           NULL
   1.874997714581E+08           NULL           NULL   0.000000E+00           NULL           NULL
   1.874998714581E+08           NULL           NULL   0.000000E+00           NULL           NULL
   1.874999714581E+08           NULL           NULL   0.000000E+00           NULL           NULL
   1.875000714581E+08           NULL           NULL   0.000000E+00           NULL           NULL
   1.875001714581E+08           NULL           NULL   0.000000E+00           NULL           NULL
   1.875002714581E+08           NULL           NULL   0.000000E+00           NULL           NULL
   1.875003714581E+08           NULL           NULL   0.000000E+00           NULL           NULL
   1.875004714581E+08           NULL           NULL   0.000000E+00           NULL           NULL
   1.875005714581E+08           NULL           NULL   0.000000E+00           NULL           NULL
   1.875006714581E+08           NULL           NULL   0.000000E+00           NULL           NULL
   1.875007714581E+08           NULL           NULL   0.000000E+00           NULL           NULL
   1.875008714581E+08           NULL           NULL   0.000000E+00           NULL           NULL
   1.875009714581E+08           NULL           NULL   0.000000E+00           NULL           NULL
   1.875010714581E+08           NULL           NULL   0.000000E+00           NULL           NULL
   1.875011714581E+08           NULL           NULL   0.000000E+00           NULL           NULL
   1.875012714581E+08           NULL           NULL   0.000000E+00           NULL           NULL
   1.875013714581E+08           NULL           NULL   0.000000E+00           NULL           NULL
   1.875014714581E+08           NULL           NULL   0.000000E+00           NULL           NULL
   1.875015714581E+08   3.218423E+02   4.740780E+00   5.557271E-01   4.623223E-01   9.246446E-02
   1.875016714581E+08   3.180225E+02   4.702142E+00   5.565122E-01   3.324025E-01   7.834802E-02
   1.875017714581E+08   3.159930E+02   4.687169E+00   5.575224E-01   4.055336E-01   8.646004E-02
   1.875018714581E+08   3.205691E+02   4.214757E+00   7.014427E-01   5.274445E-01   8.790741E-02
   1.875019714581E+08   3.144402E+02   4.705964E+00   5.521965E-01   5.397228E-01   1.002240E-01
   1.875020714581E+08   3.218445E+02   4.736085E+00   5.560910E-01   4.065774E-01   8.668259E-02
   1.875021714581E+08   3.234103E+02   4.751589E+00   5.563490E-01   4.987500E-01   9.598447E-02
   1.875022714581E+08   3.208266E+02   4.354980E+00   6.575823E-01   5.313677E-01   9.112882E-02
   1.875023714581E+08           NULL           NULL   0.000000E+00           NULL           NULL
   1.875024714581E+08           NULL           NULL   0.000000E+00           NULL           NULL
   1.875025714581E+08           NULL           NULL   0.000000E+00           NULL           NULL
   1.875026714581E+08           NULL           NULL   0.000000E+00           NULL           NULL
   1.875027714581E+08   3.265891E+02   4.819204E+00   5.539993E-01   1.113034E+00   1.436921E-01
   1.875028714581E+08   3.228176E+02   4.711992E+00   5.706034E-01   9.365596E-01   1.298774E-01
   1.875029714581E+08   3.194496E+02   4.756925E+00   5.538027E-01   9.093004E-01   1.299001E-01
   1.875030714581E+08   3.256924E+02   4.779930E+00   5.533965E-01   4.828401E-01   9.469274E-02
   1.875031714581E+08   3.352875E+02   4.844086E+00   5.540491E-01   4.451736E-01   9.087069E-02
   1.875032714581E+08   3.277883E+02   4.724448E+00   5.696486E-01   4.510238E-01   9.020475E-02
   1.875033714581E+08   3.235883E+02   4.290194E+00   6.835119E-01   5.412810E-01   9.021351E-02
   1.875034714581E+08   3.340909E+02   4.855537E+00   5.516396E-01   6.147874E-01   1.070208E-01
   1.875035714581E+08   3.349988E+02   4.832209E+00   5.553412E-01   3.701148E-01   8.276019E-02
   1.875036714581E+08   3.244826E+02   4.770400E+00   5.535675E-01   4.826910E-01   9.466349E-02
   1.875037714581E+08   3.305999E+02   4.814002E+00   5.520536E-01   3.537030E-01   8.114503E-02
   1.875038714581E+08   3.210871E+02   4.392177E+00   6.466565E-01   5.085606E-01   8.990166E-02
   1.875039714581E+08   3.249895E+02   5.217731E+00   4.620420E-01   3.558811E-01   8.897027E-02
   1.875040714581E+08   3.315195E+02   5.028574E+00   5.072321E-01   3.444360E-01   8.353801E-02
   1.875041714581E+08   3.301840E+02   5.275195E+00   4.585023E-01   2.913857E-01   8.081586E-02
   1.875042714581E+08   3.204944E+02   5.264860E+00   4.511125E-01   6.834438E-01   1.247792E-01
   1.875043714581E+08   3.301643E+02   4.919649E+00   5.290558E-01   4.467790E-01   9.315986E-02
   1.875044714581E+08   3.245499E+02   5.193848E+00   4.687744E-01   6.357707E-01   1.180597E-01
   1.875045714581E+08   3.266251E+02   5.737850E+00   3.851088E-01   4.803474E-01   1.132190E-01
   1.875046714581E+08   3.366136E+02   5.640670E+00   4.107296E-01   5.004267E-01   1.118988E-01
   1.875047714581E+08   3.230717E+02   4.755726E+00   5.538565E-01   4.267731E-01   8.898833E-02
   1.875048714581E+08   3.334960E+02   4.538995E+00   6.283557E-01   4.906616E-01   8.958215E-02
   1.875049714581E+08   3.273234E+02   4.497072E+00   6.269754E-01   3.933935E-01   8.030111E-02
   1.875050714581E+08   3.248312E+02   4.784997E+00   5.520118E-01   5.771381E-01   1.036571E-01
   1.875051714581E+08   3.251552E+02   4.759508E+00   5.555140E-01   3.514997E-01   8.063956E-02
   1.875052714581E+08   3.270175E+02   4.779243E+00   5.550369E-01   4.258654E-01   8.879908E-02
   1.875053714581E+08   3.310216E+02   4.747408E+00   5.694209E-01   4.331559E-01   8.841758E-02
   1.875054714581E+08   3.375706E+02   5.664221E+00   4.103357E-01   7.012697E-01   1.325275E-01
   1.875055714581E+08   3.259121E+02   4.793867E+00   5.496216E-01   4.113631E-01   8.770290E-02
   1.875056714581E+08   3.308784E+02   4.820514E+00   5.538700E-01   5.752018E-01   1.033093E-01
   1.875057714581E+08   3.267590E+02   4.767398E+00   5.578185E-01   4.605890E-01   9.211779E-02
   1.875058714581E+08   3.290650E+02   4.791837E+00   5.557787E-01   4.437882E-01   9.058788E-02
   1.875059714581E+08   3.317615E+02   4.811792E+00   5.558856E-01   4.621905E-01   9.243811E-02
   1.875060714581E+08   3.352180E+02   4.351655E+00   6.843471E-01   3.153619E-01   6.881762E-02
   1.875061714581E+08   3.310287E+02   4.750744E+00   5.709996E-01   6.119409E-01   1.049470E-01
   1.875062714581E+08   3.199358E+02   4.773243E+00   5.549439E-01   1.222253E+00   1.504490E-01
   1.875063714581E+08           NULL           NULL   0.000000E+00           NULL           NULL
   1.875064714581E+08   3.223918E+02   4.754794E+00   5.553489E-01   6.106811E-01   1.063059E-01
   1.875065714581E+08   3.275990E+02   4.805421E+00   5.514548E-01   5.404487E-01   1.003588E-01
   1.875066714581E+08           NULL           NULL   0.000000E+00           NULL           NULL
   1.875067714581E+08           NULL           NULL   0.000000E+00           NULL           NULL
   1.875068714581E+08           NULL           NULL   0.000000E+00           NULL           NULL
   1.875069714581E+08           NULL           NULL   0.000000E+00           NULL           NULL
   1.875070714581E+08           NULL           NULL   0.000000E+00           NULL           NULL
   1.875071714581E+08           NULL           NULL   0.000000E+00           NULL           NULL
   1.875072714581E+08           NULL           NULL   0.000000E+00           NULL           NULL
   1.875073714581E+08           NULL           NULL   0.000000E+00           NULL           NULL
   1.875074714581E+08           NULL           NULL   0.000000E+00           NULL           NULL
   1.875075714581E+08           NULL           NULL   0.000000E+00           NULL           NULL
   1.875076714581E+08           NULL           NULL   0.000000E+00           NULL           NULL
   1.875077714581E+08           NULL           NULL   0.000000E+00           NULL           NULL
   1.875078714581E+08   3.202790E+02   4.563281E+00   5.991450E-01   6.175000E-01   1.029167E-01
   1.875079714581E+08   3.149915E+02   4.708008E+00   5.536532E-01   6.125515E-01   1.066315E-01
   1.875080714581E+08   3.178032E+02   4.790545E+00   5.508922E-01   1.492415E+00   1.668571E-01
   1.875081714581E+08           NULL           NULL   0.000000E+00           NULL           NULL
   1.875082714581E+08           NULL           NULL   0.000000E+00           NULL           NULL
   1.875083714581E+08           NULL           NULL   0.000000E+00           NULL           NULL
   1.875084714581E+08           NULL           NULL   0.000000E+00           NULL           NULL
   1.875085714581E+08           NULL           NULL   0.000000E+00           NULL           NULL
   1.875086714581E+08           NULL           NULL   0.000000E+00           NULL           NULL
   1.875087714581E+08           NULL           NULL   0.000000E+00           NULL           NULL
   1.875088714581E+08           NULL           NULL   0.000000E+00           NULL           NULL
   1.875089714581E+08           NULL           NULL   0.000000E+00           NULL           NULL
   1.875090714581E+08           NULL           NULL   0.000000E+00           NULL           NULL
