   2.627308481581E+08   1.218043E+02   1.199242E+00   9.642918E-01
   2.627309481581E+08   1.186289E+02   1.173509E+00   9.807934E-01
   2.627310481581E+08   1.203475E+02   1.182038E+00   9.806949E-01
   2.627311481581E+08   1.213496E+02   1.186967E+00   9.806652E-01
   2.627312481581E+08   1.195019E+02   1.176346E+00   9.832510E-01
   2.627313481581E+08   1.163860E+02   1.161771E+00   9.817923E-01
   2.627314481581E+08   1.188577E+02   1.175485E+00   9.793842E-01
   2.627315481581E+08   1.193667E+02   1.176497E+00   9.818853E-01
   2.627316481581E+08   1.198393E+02   1.179610E+00   9.805776E-01
   2.627317481581E+08   1.175768E+02   1.169933E+00   9.780461E-01
   2.627318481581E+08   1.213619E+02   1.185784E+00   9.827231E-01
   2.627319481581E+08   1.173296E+02   1.166492E+00   9.817566E-01
   2.627320481581E+08   1.186311E+02   1.172383E+00   9.826951E-01
   2.627321481581E+08   1.173617E+02   1.168082E+00   9.793536E-01
   2.627322481581E+08   1.213195E+02   1.186502E+00   9.811901E-01
   2.627323481581E+08   1.182373E+02   1.172161E+00   9.798049E-01
   2.627324481581E+08   1.199958E+02   1.180121E+00   9.810075E-01
   2.627325481581E+08   1.175280E+02   1.168348E+00   9.802933E-01
   2.627326481581E+08   1.183472E+02   1.174117E+00   9.774516E-01
   2.627327481581E+08   1.158406E+02   1.159392E+00   9.812050E-01
   2.627328481581E+08   1.178991E+02   1.276844E+00   8.233687E-01
   2.627329481581E+08   1.181959E+02   1.171520E+00   9.805337E-01
   2.627330481581E+08   1.182566E+02   1.171030E+00   9.818592E-01
   2.627331481581E+08   1.189159E+02   1.173881E+00   9.825432E-01
   2.627332481581E+08   1.163911E+02   1.161705E+00   9.819452E-01
   2.627333481581E+08   1.180156E+02   1.169331E+00   9.827066E-01
   2.627334481581E+08   1.170031E+02   1.164916E+00   9.816743E-01
   2.627335481581E+08   1.172706E+02   1.166367E+00   9.814734E-01
   2.627336481581E+08   1.159800E+02   1.160148E+00   9.811060E-01
   2.627337481581E+08   1.192270E+02   1.175806E+00   9.818898E-01
   2.627338481581E+08   1.192314E+02   1.175793E+00   9.819488E-01
   2.627339481581E+08   1.184523E+02   1.173486E+00   9.793718E-01
   2.627340481581E+08   1.203083E+02   1.180912E+00   9.822447E-01
   2.627341481581E+08   1.196504E+02   1.180154E+00   9.781298E-01
   2.627342481581E+08   1.157140E+02   1.157777E+00   9.828693E-01
   2.627343481581E+08   1.163440E+02   1.162336E+00   9.804829E-01
   2.627344481581E+08   1.188997E+02   1.174179E+00   9.819110E-01
   2.627345481581E+08   1.155019E+02   1.158208E+00   9.803370E-01
   2.627346481581E+08   1.155874E+02   1.158077E+00   9.812858E-01
   2.627347481581E+08   1.170620E+02   1.164810E+00   9.823475E-01
   2.627348481581E+08   1.177307E+02   1.168115E+00   9.823768E-01
   2.627349481581E+08   1.161238E+02   1.160484E+00   9.817535E-01
   2.627350481581E+08           NULL           NULL   0.000000E+00
   2.627351481581E+08   1.186489E+02   1.181068E+00   9.684412E-01
   2.627352481581E+08   1.166097E+02   1.163714E+00   9.803971E-01
   2.627353481581E+08   1.176917E+02   1.168418E+00   9.815415E-01
   2.627354481581E+08   1.199274E+02   1.181221E+00   9.786236E-01
   2.627355481581E+08   1.173512E+02   1.166591E+00   9.817699E-01
   2.627356481581E+08           NULL           NULL   0.000000E+00
   2.627357481581E+08   1.160505E+02   1.160447E+00   9.811963E-01
   2.627358481581E+08   1.170901E+02   1.166014E+00   9.805557E-01
   2.627359481581E+08   1.192597E+02   1.176701E+00   9.806660E-01
   2.627360481581E+08   1.159781E+02   1.160246E+00   9.809252E-01
   2.627361481581E+08   1.161994E+02   1.161646E+00   9.804288E-01
   2.627362481581E+08   1.188579E+02   1.310012E+00   7.885639E-01
   2.627363481581E+08   1.147595E+02   1.153959E+00   9.812224E-01
   2.627364481581E+08   1.179732E+02   1.190555E+00   9.476407E-01
   2.627365481581E+08   1.159916E+02   1.159337E+00   9.825782E-01
   2.627366481581E+08   1.142784E+02   1.151218E+00   9.817666E-01
   2.627367481581E+08   1.145997E+02   1.152936E+00   9.815964E-01
   2.627368481581E+08   1.142674E+02   1.151284E+00   9.815615E-01
   2.627369481581E+08   1.165952E+02   1.205347E+00   9.137255E-01
   2.627370481581E+08   1.175279E+02   1.168521E+00   9.800035E-01
   2.627371481581E+08   1.131651E+02   1.147717E+00   9.781436E-01
   2.627372481581E+08   1.146414E+02   1.152714E+00   9.823318E-01
   2.627373481581E+08   1.134655E+02   1.146760E+00   9.823776E-01
   2.627374481581E+08   1.167313E+02   1.163365E+00   9.820088E-01
   2.627375481581E+08   1.130940E+02   1.146700E+00   9.792625E-01
   2.627376481581E+08   1.133926E+02   1.151386E+00   9.738724E-01
   2.627377481581E+08           NULL           NULL   0.000000E+00
   2.627378481581E+08   1.138491E+02   1.148411E+00   9.828676E-01
   2.627379481581E+08   1.145732E+02   1.152611E+00   9.819230E-01
   2.627380481581E+08   1.124308E+02   1.141856E+00   9.817980E-01
   2.627381481581E+08           NULL           NULL   0.000000E+00
   2.627382481581E+08   1.140701E+02   1.149645E+00   9.826609E-01
   2.627383481581E+08   1.114646E+02   1.136921E+00   9.818300E-01
   2.627384481581E+08   1.142069E+02   1.150149E+00   9.829785E-01
   2.627385481581E+08   1.110340E+02   1.134655E+00   9.819462E-01
   2.627386481581E+08   1.121635E+02   1.140790E+00   9.812956E-01
   2.627387481581E+08   1.105283E+02   1.131973E+00   9.821125E-01
   2.627388481581E+08   1.122107E+02   1.140975E+00   9.813904E-01
   2.627389481581E+08   1.109853E+02   1.135225E+00   9.805307E-01
   2.627390481581E+08   1.107548E+02   1.134173E+00   9.803098E-01
   2.627391481581E+08   1.083830E+02   1.121470E+00   9.811729E-01
   2.627392481581E+08   1.119985E+02   1.139702E+00   9.817244E-01
   2.627393481581E+08   1.105901E+02   1.134272E+00   9.786814E-01
   2.627394481581E+08           NULL           NULL   0.000000E+00
   2.627395481581E+08   1.109280E+02   1.135173E+00   9.801137E-01
   2.627396481581E+08   1.118583E+02   1.139396E+00   9.810211E-01
   2.627397481581E+08   1.118582E+02   1.138805E+00   9.820395E-01
   2.627398481581E+08   1.129912E+02   1.144776E+00   9.816645E-01
   2.627399481581E+08   1.077631E+02   1.118474E+00   9.807939E-01
   2.627400481581E+08   1.095408E+02   1.127311E+00   9.814037E-01
   2.627401481581E+08   1.106884E+02   1.132662E+00   9.823382E-01
   2.627402481581E+08   1.065766E+02   1.111864E+00   9.815639E-01
   2.627403481581E+08   1.068351E+02   1.113168E+00   9.816401E-01
   2.627404481581E+08   1.083849E+02   1.121790E+00   9.806301E-01
   2.627405481581E+08   1.085339E+02   1.122430E+00   9.808577E-01
   2.627406481581E+08   1.078349E+02   1.118256E+00   9.818306E-01
   2.627407481581E+08   1.083918E+02   1.121202E+00   9.817227E-01
   2.627408481581E+08   1.100211E+02   1.129031E+00   9.827074E-01
   2.627409481581E+08   1.079643E+02   1.119418E+00   9.809698E-01
   2.627410481581E+08   1.072743E+02   1.115506E+00   9.815486E-01
   2.627411481581E+08   1.105480E+02   1.132412E+00   9.815253E-01
   2.627412481581E+08   1.078830E+02   1.118514E+00   9.818149E-01
   2.627413481581E+08   1.091753E+02   1.126597E+00   9.793706E-01
   2.627414481581E+08           NULL           NULL   0.000000E+00
   2.627415481581E+08   1.084503E+02   1.122046E+00   9.807738E-01
   2.627416481581E+08   1.117429E+02   1.137867E+00   9.826455E-01
   2.627417481581E+08   1.074114E+02   1.116508E+00   9.810380E-01
   2.627418481581E+08   1.100737E+02   1.130165E+00   9.812040E-01
   2.627419481581E+08   1.097735E+02   1.128273E+00   9.818129E-01
   2.627420481581E+08   1.100035E+02   1.128850E+00   9.828649E-01
   2.627421481581E+08   1.063849E+02   1.110649E+00   9.819421E-01
   2.627422481581E+08   1.114023E+02   1.141343E+00   9.736918E-01
   2.627423481581E+08           NULL           NULL   0.000000E+00
   2.627424481581E+08   1.078135E+02   1.119058E+00   9.802300E-01
   2.627425481581E+08   1.107056E+02   1.131654E+00   9.842420E-01
   2.627426481581E+08   1.098441E+02   1.128344E+00   9.823216E-01
   2.627427481581E+08   1.096584E+02   1.128044E+00   9.811822E-01
   2.627428481581E+08   1.082963E+02   1.120274E+00   9.824831E-01
   2.627429481581E+08   1.104894E+02   1.131515E+00   9.825611E-01
   2.627430481581E+08   1.093327E+02   1.126124E+00   9.816058E-01
   2.627431481581E+08   1.091952E+02   1.124947E+00   9.824241E-01
   2.627432481581E+08   1.106215E+02   1.132867E+00   9.813883E-01
   2.627433481581E+08   1.086197E+02   1.126031E+00   9.753656E-01
   2.627434481581E+08           NULL           NULL   0.000000E+00
   2.627435481581E+08   1.085882E+02   1.122573E+00   9.811003E-01
   2.627436481581E+08   1.100438E+02   1.128788E+00   9.833323E-01
   2.627437481581E+08   1.116461E+02   1.137944E+00   9.816614E-01
   2.627438481581E+08   1.125751E+02   1.141851E+00   9.830676E-01
   2.627439481581E+08   1.118714E+02   1.138525E+00   9.826368E-01
   2.627440481581E+08   1.119063E+02   1.139472E+00   9.813120E-01
   2.627441481581E+08   1.101911E+02   1.130478E+00   9.817080E-01
   2.627442481581E+08   1.083026E+02   1.120579E+00   9.820057E-01
   2.627443481581E+08   1.086863E+02   1.123707E+00   9.800054E-01
   2.627444481581E+08   1.119986E+02   1.139997E+00   9.812158E-01
   2.627445481581E+08   1.091144E+02   1.123935E+00   9.834654E-01
   2.627446481581E+08           NULL           NULL   0.000000E+00
   2.627447481581E+08   1.097539E+02   1.131002E+00   9.769051E-01
   2.627448481581E+08   1.109436E+02   1.133554E+00   9.830543E-01
   2.627449481581E+08   1.140075E+02   1.149774E+00   9.819022E-01
   2.627450481581E+08   1.118340E+02   1.138912E+00   9.816419E-01
   2.627451481581E+08   1.102464E+02   1.130331E+00   9.824555E-01
   2.627452481581E+08   1.124104E+02   1.141590E+00   9.820775E-01
   2.627453481581E+08   1.132735E+02   1.146636E+00   9.809272E-01
   2.627454481581E+08   1.133477E+02   1.146155E+00   9.823944E-01
   2.627455481581E+08   1.134875E+02   1.146748E+00   9.825883E-01
   2.627456481581E+08   1.148699E+02   1.154836E+00   9.806753E-01
   2.627457481581E+08   1.152439E+02   1.156785E+00   9.805558E-01
   2.627458481581E+08   1.125752E+02   1.142674E+00   9.816516E-01
   2.627459481581E+08   1.150610E+02   1.155065E+00   9.819165E-01
   2.627460481581E+08   1.107438E+02   1.132636E+00   9.828749E-01
   2.627461481581E+08   1.120002E+02   1.139011E+00   9.829300E-01
   2.627462481581E+08   1.130698E+02   1.144457E+00   9.828957E-01
   2.627463481581E+08   1.147090E+02   1.175467E+00   9.452268E-01
   2.627464481581E+08   1.141030E+02   1.150269E+00   9.818783E-01
   2.627465481581E+08   1.151519E+02   1.156270E+00   9.806466E-01
   2.627466481581E+08   1.157621E+02   1.158896E+00   9.813792E-01
   2.627467481581E+08   1.148072E+02   1.154789E+00   9.802194E-01
   2.627468481581E+08   1.144883E+02   1.151233E+00   9.835461E-01
   2.627469481581E+08   1.157113E+02   1.157981E+00   9.824989E-01
   2.627470481581E+08   1.159563E+02   1.159737E+00   9.816014E-01
   2.627471481581E+08   1.124919E+02   1.142006E+00   9.820742E-01
   2.627472481581E+08   1.136031E+02   1.147448E+00   9.823902E-01
   2.627473481581E+08   1.168107E+02   1.164213E+00   9.812442E-01
   2.627474481581E+08   1.171489E+02   1.165156E+00   9.824932E-01
   2.627475481581E+08   1.184257E+02   1.171384E+00   9.826689E-01
   2.627476481581E+08   1.180248E+02   1.170573E+00   9.807003E-01
   2.627477481581E+08   1.138546E+02   1.149226E+00   9.815203E-01
   2.627478481581E+08           NULL           NULL   0.000000E+00
   2.627479481581E+08   1.173014E+02   1.166846E+00   9.809247E-01
   2.627480481581E+08   1.182392E+02   1.171432E+00   9.810407E-01
   2.627481481581E+08   1.162924E+02   1.162285E+00   9.801343E-01
   2.627482481581E+08           NULL           NULL   0.000000E+00
   2.627483481581E+08   1.203624E+02   1.185448E+00   9.751816E-01
   2.627484481581E+08   1.166070E+02   1.163803E+00   9.802244E-01
   2.627485481581E+08   1.196626E+02   1.178499E+00   9.809791E-01
   2.627486481581E+08   1.190109E+02   1.174933E+00   9.815673E-01
   2.627487481581E+08   1.173924E+02   1.167520E+00   9.805525E-01
   2.627488481581E+08   1.213671E+02   1.186457E+00   9.816498E-01
   2.627489481581E+08   1.184656E+02   1.173329E+00   9.797428E-01
   2.627490481581E+08   1.182129E+02   1.170884E+00   9.817410E-01
   2.627491481581E+08   1.186995E+02   1.175473E+00   9.781001E-01
   2.627492481581E+08   1.165283E+02   1.162786E+00   9.812772E-01
   2.627493481581E+08   1.182223E+02   1.172013E+00   9.799288E-01
   2.627494481581E+08   1.198380E+02   1.178969E+00   9.816336E-01
   2.627495481581E+08   1.206564E+02   1.183702E+00   9.804486E-01
   2.627496481581E+08           NULL           NULL   0.000000E+00
   2.627497481581E+08   1.177452E+02   1.169411E+00   9.803216E-01
   2.627498481581E+08   1.185279E+02   1.173658E+00   9.797081E-01
   2.627499481581E+08   1.195164E+02   1.177287E+00   9.817985E-01
   2.627500481581E+08   1.172801E+02   1.166865E+00   9.807147E-01
   2.627501481581E+08   1.211474E+02   1.185613E+00   9.812682E-01
   2.627502481581E+08   1.180878E+02   1.170276E+00   9.817205E-01
   2.627503481581E+08   1.166966E+02   1.163365E+00   9.817159E-01
   2.627504481581E+08   1.175295E+02   1.168480E+00   9.800864E-01
   2.627505481581E+08   1.171818E+02   1.166464E+00   9.805659E-01
   2.627506481581E+08   1.191421E+02   1.175655E+00   9.814429E-01
   2.627507481581E+08   1.152598E+02   1.157061E+00   9.802226E-01
   2.627508481581E+08   1.199171E+02   1.179633E+00   9.811760E-01
   2.627509481581E+08   1.136349E+02   1.148589E+00   9.807131E-01
   2.627510481581E+08   1.181448E+02   1.171071E+00   9.808612E-01
   2.627511481581E+08   1.168372E+02   1.164420E+00   9.811190E-01
   2.627512481581E+08   1.138461E+02   1.148731E+00   9.822937E-01
   2.627513481581E+08   1.152593E+02   1.156357E+00   9.814125E-01
   2.627514481581E+08   1.150810E+02   1.154859E+00   9.824384E-01
   2.627515481581E+08   1.124687E+02   1.143421E+00   9.794428E-01
   2.627516481581E+08   1.141683E+02   1.150811E+00   9.815159E-01
   2.627517481581E+08   1.157193E+02   1.158410E+00   9.818404E-01
   2.627518481581E+08   1.166256E+02   1.165907E+00   9.768459E-01
   2.627519481581E+08   1.137648E+02   1.149374E+00   9.804934E-01
   2.627520481581E+08   1.130283E+02   1.145976E+00   9.799322E-01
   2.627521481581E+08   1.173092E+02   1.166693E+00   9.812480E-01
   2.627522481581E+08   1.135874E+02   1.147875E+00   9.815239E-01
   2.627523481581E+08   1.136752E+02   1.147182E+00   9.834697E-01
   2.627524481581E+08   1.129685E+02   1.144605E+00   9.817607E-01
   2.627525481581E+08   1.145300E+02   1.153226E+00   9.805044E-01
   2.627526481581E+08   1.147448E+02   1.154103E+00   9.808518E-01
   2.627527481581E+08   1.143365E+02   1.149939E+00   9.844535E-01
   2.627528481581E+08   1.138079E+02   1.149106E+00   9.813232E-01
   2.627529481581E+08   1.105850E+02   1.132613E+00   9.815058E-01
   2.627530481581E+08   1.154978E+02   1.160036E+00   9.772167E-01
   2.627531481581E+08   1.163309E+02   1.161741E+00   9.813765E-01
   2.627532481581E+08   1.145800E+02   1.152562E+00   9.820638E-01
   2.627533481581E+08   1.147372E+02   1.153852E+00   9.812140E-01
   2.627534481581E+08   1.155084E+02   1.157633E+00   9.813662E-01
   2.627535481581E+08   1.127232E+02   1.143942E+00   9.807660E-01
   2.627536481581E+08   1.155283E+02   1.158589E+00   9.799159E-01
   2.627537481581E+08   1.151454E+02   1.155273E+00   9.822844E-01
   2.627538481581E+08   1.106500E+02   1.134350E+00   9.790770E-01
   2.627539481581E+08   1.137715E+02   1.148270E+00   9.824375E-01
   2.627540481581E+08   1.119915E+02   1.139572E+00   9.818872E-01
   2.627541481581E+08   1.140986E+02   1.150342E+00   9.817167E-01
   2.627542481581E+08   1.151183E+02   1.155524E+00   9.816257E-01
   2.627543481581E+08   1.113477E+02   1.136675E+00   9.812247E-01
   2.627544481581E+08   1.103285E+02   1.131292E+00   9.815172E-01
   2.627545481581E+08   1.117088E+02   1.138109E+00   9.819264E-01
   2.627546481581E+08   1.141997E+02   1.150193E+00   9.828415E-01
   2.627547481581E+08   1.109877E+02   1.134894E+00   9.811248E-01
   2.627548481581E+08   1.133808E+02   1.146021E+00   9.829104E-01
   2.627549481581E+08   1.122541E+02   1.140768E+00   9.821264E-01
   2.627550481581E+08   1.124007E+02   1.143085E+00   9.794268E-01
   2.627551481581E+08   1.130724E+02   1.148254E+00   9.764286E-01
   2.627552481581E+08           NULL           NULL   0.000000E+00
   2.627553481581E+08   1.122433E+02   1.140599E+00   9.823222E-01
   2.627554481581E+08   1.139080E+02   1.149882E+00   9.808605E-01
   2.627555481581E+08   1.130742E+02   1.144971E+00   9.820517E-01
   2.627556481581E+08   1.138761E+02   1.151145E+00   9.784356E-01
   2.627557481581E+08           NULL           NULL   0.000000E+00
   2.627558481581E+08   1.135625E+02   1.148797E+00   9.797341E-01
   2.627559481581E+08   1.123719E+02   1.141494E+00   9.819073E-01
   2.627560481581E+08   1.147151E+02   1.152872E+00   9.826933E-01
   2.627561481581E+08   1.146994E+02   1.154464E+00   9.798503E-01
   2.627562481581E+08   1.112466E+02   1.135761E+00   9.819119E-01
   2.627563481581E+08   1.115671E+02   1.137493E+00   9.817445E-01
   2.627564481581E+08   1.136923E+02   1.147880E+00   9.824208E-01
   2.627565481581E+08   1.156455E+02   1.157961E+00   9.819747E-01
   2.627566481581E+08   1.140038E+02   1.150205E+00   9.811347E-01
   2.627567481581E+08   1.147932E+02   1.154006E+00   9.814302E-01
   2.627568481581E+08   1.125227E+02   1.141966E+00   9.824125E-01
   2.627569481581E+08   1.167676E+02   1.164536E+00   9.803386E-01
   2.627570481581E+08   1.141069E+02   1.150835E+00   9.809470E-01
   2.627571481581E+08   1.145882E+02   1.153287E+00   9.809005E-01
   2.627572481581E+08   1.147988E+02   1.154296E+00   9.809854E-01
   2.627573481581E+08   1.159713E+02   1.160759E+00   9.800010E-01
   2.627574481581E+08           NULL           NULL   0.000000E+00
   2.627575481581E+08   1.180546E+02   1.178192E+00   9.683007E-01
   2.627576481581E+08           NULL           NULL   0.000000E+00
   2.627577481581E+08   1.135791E+02   1.147088E+00   9.827989E-01
   2.627578481581E+08   1.156544E+02   1.157935E+00   9.820958E-01
   2.627579481581E+08   1.142629E+02   1.151238E+00   9.816004E-01
   2.627580481581E+08   1.154730E+02   1.157569E+00   9.811738E-01
   2.627581481581E+08   1.138990E+02   1.150554E+00   9.796385E-01
   2.627582481581E+08   1.152047E+02   1.157792E+00   9.785171E-01
   2.627583481581E+08   1.125903E+02   1.142652E+00   9.818225E-01
   2.627584481581E+08   1.152195E+02   1.156133E+00   9.814546E-01
   2.627585481581E+08   1.173739E+02   1.166414E+00   9.822590E-01
   2.627586481581E+08   1.154000E+02   1.156489E+00   9.823864E-01
   2.627587481581E+08   1.175998E+02   1.169467E+00   9.790167E-01
   2.627588481581E+08   1.184228E+02   1.172503E+00   9.807699E-01
   2.627589481581E+08   1.148267E+02   1.153936E+00   9.818373E-01
   2.627590481581E+08   1.185246E+02   1.173223E+00   9.804077E-01
   2.627591481581E+08   1.194424E+02   1.176901E+00   9.818349E-01
   2.627592481581E+08   1.169973E+02   1.165495E+00   9.806523E-01
   2.627593481581E+08           NULL           NULL   0.000000E+00
   2.627594481581E+08   1.183977E+02   1.172830E+00   9.800159E-01
   2.627595481581E+08   1.209037E+02   1.184534E+00   9.810796E-01
   2.627596481581E+08   1.188489E+02   1.175110E+00   9.799361E-01
   2.627597481581E+08   1.206991E+02   1.184065E+00   9.801958E-01
   2.627598481581E+08   1.201949E+02   1.180767E+00   9.815606E-01
   2.627599481581E+08   1.191420E+02   1.176456E+00   9.801055E-01
   2.627600481581E+08           NULL           NULL   0.000000E+00
   2.627601481581E+08   1.211319E+02   1.191122E+00   9.720882E-01
   2.627602481581E+08   1.198418E+02   1.180836E+00   9.785627E-01
   2.627603481581E+08           NULL           NULL   0.000000E+00
   2.627604481581E+08   1.184770E+02   1.173327E+00   9.798405E-01
   2.627605481581E+08   1.207813E+02   1.183164E+00   9.823571E-01
   2.627606481581E+08   1.196026E+02   1.179339E+00   9.790915E-01
   2.627607481581E+08   1.226716E+02   1.193126E+00   9.811411E-01
   2.627608481581E+08   1.214763E+02   1.186788E+00   9.819850E-01
   2.627609481581E+08   1.211017E+02   1.184599E+00   9.825782E-01
   2.627610481581E+08   1.228349E+02   1.193585E+00   9.816908E-01
   2.627611481581E+08   1.207304E+02   1.183518E+00   9.813564E-01
   2.627612481581E+08   1.246267E+02   1.203238E+00   9.800932E-01
   2.627613481581E+08   1.238634E+02   1.198777E+00   9.813532E-01
   2.627614481581E+08           NULL           NULL   0.000000E+00
   2.627615481581E+08   1.210218E+02   1.187288E+00   9.774881E-01
   2.627616481581E+08           NULL           NULL   0.000000E+00
   2.627617481581E+08   1.217405E+02   1.190563E+00   9.778901E-01
   2.627618481581E+08   1.214708E+02   1.188323E+00   9.794056E-01
   2.627619481581E+08   1.217427E+02   1.189106E+00   9.803044E-01
   2.627620481581E+08   1.215633E+02   1.187581E+00   9.813765E-01
   2.627621481581E+08   1.244856E+02   1.202044E+00   9.809294E-01
   2.627622481581E+08   1.252988E+02   1.205019E+00   9.824688E-01
   2.627623481581E+08   1.242632E+02   1.201410E+00   9.802113E-01
   2.627624481581E+08   1.238067E+02   1.726377E+00   4.729684E-01
   2.627625481581E+08           NULL           NULL   0.000000E+00
   2.627626481581E+08   1.245108E+02   1.277454E+00   8.687129E-01
   2.627627481581E+08   1.191373E+02   1.175208E+00   9.821508E-01
   2.627628481581E+08   1.215239E+02   1.187083E+00   9.818819E-01
   2.627629481581E+08   1.234072E+02   1.196270E+00   9.818435E-01
   2.627630481581E+08   1.225498E+02   1.193126E+00   9.801654E-01
   2.627631481581E+08   1.217234E+02   1.188918E+00   9.804597E-01
   2.627632481581E+08   1.253975E+02   1.205745E+00   9.820589E-01
   2.627633481581E+08   1.229845E+02   1.193631E+00   9.828114E-01
   2.627634481581E+08   1.205728E+02   1.182712E+00   9.814115E-01
   2.627635481581E+08   1.201211E+02   1.180840E+00   9.808369E-01
   2.627636481581E+08   1.211274E+02   1.187353E+00   9.782338E-01
   2.627637481581E+08   1.185025E+02   1.173062E+00   9.804943E-01
   2.627638481581E+08   1.202380E+02   1.182446E+00   9.791259E-01
   2.627639481581E+08   1.237923E+02   1.198652E+00   9.809965E-01
   2.627640481581E+08   1.224230E+02   1.192343E+00   9.804372E-01
   2.627641481581E+08   1.220513E+02   1.195663E+00   9.720416E-01
   2.627642481581E+08           NULL           NULL   0.000000E+00
   2.627643481581E+08   1.199488E+02   1.180516E+00   9.799675E-01
   2.627644481581E+08   1.220283E+02   1.189855E+00   9.813687E-01
   2.627645481581E+08   1.214734E+02   1.187610E+00   9.806032E-01
   2.627646481581E+08   1.204190E+02   1.181943E+00   9.814357E-01
   2.627647481581E+08   1.237642E+02   1.202501E+00   9.745040E-01
   2.627648481581E+08           NULL           NULL   0.000000E+00
   2.627649481581E+08   1.236832E+02   1.198213E+00   9.808495E-01
   2.627650481581E+08   1.293354E+02   2.152005E+00   3.179729E-01
   2.627651481581E+08           NULL           NULL   0.000000E+00
   2.627652481581E+08   1.210656E+02   1.185437E+00   9.808964E-01
   2.627653481581E+08   1.195425E+02   1.177602E+00   9.814886E-01
   2.627654481581E+08   1.216988E+02   1.187659E+00   9.823416E-01
   2.627655481581E+08   1.245411E+02   1.201964E+00   9.814979E-01
   2.627656481581E+08           NULL           NULL   0.000000E+00
   2.627657481581E+08   1.252096E+02   1.209656E+00   9.742572E-01
   2.627658481581E+08   1.231937E+02   1.197354E+00   9.783698E-01
   2.627659481581E+08           NULL           NULL   0.000000E+00
   2.627660481581E+08   1.221789E+02   1.190927E+00   9.808113E-01
   2.627661481581E+08   1.224423E+02   1.191515E+00   9.819563E-01
   2.627662481581E+08   1.218443E+02   1.188683E+00   9.818228E-01
   2.627663481581E+08   1.238376E+02   1.198865E+00   9.810060E-01
   2.627664481581E+08   1.225998E+02   1.192540E+00   9.815301E-01
   2.627665481581E+08   1.226701E+02   1.192997E+00   9.813394E-01
   2.627666481581E+08   1.259645E+02   1.208129E+00   9.826096E-01
   2.627667481581E+08           NULL           NULL   0.000000E+00
   2.627668481581E+08           NULL           NULL   0.000000E+00
   2.627669481581E+08   1.250625E+02   1.205929E+00   9.791359E-01
   2.627670481581E+08   1.234507E+02   1.195960E+00   9.826969E-01
   2.627671481581E+08           NULL           NULL   0.000000E+00
   2.627672481581E+08   1.248072E+02   1.207686E+00   9.742965E-01
   2.627673481581E+08   1.246045E+02   1.202184E+00   9.816379E-01
   2.627674481581E+08   1.255445E+02   1.230651E+00   9.438160E-01
   2.627675481581E+08           NULL           NULL   0.000000E+00
   2.627676481581E+08   1.344505E+02   1.962207E+00   3.975875E-01
   2.627677481581E+08   1.238473E+02   1.199859E+00   9.794580E-01
   2.627678481581E+08   1.256332E+02   1.207732E+00   9.806694E-01
   2.627679481581E+08   1.226955E+02   1.194545E+00   9.790018E-01
   2.627680481581E+08   1.238396E+02   1.199897E+00   9.793349E-01
   2.627681481581E+08   1.229217E+02   1.195671E+00   9.789600E-01
   2.627682481581E+08   1.218407E+02   1.188421E+00   9.822260E-01
   2.627683481581E+08   1.220901E+02   1.190854E+00   9.802191E-01
   2.627684481581E+08   1.207811E+02   1.183617E+00   9.816043E-01
   2.627685481581E+08   1.231674E+02   1.195857E+00   9.806120E-01
   2.627686481581E+08   1.250602E+02   1.205515E+00   9.797915E-01
   2.627687481581E+08   1.229055E+02   1.193820E+00   9.818681E-01
   2.627688481581E+08   1.239723E+02   1.199102E+00   9.816845E-01
   2.627689481581E+08   1.214158E+02   1.186537E+00   9.819117E-01
   2.627690481581E+08   1.254387E+02   1.206532E+00   9.811009E-01
   2.627691481581E+08   1.243632E+02   1.201928E+00   9.801552E-01
   2.627692481581E+08   1.250082E+02   1.205125E+00   9.800168E-01
   2.627693481581E+08   1.257046E+02   1.210827E+00   9.762180E-01
   2.627694481581E+08           NULL           NULL   0.000000E+00
   2.627695481581E+08   1.274467E+02   1.215433E+00   9.822597E-01
   2.627696481581E+08   1.248653E+02   1.368515E+00   7.591055E-01
   2.627697481581E+08           NULL           NULL   0.000000E+00
   2.627698481581E+08   1.334180E+02   1.525899E+00   6.524130E-01
   2.627699481581E+08   1.306530E+02   1.231371E+00   9.810733E-01
   2.627700481581E+08   1.257634E+02   1.208984E+00   9.796541E-01
   2.627701481581E+08   1.248918E+02   1.205461E+00   9.785599E-01
   2.627702481581E+08           NULL           NULL   0.000000E+00
   2.627703481581E+08   1.268577E+02   1.218266E+00   9.731782E-01
   2.627704481581E+08   1.270296E+02   1.213443E+00   9.822581E-01
   2.627705481581E+08   1.271057E+02   1.214946E+00   9.804161E-01
   2.627706481581E+08   1.259328E+02   1.209439E+00   9.802350E-01
   2.627707481581E+08           NULL           NULL   0.000000E+00
   2.627708481581E+08   1.303320E+02   1.235722E+00   9.717834E-01
   2.627709481581E+08   1.258912E+02   1.207982E+00   9.822774E-01
   2.627710481581E+08   1.279699E+02   1.219757E+00   9.793112E-01
   2.627711481581E+08   1.271061E+02   1.234506E+00   9.495983E-01
   2.627712481581E+08           NULL           NULL   0.000000E+00
   2.627713481581E+08   1.342242E+02   1.781911E+00   4.813026E-01
   2.627714481581E+08   1.266311E+02   1.213741E+00   9.786959E-01
   2.627715481581E+08           NULL           NULL   0.000000E+00
   2.627716481581E+08   1.276493E+02   1.217697E+00   9.801658E-01
   2.627717481581E+08   1.292657E+02   1.224401E+00   9.817373E-01
   2.627718481581E+08   1.303845E+02   1.230262E+00   9.808232E-01
   2.627719481581E+08   1.267515E+02   1.212559E+00   9.815386E-01
   2.627720481581E+08   1.279196E+02   1.219998E+00   9.785395E-01
   2.627721481581E+08   1.297138E+02   1.227490E+00   9.801894E-01
   2.627722481581E+08   1.228002E+02   3.902846E+00   9.179009E-02
