   2.952005521104E+08   2.740276E+02   5.809500E+00   8.723993E-01   3.290784E-02   7.181081E-03
   2.952006521104E+08   2.694713E+02   5.758966E+00   8.737620E-01   5.143077E-02   8.952948E-03
   2.952007521104E+08   2.683614E+02   5.753082E+00   8.716511E-01   4.374844E-02   8.267677E-03
   2.952008521104E+08   2.686081E+02   5.736529E+00   8.769320E-01   2.951226E-02   6.770578E-03
   2.952009521104E+08   2.622153E+02   5.661974E+00   8.791555E-01   3.873854E-02   7.747708E-03
   2.952010521104E+08   2.654294E+02   5.724404E+00   8.714288E-01   5.949869E-02   9.651962E-03
   2.952011521104E+08   2.766130E+02   5.845398E+00   8.703680E-01   4.692675E-02   8.567613E-03
   2.952012521104E+08   2.640995E+02   5.694910E+00   8.755051E-01   4.514096E-02   8.382467E-03
   2.952013521104E+08   2.672973E+02   5.729968E+00   8.764371E-01   7.458917E-02   1.076602E-02
   2.952014521104E+08   0.000000E+00   0.000000E+00   7.957415E-05   0.000000E+00   0.000000E+00
   2.952015521104E+08           NULL           NULL   0.000000E+00           NULL           NULL
   2.952016521104E+08           NULL           NULL   0.000000E+00           NULL           NULL
   2.952017521104E+08   2.665060E+02   5.707716E+00   8.798056E-01   5.263817E-02   9.027371E-03
   2.952018521104E+08           NULL           NULL   0.000000E+00           NULL           NULL
   2.952019521104E+08           NULL           NULL   0.000000E+00           NULL           NULL
   2.952020521104E+08           NULL           NULL   0.000000E+00           NULL           NULL
   2.952021521104E+08           NULL           NULL   0.000000E+00           NULL           NULL
   2.952022521104E+08           NULL           NULL   0.000000E+00           NULL           NULL
   2.952023521104E+08   2.591748E+02   5.634234E+00   8.788218E-01   6.972156E-02   1.039348E-02
   2.952024521104E+08   2.642002E+02   5.682634E+00   8.804871E-01   6.655642E-02   1.014976E-02
   2.952025521104E+08   2.660893E+02   5.708852E+00   8.807855E-01   1.206103E-01   1.365643E-02
   2.952026521104E+08   2.598263E+02   5.694579E+00   8.631968E-01   8.836457E-02   1.180821E-02
   2.952027521104E+08   0.000000E+00   0.000000E+00   1.023275E-04   0.000000E+00   0.000000E+00
   2.952028521104E+08           NULL           NULL   0.000000E+00           NULL           NULL
   2.952029521104E+08           NULL           NULL   0.000000E+00           NULL           NULL
   2.952030521104E+08           NULL           NULL   0.000000E+00           NULL           NULL
   2.952031521104E+08           NULL           NULL   0.000000E+00           NULL           NULL
   2.952032521104E+08   2.704716E+02   5.789072E+00   8.680387E-01   5.500381E-02   9.297341E-03
   2.952033521104E+08   2.498755E+02   5.531536E+00   8.785605E-01   5.580973E-02   9.301621E-03
   2.952034521104E+08   0.000000E+00   0.000000E+00   1.036000E-04   0.000000E+00   0.000000E+00
   2.952035521104E+08           NULL           NULL   0.000000E+00           NULL           NULL
   2.952036521104E+08           NULL           NULL   0.000000E+00           NULL           NULL
   2.952037521104E+08           NULL           NULL   0.000000E+00           NULL           NULL
   2.952038521104E+08           NULL           NULL   0.000000E+00           NULL           NULL
   2.952039521104E+08           NULL           NULL   0.000000E+00           NULL           NULL
   2.952040521104E+08           NULL           NULL   0.000000E+00           NULL           NULL
   2.952041521104E+08           NULL           NULL   0.000000E+00           NULL           NULL
   2.952042521104E+08           NULL           NULL   0.000000E+00           NULL           NULL
   2.952043521104E+08   2.550952E+02   6.523074E+00   6.453810E-01   7.003902E-02   1.219223E-02
   2.952044521104E+08   2.644641E+02   6.138516E+00   7.551434E-01   6.139497E-02   1.052915E-02
   2.952045521104E+08           NULL           NULL   0.000000E+00           NULL           NULL
   2.952046521104E+08   2.742515E+02   6.285571E+00   7.462828E-01   4.563169E-02   9.126337E-03
   2.952047521104E+08   2.564199E+02   5.643105E+00   8.681999E-01   1.048905E-01   1.281441E-02
   2.952048521104E+08           NULL           NULL   0.000000E+00           NULL           NULL
   2.952049521104E+08   2.673162E+02   5.730003E+00   8.768522E-01   8.382770E-02   1.140750E-02
   2.952050521104E+08   2.715287E+02   6.445969E+00   7.027311E-01   5.056105E-02   9.915838E-03
   2.952051521104E+08   2.696710E+02   6.437742E+00   6.996672E-01   4.888372E-02   9.776744E-03
   2.952052521104E+08   2.559721E+02   5.594339E+00   8.802899E-01   6.655842E-02   1.015006E-02
   2.952053521104E+08   2.565870E+02   5.613683E+00   8.757656E-01   5.288715E-02   9.070071E-03
   2.952054521104E+08   2.618059E+02   5.715541E+00   8.615664E-01   4.268177E-02   8.214111E-03
   2.952055521104E+08   2.587108E+02   5.640134E+00   8.749874E-01   5.911482E-02   9.589690E-03
   2.952056521104E+08   0.000000E+00   0.000000E+00   1.036000E-04   0.000000E+00   0.000000E+00
   2.952057521104E+08           NULL           NULL   0.000000E+00           NULL           NULL
   2.952058521104E+08   2.571027E+02   5.629255E+00   8.733823E-01   7.019757E-02   1.046444E-02
   2.952059521104E+08   0.000000E+00   0.000000E+00   2.846771E-06   0.000000E+00   0.000000E+00
   2.952060521104E+08   2.590817E+02   6.890191E+00   5.875186E-01   7.233016E-02   1.299088E-02
   2.952061521104E+08   0.000000E+00   0.000000E+00   1.272520E-06   0.000000E+00   0.000000E+00
   2.952062521104E+08   2.571708E+02   5.622293E+00   8.761494E-01   7.929404E-02   1.110339E-02
   2.952063521104E+08   2.574110E+02   5.623484E+00   8.761467E-01   6.839478E-02   1.031090E-02
   2.952064521104E+08   0.000000E+00   0.000000E+00   5.016809E-07   0.000000E+00   0.000000E+00
   2.952065521104E+08           NULL           NULL   0.000000E+00           NULL           NULL
   2.952066521104E+08           NULL           NULL   0.000000E+00           NULL           NULL
   2.952067521104E+08           NULL           NULL   0.000000E+00           NULL           NULL
   2.952068521104E+08   2.645793E+02   7.436108E+00   5.144535E-01   4.538947E-02   1.100856E-02
   2.952069521104E+08           NULL           NULL   0.000000E+00           NULL           NULL
   2.952070521104E+08           NULL           NULL   0.000000E+00           NULL           NULL
   2.952071521104E+08           NULL           NULL   0.000000E+00           NULL           NULL
   2.952072521104E+08           NULL           NULL   0.000000E+00           NULL           NULL
   2.952073521104E+08   2.481935E+02   5.518515E+00   8.769885E-01   6.057617E-02   9.699951E-03
   2.952074521104E+08   0.000000E+00   0.000000E+00   1.023275E-04   0.000000E+00   0.000000E+00
   2.952075521104E+08   2.502949E+02   9.197205E+00   3.193736E-01   1.239190E-01   2.301118E-02
