   3.118651061586E+08   9.093726E+01   2.571703E+00   9.603205E-01   6.444664E-03   6.444664E-03
   3.118652061586E+08   8.924960E+01   2.519411E+00   9.851449E-01   3.141133E-02   1.404757E-02
   3.118653061586E+08   8.950497E+01   2.524832E+00   9.852675E-01   4.397039E-02   1.661924E-02
   3.118654061586E+08   8.817542E+01   2.500608E+00   9.848596E-01   6.284086E-03   6.284086E-03
   3.118655061586E+08   8.885184E+01   2.523308E+00   9.777739E-01   3.164813E-02   1.415347E-02
   3.118656061586E+08           NULL           NULL   0.000000E+00           NULL           NULL
   3.118657061586E+08   8.828866E+01   2.510510E+00   9.791551E-01   1.264139E-02   8.938815E-03
   3.118658061586E+08   8.848946E+01   2.505723E+00   9.859087E-01   1.883220E-02   1.087277E-02
   3.118659061586E+08   9.141891E+01   2.548744E+00   9.851416E-01   2.512915E-02   1.256457E-02
   3.118660061586E+08   9.146043E+01   2.551118E+00   9.852759E-01   3.768859E-02   1.538630E-02
   3.118661061586E+08   8.896695E+01   2.510348E+00   9.852113E-01   0.000000E+00   0.000000E+00
   3.118662061586E+08   9.232246E+01   2.556634E+00   9.856862E-01   0.000000E+00   0.000000E+00
   3.118663061586E+08   9.010911E+01   2.527765E+00   9.857052E-01   1.255739E-02   8.879416E-03
   3.118664061586E+08   9.296677E+01   2.567828E+00   9.854323E-01   1.256087E-02   8.881874E-03
   3.118665061586E+08   8.621726E+01   2.474965E+00   9.854892E-01   2.512028E-02   1.256014E-02
   3.118666061586E+08   9.065123E+01   2.548997E+00   9.751914E-01   1.269278E-02   8.975147E-03
   3.118667061586E+08           NULL           NULL   0.000000E+00           NULL           NULL
   3.118668061586E+08   8.877246E+01   2.515132E+00   9.808939E-01   1.261899E-02   8.922970E-03
   3.118669061586E+08   8.835093E+01   2.505822E+00   9.842951E-01   1.886307E-02   1.089060E-02
   3.118670061586E+08   8.874960E+01   2.509453E+00   9.850782E-01   1.256538E-02   8.885067E-03
   3.118671061586E+08   9.190907E+01   2.555467E+00   9.852028E-01   2.512759E-02   1.256379E-02
   3.118672061586E+08           NULL           NULL   0.000000E+00           NULL           NULL
   3.118673061586E+08   9.456264E+01   2.589289E+00   9.857754E-01   1.255650E-02   8.878783E-03
   3.118674061586E+08   8.584113E+01   2.468631E+00   9.854327E-01   1.884129E-02   1.087803E-02
   3.118675061586E+08   8.899374E+01   2.512960E+00   9.858114E-01   1.883406E-02   1.087385E-02
   3.118676061586E+08   8.722916E+01   2.492573E+00   9.853723E-01   4.396571E-02   1.661748E-02
   3.118677061586E+08   8.915066E+01   2.517005E+00   9.851573E-01   2.512875E-02   1.256438E-02
   3.118678061586E+08   8.879579E+01   2.510375E+00   9.856511E-01   1.883712E-02   1.087562E-02
   3.118679061586E+08   9.167474E+01   2.551304E+00   9.851472E-01   1.884675E-02   1.088118E-02
   3.118680061586E+08   9.091774E+01   2.539481E+00   9.853815E-01   1.256152E-02   8.882333E-03
   3.118681061586E+08   8.820007E+01   2.502550E+00   9.851874E-01   1.884598E-02   1.088073E-02
   3.118682061586E+08   9.370255E+01   2.578937E+00   9.854257E-01   1.884143E-02   1.087810E-02
   3.118683061586E+08   8.824397E+01   2.502168E+00   9.851868E-01   1.256400E-02   8.884088E-03
   3.118684061586E+08   8.786245E+01   2.495750E+00   9.851906E-01   6.281974E-03   6.281974E-03
   3.118685061586E+08   9.208840E+01   2.555290E+00   9.857378E-01   1.255697E-02   8.879122E-03
   3.118686061586E+08   9.051770E+01   2.532640E+00   9.855877E-01   6.279443E-03   6.279443E-03
   3.118687061586E+08   9.184344E+01   2.552427E+00   9.853276E-01   1.256220E-02   8.882819E-03
   3.118688061586E+08   8.862498E+01   2.508941E+00   9.841009E-01   1.257786E-02   8.893890E-03
   3.118689061586E+08   8.864590E+01   2.511160E+00   9.833816E-01   1.888059E-02   1.090071E-02
   3.118690061586E+08   9.251899E+01   2.560722E+00   9.853885E-01   6.280713E-03   6.280713E-03
   3.118691061586E+08   9.319647E+01   2.573419E+00   9.850718E-01   2.513093E-02   1.256546E-02
   3.118692061586E+08   9.211493E+01   2.556634E+00   9.857427E-01   1.883537E-02   1.087460E-02
   3.118693061586E+08   8.761426E+01   2.494984E+00   9.846060E-01   1.885711E-02   1.088716E-02
   3.118694061586E+08   8.978073E+01   2.522906E+00   9.851277E-01   6.282376E-03   6.282376E-03
   3.118695061586E+08   9.255450E+01   2.560724E+00   9.857644E-01   6.278318E-03   6.278318E-03
   3.118696061586E+08   9.101120E+01   2.540488E+00   9.848441E-01   6.284185E-03   6.284185E-03
   3.118697061586E+08   9.325773E+01   2.571943E+00   9.853510E-01   1.256190E-02   8.882607E-03
   3.118698061586E+08   9.135425E+01   2.547932E+00   9.850749E-01   2.513085E-02   1.256542E-02
   3.118699061586E+08   9.336993E+01   2.605701E+00   9.596799E-01   0.000000E+00   0.000000E+00
   3.118700061586E+08   9.067721E+01   2.541771E+00   9.848441E-01   4.398929E-02   1.662639E-02
   3.118701061586E+08   9.101511E+01   2.541821E+00   9.853863E-01   1.884218E-02   1.087854E-02
   3.118702061586E+08   9.125657E+01   2.544598E+00   9.858379E-01   1.883355E-02   1.087356E-02
   3.118703061586E+08           NULL           NULL   0.000000E+00           NULL           NULL
   3.118704061586E+08   9.791823E+01   2.635732E+00   9.857620E-01   1.883500E-02   1.087439E-02
   3.118705061586E+08   9.545229E+01   2.638108E+00   9.593197E-01   1.935416E-02   1.117413E-02
   3.118706061586E+08   9.103503E+01   2.542988E+00   9.854628E-01   2.512096E-02   1.256048E-02
   3.118707061586E+08   8.986537E+01   2.525519E+00   9.855683E-01   1.883870E-02   1.087653E-02
   3.118708061586E+08   9.206532E+01   2.555634E+00   9.852270E-01   1.256348E-02   8.883726E-03
   3.118709061586E+08   9.022131E+01   2.532753E+00   9.853637E-01   3.140435E-02   1.404445E-02
   3.118710061586E+08   9.362154E+01   2.578661E+00   9.847877E-01   1.885363E-02   1.088515E-02
   3.118711061586E+08   9.263843E+01   2.564259E+00   9.854454E-01   1.884105E-02   1.087788E-02
   3.118712061586E+08   9.236938E+01   2.561723E+00   9.845383E-01   1.885841E-02   1.088791E-02
   3.118713061586E+08           NULL           NULL   0.000000E+00           NULL           NULL
   3.118714061586E+08   8.839552E+01   2.506699E+00   9.848889E-01   2.513560E-02   1.256780E-02
   3.118715061586E+08   8.982880E+01   2.524873E+00   9.848967E-01   1.256770E-02   8.886705E-03
   3.118716061586E+08   8.784074E+01   2.496378E+00   9.860396E-01   1.882970E-02   1.087133E-02
   3.118717061586E+08   9.080192E+01   2.538227E+00   9.851013E-01   1.256509E-02   8.884859E-03
   3.118718061586E+08   9.271233E+01   2.575579E+00   9.768460E-01   1.267128E-02   8.959944E-03
   3.118719061586E+08           NULL           NULL   0.000000E+00           NULL           NULL
   3.118720061586E+08   9.116344E+01   2.550943E+00   9.799554E-01   1.894660E-02   1.093883E-02
   3.118721061586E+08   9.412543E+01   2.584107E+00   9.851645E-01   1.256428E-02   8.884289E-03
   3.118722061586E+08   9.449540E+01   2.593736E+00   9.846486E-01   3.771259E-02   1.539610E-02
   3.118723061586E+08   9.249618E+01   2.562285E+00   9.854520E-01   1.884092E-02   1.087781E-02
   3.118724061586E+08   9.183685E+01   2.555053E+00   9.855072E-01   3.139978E-02   1.404241E-02
   3.118725061586E+08   8.912128E+01   2.514557E+00   9.859666E-01   1.883109E-02   1.087213E-02
   3.118726061586E+08           NULL           NULL   0.000000E+00           NULL           NULL
   3.118727061586E+08   9.150897E+01   2.546459E+00   9.855880E-01   6.279442E-03   6.279442E-03
   3.118728061586E+08   9.262125E+01   2.560983E+00   9.855202E-01   0.000000E+00   0.000000E+00
   3.118729061586E+08   9.009806E+01   2.528450E+00   9.850515E-01   1.256572E-02   8.885308E-03
   3.118730061586E+08   9.343466E+01   2.574865E+00   9.849789E-01   1.256665E-02   8.885964E-03
   3.118731061586E+08           NULL           NULL   0.000000E+00           NULL           NULL
   3.118732061586E+08           NULL           NULL   0.000000E+00           NULL           NULL
   3.118733061586E+08   8.706619E+01   2.491289E+00   9.797731E-01   6.316710E-03   6.316710E-03
   3.118734061586E+08   9.661631E+01   2.618776E+00   9.853216E-01   1.884342E-02   1.087925E-02
   3.118735061586E+08   9.526567E+01   2.598815E+00   9.858262E-01   1.255585E-02   8.878326E-03
   3.118736061586E+08   9.338397E+01   2.573468E+00   9.855135E-01   1.255983E-02   8.881142E-03
   3.118737061586E+08   9.371927E+01   2.578794E+00   9.849662E-01   1.256681E-02   8.886077E-03
   3.118738061586E+08   9.229687E+01   2.558122E+00   9.857797E-01   1.255644E-02   8.878745E-03
   3.118739061586E+08           NULL           NULL   0.000000E+00           NULL           NULL
   3.118740061586E+08   9.225090E+01   2.557223E+00   9.852262E-01   6.281748E-03   6.281748E-03
   3.118741061586E+08   9.596297E+01   2.609710E+00   9.854850E-01   1.884029E-02   1.087745E-02
   3.118742061586E+08   9.978996E+01   2.659997E+00   9.849219E-01   6.283688E-03   6.283688E-03
   3.118743061586E+08   9.033688E+01   2.531168E+00   9.855374E-01   1.255953E-02   8.880927E-03
   3.118744061586E+08   8.993628E+01   2.530353E+00   9.849025E-01   3.770287E-02   1.539213E-02
   3.118745061586E+08   8.979368E+01   2.524502E+00   9.855781E-01   1.883852E-02   1.087642E-02
   3.118746061586E+08           NULL           NULL   0.000000E+00           NULL           NULL
   3.118747061586E+08           NULL           NULL   0.000000E+00           NULL           NULL
   3.118748061586E+08   9.770631E+01   2.641907E+00   9.783427E-01   1.265189E-02   8.946238E-03
   3.118749061586E+08   9.737708E+01   2.629755E+00   9.847902E-01   1.885359E-02   1.088512E-02
   3.118750061586E+08   9.382537E+01   2.581340E+00   9.848796E-01   1.885187E-02   1.088414E-02
   3.118751061586E+08   9.456161E+01   2.590232E+00   9.850481E-01   1.256577E-02   8.885338E-03
   3.118752061586E+08   9.579378E+01   2.607632E+00   9.860461E-01   2.510610E-02   1.255305E-02
   3.118753061586E+08   9.649609E+01   2.613737E+00   9.857222E-01   0.000000E+00   0.000000E+00
   3.118754061586E+08   9.398907E+01   2.581105E+00   9.845428E-01   0.000000E+00   0.000000E+00
   3.118755061586E+08   9.394343E+01   2.579851E+00   9.850212E-01   0.000000E+00   0.000000E+00
   3.118756061586E+08   9.408707E+01   2.584630E+00   9.851071E-01   1.884752E-02   1.088162E-02
   3.118757061586E+08   9.330807E+01   2.586380E+00   9.764144E-01   2.535375E-02   1.267688E-02
   3.118758061586E+08           NULL           NULL   0.000000E+00           NULL           NULL
   3.118759061586E+08           NULL           NULL   0.000000E+00           NULL           NULL
   3.118760061586E+08   9.669502E+01   2.620540E+00   9.855163E-01   2.511960E-02   1.255980E-02
   3.118761061586E+08   9.701178E+01   2.633215E+00   9.806887E-01   3.786488E-02   1.545827E-02
   3.118762061586E+08           NULL           NULL   0.000000E+00           NULL           NULL
   3.118763061586E+08   9.629529E+01   2.625322E+00   9.757339E-01   6.342859E-03   6.342859E-03
   3.118764061586E+08   9.238528E+01   2.562994E+00   9.859878E-01   3.766137E-02   1.537519E-02
   3.118765061586E+08   1.010654E+02   2.679032E+00   9.847575E-01   1.885421E-02   1.088548E-02
   3.118766061586E+08   9.624097E+01   2.612813E+00   9.852624E-01   1.256303E-02   8.883406E-03
   3.118767061586E+08   9.719242E+01   2.626092E+00   9.849516E-01   1.256700E-02   8.886210E-03
   3.118768061586E+08   1.007266E+02   2.673232E+00   9.850337E-01   1.256595E-02   8.885469E-03
   3.118769061586E+08   9.431103E+01   2.590628E+00   9.850937E-01   3.769555E-02   1.538915E-02
   3.118770061586E+08           NULL           NULL   0.000000E+00           NULL           NULL
   3.118771061586E+08   9.462885E+01   2.590501E+00   9.848046E-01   6.284437E-03   6.284437E-03
   3.118772061586E+08           NULL           NULL   0.000000E+00           NULL           NULL
   3.118773061586E+08   9.561172E+01   2.680090E+00   9.340165E-01   4.638312E-02   1.753117E-02
   3.118774061586E+08   9.781646E+01   2.635859E+00   9.846473E-01   1.885632E-02   1.088670E-02
   3.118775061586E+08   1.012862E+02   2.680181E+00   9.860557E-01   1.882939E-02   1.087115E-02
   3.118776061586E+08           NULL           NULL   0.000000E+00           NULL           NULL
   3.118777061586E+08   9.600801E+01   2.610934E+00   9.850227E-01   1.884914E-02   1.088255E-02
   3.118778061586E+08   9.754826E+01   2.630909E+00   9.849356E-01   1.256720E-02   8.886353E-03
   3.118779061586E+08   9.912115E+01   2.652194E+00   9.847954E-01   1.256899E-02   8.887619E-03
   3.118780061586E+08   9.966139E+01   2.660213E+00   9.855926E-01   2.511765E-02   1.255882E-02
   3.118781061586E+08   9.633418E+01   2.627359E+00   9.746156E-01   6.350136E-03   6.350136E-03
   3.118782061586E+08           NULL           NULL   0.000000E+00           NULL           NULL
   3.118783061586E+08   1.022228E+02   2.699302E+00   9.811167E-01   1.892418E-02   1.092588E-02
   3.118784061586E+08   9.684109E+01   2.620794E+00   9.846472E-01   6.285442E-03   6.285442E-03
   3.118785061586E+08   9.521774E+01   2.601608E+00   9.846823E-01   2.514087E-02   1.257043E-02
   3.118786061586E+08   9.770393E+01   2.634373E+00   9.853392E-01   2.512411E-02   1.256205E-02
   3.118787061586E+08   9.753333E+01   2.632645E+00   9.849163E-01   2.513489E-02   1.256745E-02
   3.118788061586E+08   9.884049E+01   2.651191E+00   9.848687E-01   3.142014E-02   1.405151E-02
   3.118789061586E+08   9.705763E+01   2.623408E+00   9.856004E-01   1.255872E-02   8.880359E-03
   3.118790061586E+08   9.882285E+01   2.648593E+00   9.852124E-01   1.884551E-02   1.088046E-02
   3.118791061586E+08   9.807948E+01   2.636031E+00   9.857335E-01   6.278514E-03   6.278514E-03
   3.118792061586E+08   9.693634E+01   2.621087E+00   9.861137E-01   1.255219E-02   8.875737E-03
   3.118793061586E+08   9.756512E+01   2.628862E+00   9.859233E-01   6.277306E-03   6.277306E-03
   3.118794061586E+08   9.683305E+01   2.633142E+00   9.753600E-01   6.345290E-03   6.345290E-03
   3.118795061586E+08           NULL           NULL   0.000000E+00           NULL           NULL
   3.118796061586E+08   1.001394E+02   2.669673E+00   9.805222E-01   0.000000E+00   0.000000E+00
   3.118797061586E+08   9.763313E+01   2.631875E+00   9.857814E-01   1.883463E-02   1.087418E-02
   3.118798061586E+08   9.969080E+01   2.660414E+00   9.850351E-01   1.884890E-02   1.088242E-02
   3.118799061586E+08   9.580633E+01   2.607749E+00   9.846334E-01   1.257106E-02   8.889081E-03
   3.118800061586E+08   9.485298E+01   2.594922E+00   9.852456E-01   1.884487E-02   1.088009E-02
   3.118801061586E+08   9.944736E+01   2.657341E+00   9.856085E-01   2.511724E-02   1.255862E-02
   3.118802061586E+08   1.025600E+02   2.696726E+00   9.848575E-01   6.284099E-03   6.284099E-03
   3.118803061586E+08   9.499761E+01   2.593203E+00   9.858441E-01   0.000000E+00   0.000000E+00
   3.118804061586E+08   9.689383E+01   2.621855E+00   9.851059E-01   1.256503E-02   8.884817E-03
   3.118805061586E+08   9.795982E+01   2.639572E+00   9.854456E-01   3.768209E-02   1.538365E-02
   3.118806061586E+08   9.815221E+01   2.637986E+00   9.850032E-01   6.283170E-03   6.283170E-03
   3.118807061586E+08   9.960583E+01   2.656977E+00   9.853414E-01   6.281013E-03   6.281013E-03
   3.118808061586E+08   9.850151E+01   2.642606E+00   9.850526E-01   6.282855E-03   6.282855E-03
   3.118809061586E+08   9.766766E+01   2.633172E+00   9.844460E-01   1.257345E-02   8.890773E-03
   3.118810061586E+08   9.421776E+01   2.584695E+00   9.856805E-01   1.255770E-02   8.879638E-03
   3.118811061586E+08   9.753146E+01   2.629864E+00   9.848326E-01   6.284258E-03   6.284258E-03
   3.118812061586E+08   9.934276E+01   2.655859E+00   9.849737E-01   1.885007E-02   1.088309E-02
   3.118813061586E+08   9.866821E+01   2.647303E+00   9.846348E-01   1.885656E-02   1.088684E-02
   3.118814061586E+08   9.740507E+01   2.631101E+00   9.847803E-01   2.513837E-02   1.256918E-02
   3.118815061586E+08   9.754171E+01   2.631323E+00   9.852744E-01   1.884432E-02   1.087977E-02
   3.118816061586E+08   9.458728E+01   2.591535E+00   9.850620E-01   1.884838E-02   1.088212E-02
   3.118817061586E+08   1.022394E+02   2.694111E+00   9.850526E-01   1.884856E-02   1.088222E-02
   3.118818061586E+08   9.778225E+01   2.634347E+00   9.847198E-01   1.256996E-02   8.888301E-03
   3.118819061586E+08   9.616729E+01   2.611179E+00   9.850150E-01   6.283094E-03   6.283094E-03
   3.118820061586E+08   9.613620E+01   2.613083E+00   9.854376E-01   2.512160E-02   1.256080E-02
   3.118821061586E+08   9.590572E+01   2.608522E+00   9.850683E-01   1.256551E-02   8.885156E-03
   3.118822061586E+08   9.592248E+01   2.607417E+00   9.853464E-01   6.280981E-03   6.280981E-03
   3.118823061586E+08   9.982722E+01   2.663325E+00   9.856199E-01   3.139619E-02   1.404080E-02
   3.118824061586E+08   9.872522E+01   2.648466E+00   9.850424E-01   2.513168E-02   1.256584E-02
   3.118825061586E+08   9.757285E+01   2.633342E+00   9.855051E-01   3.139985E-02   1.404244E-02
   3.118826061586E+08   1.010133E+02   2.675908E+00   9.844751E-01   0.000000E+00   0.000000E+00
   3.118827061586E+08   1.026092E+02   2.701833E+00   9.850012E-01   3.769910E-02   1.539059E-02
   3.118828061586E+08           NULL           NULL   0.000000E+00           NULL           NULL
   3.118829061586E+08   9.862617E+01   2.643098E+00   9.859303E-01   6.277262E-03   6.277262E-03
   3.118830061586E+08   9.814925E+01   2.639450E+00   9.845929E-01   1.257158E-02   8.889447E-03
   3.118831061586E+08   9.713484E+01   2.628230E+00   9.849199E-01   3.141851E-02   1.405078E-02
   3.118832061586E+08   1.008410E+02   2.677429E+00   9.844444E-01   2.514695E-02   1.257347E-02
   3.118833061586E+08   9.931701E+01   2.653637E+00   9.856640E-01   1.255792E-02   8.879787E-03
   3.118834061586E+08   9.828348E+01   2.642327E+00   9.852094E-01   2.512742E-02   1.256371E-02
   3.118835061586E+08   1.004221E+02   2.667387E+00   9.856714E-01   6.278910E-03   6.278910E-03
   3.118836061586E+08   9.971856E+01   2.661155E+00   9.847609E-01   1.885415E-02   1.088545E-02
   3.118837061586E+08   9.670299E+01   6.046608E+00   1.860149E-01   6.654242E-02   4.705260E-02
