   2.951893516730E+08   2.805695E+02   5.343393E+00   8.767943E-01   7.463519E-02   1.100436E-02
   2.951894516730E+08   2.699538E+02   5.261443E+00   8.692629E-01   4.585265E-02   8.665335E-03
   2.951895516730E+08   2.657458E+02   5.202430E+00   8.760003E-01   6.818652E-02   1.052141E-02
   2.951896516730E+08   2.651416E+02   5.224658E+00   8.667778E-01   7.379593E-02   1.100085E-02
   2.951897516730E+08   2.585741E+02   5.177576E+00   8.597816E-01   4.300766E-02   8.434496E-03
   2.951898516730E+08   2.661406E+02   5.212667E+00   8.741289E-01   7.644540E-02   1.115071E-02
   2.951899516730E+08   2.684134E+02   5.213256E+00   8.809810E-01   6.456798E-02   1.020909E-02
   2.951900516730E+08   2.675778E+02   5.207323E+00   8.799800E-01   5.651078E-02   9.552064E-03
   2.951901516730E+08   2.566080E+02   6.519353E+00   5.386841E-01   6.633201E-02   1.326640E-02
   2.951902516730E+08   2.545900E+02   5.073891E+00   8.824796E-01   7.088427E-02   1.068621E-02
   2.951903516730E+08   2.694915E+02   5.239910E+00   8.753347E-01   5.843644E-02   9.739406E-03
   2.951904516730E+08   2.739391E+02   5.275302E+00   8.781075E-01   6.639137E-02   1.036859E-02
   2.951905516730E+08   2.720014E+02   5.296134E+00   8.647311E-01   5.593971E-02   9.593581E-03
   2.951906516730E+08   2.692215E+02   5.263914E+00   8.665776E-01   6.073220E-02   9.984313E-03
   2.951907516730E+08   2.713707E+02   6.653159E+00   5.463021E-01   3.661940E-02   9.786945E-03
   2.951908516730E+08   2.601167E+02   5.156758E+00   8.723751E-01   5.711342E-02   9.653930E-03
   2.951909516730E+08   2.723258E+02   5.258983E+00   8.782188E-01   6.158051E-02   9.989677E-03
   2.951910516730E+08   2.687018E+02   5.222116E+00   8.789940E-01   6.638353E-02   1.036737E-02
   2.951911516730E+08   2.694808E+02   5.229568E+00   8.792372E-01   7.283304E-02   1.085731E-02
   2.951912516730E+08   2.687849E+02   6.677897E+00   5.379257E-01   7.702903E-02   1.430393E-02
   2.951913516730E+08   0.000000E+00   0.000000E+00   2.696940E-04   0.000000E+00   0.000000E+00
   2.951914516730E+08   2.551187E+02   5.091114E+00   8.784580E-01   7.444585E-02   1.097644E-02
   2.951915516730E+08   2.694232E+02   5.234149E+00   8.773028E-01   6.643526E-02   1.037545E-02
   2.951916516730E+08   2.714951E+02   5.338520E+00   8.506119E-01   9.203345E-02   1.240979E-02
   2.951917516730E+08   2.741715E+02   6.775802E+00   5.327371E-01   6.708261E-02   1.341652E-02
   2.951918516730E+08   2.609285E+02   5.196806E+00   8.621142E-01   7.087316E-02   1.080806E-02
   2.951919516730E+08   2.717117E+02   5.304132E+00   8.614849E-01   6.455400E-02   1.033691E-02
   2.951920516730E+08   2.620169E+02   5.168581E+00   8.744409E-01   4.885510E-02   8.919680E-03
   2.951921516730E+08   2.636763E+02   5.198922E+00   8.703864E-01   6.867474E-02   1.059674E-02
   2.951922516730E+08   2.641873E+02   6.611257E+00   5.389672E-01   5.311290E-02   1.187641E-02
   2.951923516730E+08   2.690820E+02   5.261995E+00   8.665512E-01   5.424852E-02   9.443454E-03
   2.951924516730E+08   2.733545E+02   5.273238E+00   8.768225E-01   6.323553E-02   1.012579E-02
   2.951925516730E+08   2.769700E+02   5.361572E+00   8.595029E-01   6.775969E-02   1.058229E-02
   2.951926516730E+08   2.704596E+02   5.238048E+00   8.784026E-01   3.720426E-02   7.757625E-03
   2.951927516730E+08   2.741126E+02   6.020462E+00   6.741792E-01   4.844377E-02   1.010123E-02
   2.951928516730E+08   2.651443E+02   5.665193E+00   7.366794E-01   5.418995E-02   1.024094E-02
   2.951929516730E+08   2.821202E+02   5.381812E+00   8.689544E-01   7.038376E-02   1.073342E-02
   2.951930516730E+08   2.612098E+02   5.153790E+00   8.776847E-01   7.612866E-02   1.110451E-02
   2.951931516730E+08   0.000000E+00   0.000000E+00   2.686633E-04   0.000000E+00   0.000000E+00
   2.951932516730E+08   2.800747E+02   6.811827E+00   5.388886E-01   9.012443E-02   1.545621E-02
   2.951933516730E+08   2.670138E+02   5.303838E+00   8.466982E-01   6.390872E-02   1.036736E-02
   2.951934516730E+08   2.750151E+02   5.288884E+00   8.769802E-01   6.495539E-02   1.027035E-02
   2.951935516730E+08   2.637226E+02   5.190758E+00   8.732712E-01   6.843963E-02   1.056046E-02
   2.951936516730E+08   2.717572E+02   5.281283E+00   8.689708E-01   6.054392E-02   9.953359E-03
   2.951937516730E+08   2.691493E+02   5.308982E+00   8.518384E-01   6.508970E-02   1.042269E-02
   2.951938516730E+08   2.726346E+02   6.538675E+00   5.685723E-01   5.279207E-02   1.152017E-02
   2.951939516730E+08   2.671110E+02   5.213581E+00   8.766163E-01   6.486080E-02   1.025539E-02
   2.951940516730E+08   2.726360E+02   5.270667E+00   8.751203E-01   5.530630E-02   9.484953E-03
   2.951941516730E+08   2.740300E+02   5.305763E+00   8.682106E-01   6.229282E-02   1.010523E-02
   2.951942516730E+08   2.760170E+02   6.743881E+00   5.410640E-01   5.013933E-02   1.150275E-02
   2.951943516730E+08   2.715884E+02   5.260128E+00   8.748913E-01   4.391130E-02   8.450733E-03
   2.951944516730E+08   2.708725E+02   5.260203E+00   8.729357E-01   5.537589E-02   9.496886E-03
   2.951945516730E+08   2.743023E+02   5.281551E+00   8.779203E-01   8.911949E-02   1.201687E-02
   2.951946516730E+08   2.679023E+02   5.235849E+00   8.726072E-01   9.119854E-02   1.218692E-02
   2.951947516730E+08   2.639073E+02   6.606796E+00   5.407705E-01   1.322203E-01   1.869878E-02
   2.951948516730E+08   2.650390E+02   5.226427E+00   8.658125E-01   7.244302E-02   1.092120E-02
   2.951949516730E+08   2.681061E+02   5.248139E+00   8.681895E-01   6.069082E-02   9.977510E-03
   2.951950516730E+08   0.000000E+00   0.000000E+00   2.302730E-04   0.000000E+00   0.000000E+00
   2.951951516730E+08   2.892775E+02   6.931401E+00   5.366531E-01   4.525976E-02   1.097710E-02
   2.951952516730E+08   2.747141E+02   5.286359E+00   8.774329E-01   8.281221E-02   1.159603E-02
   2.951953516730E+08   2.719638E+02   5.251886E+00   8.795778E-01   6.624311E-02   1.034544E-02
   2.951954516730E+08   2.761500E+02   5.361474E+00   8.564350E-01   4.981533E-02   9.094994E-03
   2.951955516730E+08   2.676952E+02   6.515017E+00   5.625826E-01   6.349395E-02   1.269879E-02
   2.951956516730E+08   2.605218E+02   5.157075E+00   8.735088E-01   5.371084E-02   9.349857E-03
   2.951957516730E+08   2.805110E+02   5.351892E+00   8.734841E-01   6.357196E-02   1.017966E-02
   2.951958516730E+08   2.842473E+02   5.424336E+00   8.613318E-01   5.449823E-02   9.486924E-03
   2.951959516730E+08   2.733475E+02   6.711887E+00   5.412281E-01   6.338559E-02   1.293853E-02
   2.951960516730E+08   2.817870E+02   5.399439E+00   8.616800E-01   5.115006E-02   9.186822E-03
   2.951961516730E+08   nan nan 0.000000000000000000e+00 nan nan
   2.951962516730E+08   2.809445E+02   5.350534E+00   8.756239E-01   7.472271E-02   1.101726E-02
   2.951963516730E+08   2.779587E+02   8.762485E+00   3.231234E-01   8.354566E-02   1.916669E-02
