   2.951781519731E+08   2.578092E+02   5.740539E+00   8.685572E-01   3.271802E-02   7.315971E-03
   2.951782519731E+08   2.634319E+02   5.803364E+00   8.688982E-01   4.571295E-02   8.638936E-03
   2.951783519731E+08   2.649432E+02   5.816092E+00   8.699163E-01   4.245007E-02   8.325143E-03
   2.951784519731E+08   2.575879E+02   5.711061E+00   8.776091E-01   5.173985E-02   9.146399E-03
   2.951785519731E+08   2.568992E+02   5.716319E+00   8.731157E-01   3.902337E-02   7.965612E-03
   2.951786519731E+08   2.576250E+02   5.719899E+00   8.749623E-01   5.027074E-02   9.028891E-03
   2.951787519731E+08           NULL           NULL   0.000000E+00           NULL           NULL
   2.951788519731E+08           NULL           NULL   0.000000E+00           NULL           NULL
   2.951789519731E+08   2.537889E+02   5.673014E+00   8.756402E-01   3.570880E-02   7.613142E-03
   2.951790519731E+08   2.521727E+02   5.638835E+00   8.805003E-01   3.223078E-02   7.207022E-03
   2.951791519731E+08   2.543907E+02   5.684213E+00   8.748185E-01   4.868935E-02   8.889419E-03
   2.951792519731E+08   2.538114E+02   7.416060E+00   5.123895E-01   3.340560E-02   9.643366E-03
   2.951793519731E+08   2.591510E+02   5.777442E+00   8.621681E-01   3.786743E-02   7.895906E-03
   2.951794519731E+08   2.564555E+02   5.717762E+00   8.711712E-01   3.903164E-02   7.967300E-03
   2.951795519731E+08   2.596237E+02   5.755918E+00   8.705403E-01   4.570449E-02   8.637337E-03
   2.951796519731E+08   2.586801E+02   6.701889E+00   6.395622E-01   3.785463E-02   9.181096E-03
   2.951797519731E+08   2.520765E+02   6.107638E+00   7.508009E-01   4.731506E-02   9.463011E-03
   2.951798519731E+08   2.529501E+02   5.645833E+00   8.818673E-01   5.152265E-02   9.108004E-03
   2.951799519731E+08           NULL           NULL   0.000000E+00           NULL           NULL
   2.951800519731E+08           NULL           NULL   0.000000E+00           NULL           NULL
   2.951801519731E+08           NULL           NULL   0.000000E+00           NULL           NULL
   2.951802519731E+08           NULL           NULL   0.000000E+00           NULL           NULL
   2.951803519731E+08           NULL           NULL   0.000000E+00           NULL           NULL
   2.951804519731E+08   0.000000E+00   0.000000E+00   2.685022E-04   0.000000E+00   0.000000E+00
   2.951805519731E+08   2.614435E+02   7.585396E+00   5.052407E-01   6.489144E-02   1.353080E-02
   2.951806519731E+08           NULL           NULL   0.000000E+00           NULL           NULL
   2.951807519731E+08           NULL           NULL   0.000000E+00           NULL           NULL
   2.951808519731E+08           NULL           NULL   0.000000E+00           NULL           NULL
   2.951809519731E+08           NULL           NULL   0.000000E+00           NULL           NULL
   2.951810519731E+08   2.717803E+02   5.942644E+00   8.550807E-01   5.155336E-02   9.259257E-03
   2.951811519731E+08   0.000000E+00   0.000000E+00   2.691001E-04   0.000000E+00   0.000000E+00
   2.951812519731E+08   2.620911E+02   7.542443E+00   5.119085E-01   5.014436E-02   1.181914E-02
   2.951813519731E+08   2.700395E+02   5.876836E+00   8.689809E-01   5.726363E-02   9.679320E-03
   2.951814519731E+08   0.000000E+00   0.000000E+00   1.703498E-06   0.000000E+00   0.000000E+00
   2.951815519731E+08   2.660868E+02   6.418002E+00   7.180533E-01   5.936867E-02   1.083919E-02
   2.951816519731E+08   2.711943E+02   6.869751E+00   6.386068E-01   5.558599E-02   1.111720E-02
   2.951817519731E+08   2.740800E+02   5.877014E+00   8.815339E-01   4.831472E-02   8.821022E-03
   2.951818519731E+08   2.583882E+02   5.748335E+00   8.686976E-01   4.578920E-02   8.653346E-03
   2.951819519731E+08   2.490785E+02   7.325530E+00   5.156400E-01   4.422831E-02   1.105708E-02
   2.951820519731E+08   2.696218E+02   5.847214E+00   8.753739E-01   3.082496E-02   7.071731E-03
   2.951821519731E+08   2.638213E+02   5.796381E+00   8.724760E-01   5.048407E-02   9.067208E-03
   2.951822519731E+08   2.610237E+02   6.404223E+00   7.067419E-01   3.822112E-02   8.768526E-03
   2.951823519731E+08   2.765793E+02   6.800930E+00   6.647606E-01   6.412852E-02   1.170821E-02
   2.951824519731E+08   2.642599E+02   5.824579E+00   8.650937E-01   4.105204E-02   8.210408E-03
   2.951825519731E+08   2.654612E+02   5.800250E+00   8.760318E-01   3.401749E-02   7.423225E-03
   2.951826519731E+08   2.595044E+02   7.311543E+00   5.390421E-01   3.702632E-02   9.895702E-03
   2.951827519731E+08   2.518014E+02   5.685768E+00   8.663348E-01   6.887682E-02   1.062792E-02
   2.951828519731E+08   2.769281E+02   5.943848E+00   8.710385E-01   5.544410E-02   9.508585E-03
   2.951829519731E+08   2.647685E+02   7.571906E+00   5.128338E-01   3.894186E-02   1.040765E-02
   2.951830519731E+08   2.794041E+02   5.968444E+00   8.711950E-01   4.565861E-02   8.628665E-03
   2.951831519731E+08   2.672091E+02   5.818099E+00   8.771209E-01   5.177191E-02   9.152067E-03
   2.951832519731E+08   2.634876E+02   5.847834E+00   8.566926E-01   6.476470E-02   1.037065E-02
   2.951833519731E+08   2.667857E+02   7.514365E+00   5.249234E-01   4.884714E-02   1.151338E-02
   2.951834519731E+08   2.749429E+02   5.923477E+00   8.701844E-01   4.077624E-02   8.155248E-03
   2.951835519731E+08   2.682941E+02   5.880597E+00   8.618262E-01   4.613214E-02   8.718154E-03
   2.951836519731E+08   2.760921E+02   7.762088E+00   5.091770E-01   5.322042E-02   1.220960E-02
   2.951837519731E+08   2.678745E+02   5.834663E+00   8.739918E-01   4.390236E-02   8.449014E-03
   2.951838519731E+08   2.666353E+02   5.852134E+00   8.649898E-01   4.927745E-02   8.996790E-03
   2.951839519731E+08   2.689542E+02   5.834015E+00   8.780233E-01   5.173752E-02   9.145987E-03
   2.951840519731E+08   2.811154E+02   7.787969E+00   5.143883E-01   2.774781E-02   8.774627E-03
   2.951841519731E+08   2.673547E+02   5.830658E+00   8.735622E-01   4.548017E-02   8.594943E-03
   2.951842519731E+08   2.712618E+02   5.887521E+00   8.692089E-01   4.410159E-02   8.487355E-03
   2.951843519731E+08   2.669581E+02   7.550419E+00   5.201349E-01   4.385127E-02   1.096282E-02
   2.951844519731E+08   2.662608E+02   5.830053E+00   8.707883E-01   6.036083E-02   9.923260E-03
   2.951845519731E+08   2.690671E+02   5.878095E+00   8.652966E-01   5.247672E-02   9.276661E-03
   2.951846519731E+08   2.637234E+02   7.352268E+00   5.415280E-01   2.894331E-02   8.726737E-03
   2.951847519731E+08   2.615763E+02   5.753337E+00   8.783904E-01   5.826014E-02   9.710023E-03
   2.951848519731E+08   2.712341E+02   5.903770E+00   8.641573E-01   3.948328E-02   8.059490E-03
   2.951849519731E+08   2.740419E+02   6.428615E+00   7.369049E-01   5.594970E-02   1.038960E-02
   2.951850519731E+08   2.657189E+02   6.733465E+00   6.511044E-01   4.816054E-02   1.026786E-02
   2.951851519731E+08   2.790600E+02   9.762699E+00   3.253718E-01   5.672719E-02   1.573329E-02
