   2.817077164794E+08   2.605613E+02   1.797477E+00   9.863867E-01   5.586886E+00   6.325902E-01
   2.817078164794E+08   2.610778E+02   1.803783E+00   9.868110E-01   5.799271E+00   6.443634E-01
   2.817079164794E+08   2.629595E+02   1.809091E+00   9.869671E-01   5.798354E+00   6.442615E-01
   2.817080164794E+08   2.571465E+02   1.782211E+00   9.863455E-01   5.372230E+00   6.203316E-01
   2.817081164794E+08   2.590246E+02   1.787727E+00   9.863607E-01   5.372147E+00   6.203220E-01
   2.817082164794E+08   2.608290E+02   1.822114E+00   9.868490E-01   6.586573E+00   6.866977E-01
   2.817083164794E+08   2.612939E+02   1.785201E+00   9.867377E-01   5.012088E+00   5.990591E-01
   2.817084164794E+08   2.646356E+02   1.786367E+00   9.865960E-01   4.654750E+00   5.773507E-01
   2.817085164794E+08   2.627544E+02   1.850084E+00   9.866889E-01   7.518504E+00   7.337309E-01
   2.817086164794E+08   2.631209E+02   1.831254E+00   9.860942E-01   6.663262E+00   6.909481E-01
   2.817087164794E+08   2.555427E+02   1.826162E+00   9.865771E-01   7.376131E+00   7.267917E-01
   2.817088164794E+08   2.587057E+02   1.807923E+00   9.862626E-01   6.232311E+00   6.681738E-01
   2.817089164794E+08   2.590837E+02   1.799685E+00   9.868379E-01   5.870707E+00   6.483111E-01
   2.817090164794E+08   2.606913E+02   1.799710E+00   9.862903E-01   5.659065E+00   6.366946E-01
   2.817091164794E+08   2.588419E+02   1.785490E+00   9.862984E-01   5.300853E+00   6.162117E-01
   2.817092164794E+08   2.593207E+02   1.791710E+00   9.867489E-01   5.513235E+00   6.282914E-01
   2.817093164794E+08   2.612368E+02   1.802797E+00   9.865304E-01   5.729304E+00   6.405557E-01
   2.817094164794E+08   2.574153E+02   1.761343E+00   9.866765E-01   4.511159E+00   5.683526E-01
   2.817095164794E+08   2.629007E+02   1.802163E+00   9.867641E-01   5.513149E+00   6.282817E-01
   2.817096164794E+08   2.589033E+02   1.790706E+00   9.865372E-01   5.514418E+00   6.284262E-01
   2.817097164794E+08   2.605690E+02   1.767606E+00   9.862425E-01   4.369870E+00   5.595045E-01
   2.817098164794E+08   2.564668E+02   1.806695E+00   9.862108E-01   6.447556E+00   6.796321E-01
   2.817099164794E+08   2.592059E+02   1.790409E+00   9.859883E-01   5.445831E+00   6.246797E-01
   2.817100164794E+08   2.582142E+02   1.791719E+00   9.869959E-01   5.655019E+00   6.362394E-01
   2.817101164794E+08   2.571238E+02   1.776237E+00   9.869244E-01   5.154315E+00   6.074419E-01
   2.817102164794E+08   2.595245E+02   1.809827E+00   9.867074E-01   6.229500E+00   6.678725E-01
   2.817103164794E+08   2.582766E+02   1.809483E+00   9.868920E-01   6.371516E+00   6.753793E-01
   2.817104164794E+08   2.547778E+02   1.788886E+00   9.867834E-01   5.942629E+00   6.522883E-01
   2.817105164794E+08   2.590566E+02   1.796244E+00   9.867064E-01   5.728282E+00   6.404414E-01
   2.817106164794E+08   2.586967E+02   1.775637E+00   9.868648E-01   4.939850E+00   5.946881E-01
   2.817107164794E+08   2.574904E+02   1.793202E+00   9.869055E-01   5.798716E+00   6.443018E-01
   2.817108164794E+08   2.548934E+02   1.809803E+00   9.871585E-01   6.799220E+00   6.975852E-01
   2.817109164794E+08   2.578253E+02   1.797687E+00   9.869055E-01   5.941894E+00   6.522076E-01
   2.817110164794E+08   2.575895E+02   1.773749E+00   9.872392E-01   5.009542E+00   5.987548E-01
   2.817111164794E+08   2.581265E+02   1.784941E+00   9.864979E-01   5.371399E+00   6.202358E-01
   2.817112164794E+08   2.595471E+02   1.794531E+00   9.863654E-01   5.587007E+00   6.326039E-01
   2.817113164794E+08   2.580527E+02   1.776030E+00   9.863513E-01   5.014052E+00   5.992938E-01
   2.817114164794E+08   2.549213E+02   1.775482E+00   9.864931E-01   5.371426E+00   6.202389E-01
   2.817115164794E+08   2.572825E+02   1.766202E+00   9.867748E-01   4.725505E+00   5.816695E-01
   2.817116164794E+08   2.567783E+02   1.768394E+00   9.866472E-01   4.869332E+00   5.904932E-01
   2.817117164794E+08   2.530717E+02   1.785619E+00   9.867944E-01   6.014160E+00   6.561987E-01
   2.817118164794E+08   2.589359E+02   1.782228E+00   9.863058E-01   5.157548E+00   6.078229E-01
   2.817119164794E+08   2.581421E+02   1.766804E+00   9.869465E-01   4.653097E+00   5.771456E-01
   2.817120164794E+08   2.577930E+02   1.801692E+00   9.863397E-01   6.088562E+00   6.603973E-01
   2.817121164794E+08   2.577908E+02   1.802697E+00   9.870295E-01   6.155888E+00   6.638064E-01
   2.817122164794E+08   2.550609E+02   1.770112E+00   9.869369E-01   5.154250E+00   6.074342E-01
   2.817123164794E+08   2.555492E+02   1.766236E+00   9.869258E-01   4.939545E+00   5.946514E-01
   2.817124164794E+08   2.546237E+02   1.775984E+00   9.868695E-01   5.440969E+00   6.241220E-01
   2.817125164794E+08   2.592703E+02   1.798468E+00   9.868503E-01   5.799040E+00   6.443378E-01
   2.817126164794E+08   2.525981E+02   1.802069E+00   9.865236E-01   6.731979E+00   6.943507E-01
   2.817127164794E+08   2.558148E+02   1.774365E+00   9.867013E-01   5.227085E+00   6.117840E-01
   2.817128164794E+08   2.583784E+02   1.783955E+00   9.864621E-01   5.299973E+00   6.161094E-01
   2.817129164794E+08   2.544510E+02   1.777652E+00   9.864769E-01   5.514755E+00   6.284646E-01
   2.817130164794E+08   2.573636E+02   1.783171E+00   9.860373E-01   5.373909E+00   6.205255E-01
   2.817131164794E+08   2.579385E+02   1.798647E+00   9.863116E-01   5.945472E+00   6.526003E-01
   2.817132164794E+08   2.538587E+02   1.775503E+00   9.868586E-01   5.512621E+00   6.282215E-01
   2.817133164794E+08   2.535821E+02   1.794230E+00   9.867196E-01   6.301026E+00   6.716917E-01
   2.817134164794E+08   2.528792E+02   1.776488E+00   9.865335E-01   5.657670E+00   6.365377E-01
   2.817135164794E+08   2.576378E+02   1.786594E+00   9.869147E-01   5.512308E+00   6.281858E-01
   2.817136164794E+08   2.539101E+02   1.782650E+00   9.869341E-01   5.798547E+00   6.442831E-01
   2.817137164794E+08   2.486805E+02   1.793825E+00   9.867955E-01   6.873318E+00   7.015051E-01
   2.817138164794E+08   2.515381E+02   1.773263E+00   9.858149E-01   5.661795E+00   6.370016E-01
   2.817139164794E+08   2.565081E+02   1.792444E+00   9.865581E-01   5.872372E+00   6.484950E-01
   2.817140164794E+08   2.563156E+02   1.788046E+00   9.868591E-01   5.727396E+00   6.403423E-01
   2.817141164794E+08   2.533904E+02   1.785065E+00   9.865379E-01   5.944108E+00   6.524506E-01
   2.817142164794E+08   2.545419E+02   1.790194E+00   9.865544E-01   6.015623E+00   6.563582E-01
   2.817143164794E+08   2.512971E+02   1.786268E+00   9.862435E-01   6.232431E+00   6.681867E-01
   2.817144164794E+08           NULL           NULL   0.000000E+00           NULL           NULL
   2.817145164794E+08   2.533361E+02   1.760115E+00   9.864592E-01   4.941882E+00   5.949326E-01
   2.817146164794E+08   2.564398E+02   1.791840E+00   9.869420E-01   5.870088E+00   6.482428E-01
   2.817147164794E+08   2.500899E+02   1.782017E+00   9.868988E-01   6.228293E+00   6.677431E-01
   2.817148164794E+08   2.497325E+02   1.763094E+00   9.870094E-01   5.511779E+00   6.281255E-01
   2.817149164794E+08   2.522287E+02   1.753778E+00   9.859028E-01   4.801346E+00   5.865778E-01
   2.817150164794E+08   2.537605E+02   1.822958E+00   9.863921E-01   7.449140E+00   7.304482E-01
   2.817151164794E+08   2.518730E+02   1.762819E+00   9.865378E-01   5.227951E+00   6.118854E-01
   2.817152164794E+08   2.529856E+02   1.750231E+00   9.863225E-01   4.584410E+00   5.730512E-01
   2.817153164794E+08   2.531951E+02   1.754333E+00   9.864434E-01   4.727093E+00   5.818650E-01
   2.817154164794E+08   2.552716E+02   1.788318E+00   9.870303E-01   5.869563E+00   6.481848E-01
   2.817155164794E+08   2.478984E+02   1.789933E+00   9.866487E-01   6.802733E+00   6.979457E-01
   2.817156164794E+08   2.513451E+02   1.801682E+00   9.867325E-01   6.873757E+00   7.015499E-01
   2.817157164794E+08   2.550992E+02   1.773977E+00   9.867429E-01   5.298465E+00   6.159341E-01
   2.817158164794E+08   2.527973E+02   1.757116E+00   9.860620E-01   4.872222E+00   5.908437E-01
   2.817159164794E+08   2.508240E+02   1.798116E+00   9.870073E-01   6.800261E+00   6.976921E-01
   2.817160164794E+08   2.509807E+02   1.774869E+00   9.860979E-01   5.803464E+00   6.448294E-01
   2.817161164794E+08   2.497778E+02   1.799844E+00   9.858211E-01   6.951779E+00   7.058463E-01
   2.817162164794E+08   2.552012E+02   1.878178E+00   9.105715E-01   6.517599E+00   7.111283E-01
   2.817163164794E+08   2.537131E+02   1.773218E+00   9.869371E-01   5.440596E+00   6.240792E-01
   2.817164164794E+08   2.498681E+02   1.779720E+00   9.867814E-01   6.157435E+00   6.639733E-01
   2.817165164794E+08   2.541440E+02   1.776523E+00   9.866893E-01   5.513567E+00   6.283293E-01
   2.817166164794E+08   2.544511E+02   1.799698E+00   9.872573E-01   6.440722E+00   6.789117E-01
   2.817167164794E+08   2.522580E+02   1.772910E+00   9.864986E-01   5.586252E+00   6.325185E-01
   2.817168164794E+08   2.507321E+02   1.791233E+00   9.866350E-01   6.516392E+00   6.831035E-01
   2.817169164794E+08   2.526703E+02   1.785935E+00   9.870456E-01   6.084208E+00   6.599250E-01
   2.817170164794E+08   2.500623E+02   1.776726E+00   9.868085E-01   6.014074E+00   6.561893E-01
   2.817171164794E+08   2.520606E+02   1.785356E+00   9.858947E-01   6.091311E+00   6.606954E-01
   2.817172164794E+08   2.533272E+02   1.763340E+00   9.867753E-01   5.083496E+00   6.033000E-01
   2.817173164794E+08   2.482052E+02   1.792873E+00   9.863871E-01   6.876164E+00   7.017956E-01
   2.817174164794E+08   2.539975E+02   1.772665E+00   9.865698E-01   5.371008E+00   6.201907E-01
   2.817175164794E+08   2.534006E+02   1.763851E+00   9.864894E-01   5.084969E+00   6.034748E-01
   2.817176164794E+08   2.526467E+02   1.763320E+00   9.865569E-01   5.156235E+00   6.076681E-01
   2.817177164794E+08   2.572295E+02   1.739304E+00   9.865742E-01   3.652270E+00   5.114200E-01
   2.817178164794E+08   2.560814E+02   1.762982E+00   9.864218E-01   4.727197E+00   5.818777E-01
   2.817179164794E+08   2.536393E+02   1.811590E+00   9.869611E-01   7.015335E+00   7.086558E-01
   2.817180164794E+08   2.535130E+02   1.776388E+00   9.867286E-01   5.584949E+00   6.323710E-01
   2.817181164794E+08           NULL           NULL   0.000000E+00           NULL           NULL
   2.817182164794E+08   2.519472E+02   1.789367E+00   9.867833E-01   6.300620E+00   6.716483E-01
   2.817183164794E+08   2.535161E+02   1.770951E+00   9.868473E-01   5.369498E+00   6.200162E-01
   2.817184164794E+08   2.572680E+02   1.778675E+00   9.866910E-01   5.227139E+00   6.117904E-01
   2.817185164794E+08   2.558971E+02   1.762165E+00   9.866863E-01   4.725929E+00   5.817217E-01
   2.817186164794E+08   2.571909E+02   1.773107E+00   9.867125E-01   5.012217E+00   5.990744E-01
   2.817187164794E+08   2.564856E+02   1.776093E+00   9.869515E-01   5.225760E+00   6.116289E-01
   2.817188164794E+08   2.522679E+02   1.787460E+00   9.861509E-01   6.161373E+00   6.643979E-01
   2.817189164794E+08   2.553428E+02   1.804869E+00   9.864877E-01   6.517365E+00   6.832055E-01
   2.817190164794E+08   2.539298E+02   1.774309E+00   9.865030E-01   5.442990E+00   6.243538E-01
   2.817191164794E+08   2.531020E+02   1.766434E+00   9.865825E-01   5.227714E+00   6.118577E-01
   2.817192164794E+08   2.555089E+02   1.780381E+00   9.868576E-01   5.512627E+00   6.282222E-01
   2.817193164794E+08   2.556894E+02   1.793352E+00   9.867508E-01   6.014425E+00   6.562276E-01
   2.817194164794E+08   2.573640E+02   1.810671E+00   9.865580E-01   6.516901E+00   6.831569E-01
   2.817195164794E+08   2.592177E+02   1.797150E+00   9.862933E-01   5.730681E+00   6.407097E-01
   2.817196164794E+08   2.595203E+02   1.799232E+00   9.868190E-01   5.799224E+00   6.443583E-01
   2.817197164794E+08   2.573576E+02   1.784228E+00   9.867023E-01   5.441891E+00   6.242277E-01
   2.817198164794E+08           NULL           NULL   0.000000E+00           NULL           NULL
   2.817199164794E+08   2.599544E+02   1.793580E+00   9.867373E-01   5.513299E+00   6.282988E-01
   2.817200164794E+08           NULL           NULL   0.000000E+00           NULL           NULL
   2.817201164794E+08   2.591461E+02   1.810341E+00   9.868251E-01   6.300353E+00   6.716198E-01
   2.817202164794E+08   2.541784E+02   1.782294E+00   9.863436E-01   5.730390E+00   6.406770E-01
   2.817203164794E+08   2.597418E+02   1.805509E+00   9.864488E-01   6.016267E+00   6.564286E-01
   2.817204164794E+08   2.570731E+02   1.788597E+00   9.867780E-01   5.656268E+00   6.363799E-01
   2.817205164794E+08   2.592327E+02   1.807545E+00   9.864203E-01   6.159689E+00   6.642164E-01
   2.817206164794E+08   2.585054E+02   1.813876E+00   9.866551E-01   6.516260E+00   6.830896E-01
   2.817207164794E+08   2.587313E+02   1.807416E+00   9.868063E-01   6.228877E+00   6.678057E-01
   2.817208164794E+08   2.611010E+02   1.807097E+00   9.870359E-01   5.941109E+00   6.521214E-01
   2.817209164794E+08   2.589606E+02   1.789257E+00   9.864016E-01   5.443550E+00   6.244180E-01
   2.817210164794E+08   2.615733E+02   1.814196E+00   9.865543E-01   6.158853E+00   6.641262E-01
   2.817211164794E+08   2.603743E+02   1.784321E+00   9.866750E-01   5.084012E+00   6.033612E-01
   2.817212164794E+08   2.603747E+02   1.807106E+00   9.866797E-01   6.014860E+00   6.562750E-01
   2.817213164794E+08   2.586993E+02   1.826757E+00   9.864587E-01   7.018909E+00   7.090168E-01
   2.817214164794E+08   2.603604E+02   1.782786E+00   9.864118E-01   5.013744E+00   5.992570E-01
   2.817215164794E+08   2.595258E+02   1.825927E+00   9.862396E-01   6.877193E+00   7.019005E-01
   2.817216164794E+08   2.587552E+02   1.791357E+00   9.871794E-01   5.582399E+00   6.320822E-01
   2.817217164794E+08   2.613148E+02   1.798620E+00   9.857277E-01   5.518946E+00   6.289423E-01
   2.817218164794E+08   2.614534E+02   1.825875E+00   9.866317E-01   6.659633E+00   6.905717E-01
   2.817219164794E+08   2.634205E+02   1.817289E+00   9.870403E-01   6.084241E+00   6.599286E-01
   2.817220164794E+08   2.643048E+02   1.810138E+00   9.863825E-01   5.658536E+00   6.366351E-01
   2.817221164794E+08   2.627948E+02   1.814056E+00   9.867492E-01   6.014436E+00   6.562287E-01
   2.817222164794E+08   2.616974E+02   1.805711E+00   9.866938E-01   5.799960E+00   6.444400E-01
   2.817223164794E+08   2.609513E+02   1.817898E+00   9.862751E-01   6.375501E+00   6.758018E-01
   2.817224164794E+08   2.619176E+02   1.797934E+00   9.863919E-01   5.443603E+00   6.244241E-01
   2.817225164794E+08   2.608069E+02   1.831155E+00   9.864026E-01   6.947682E+00   7.054302E-01
   2.817226164794E+08   2.581505E+02   1.800685E+00   9.866238E-01   6.015200E+00   6.563122E-01
   2.817227164794E+08   2.602993E+02   1.810323E+00   9.867212E-01   6.157811E+00   6.640138E-01
   2.817228164794E+08   2.600572E+02   1.794247E+00   9.863871E-01   5.515256E+00   6.285218E-01
   2.817229164794E+08   2.578034E+02   1.810282E+00   9.864883E-01   6.445743E+00   6.794409E-01
   2.817230164794E+08   2.574164E+02   1.786234E+00   9.866353E-01   5.513869E+00   6.283637E-01
   2.817231164794E+08   2.637836E+02   1.838359E+00   9.860467E-01   6.878538E+00   7.020378E-01
   2.817232164794E+08   2.583450E+02   1.804857E+00   9.865180E-01   6.159080E+00   6.641506E-01
   2.817233164794E+08   2.597173E+02   1.794493E+00   9.868768E-01   5.584111E+00   6.322760E-01
   2.817234164794E+08   2.611792E+02   1.793634E+00   9.867610E-01   5.369968E+00   6.200705E-01
   2.817235164794E+08   2.648056E+02   1.829119E+00   9.861756E-01   6.376144E+00   6.758699E-01
   2.817236164794E+08   2.573486E+02   1.792809E+00   9.868849E-01   5.798837E+00   6.443152E-01
   2.817237164794E+08   2.604279E+02   1.786002E+00   9.869074E-01   5.154404E+00   6.074523E-01
   2.817238164794E+08   2.587433E+02   1.820365E+00   9.861010E-01   6.734864E+00   6.946482E-01
   2.817239164794E+08           NULL           NULL   0.000000E+00           NULL           NULL
   2.817240164794E+08   2.622874E+02   1.777295E+00   9.869698E-01   4.581403E+00   5.726753E-01
   2.817241164794E+08   2.600871E+02   1.783873E+00   9.862894E-01   5.086000E+00   6.035971E-01
   2.817242164794E+08   2.601311E+02   1.802853E+00   9.867318E-01   5.871338E+00   6.483808E-01
   2.817243164794E+08   2.571810E+02   1.801218E+00   9.867489E-01   6.157638E+00   6.639952E-01
   2.817244164794E+08   2.567328E+02   1.810709E+00   9.864358E-01   6.589332E+00   6.869853E-01
   2.817245164794E+08   2.629170E+02   1.809509E+00   9.864559E-01   5.801359E+00   6.445954E-01
   2.817246164794E+08   2.584753E+02   1.805382E+00   9.863820E-01   6.159929E+00   6.642422E-01
   2.817247164794E+08   2.580751E+02   1.774613E+00   9.860673E-01   4.943846E+00   5.951691E-01
   2.817248164794E+08   2.568704E+02   1.801062E+00   9.860444E-01   6.162037E+00   6.644696E-01
   2.817249164794E+08   2.627785E+02   1.810339E+00   9.869339E-01   5.870136E+00   6.482481E-01
   2.817250164794E+08   2.569704E+02   1.795897E+00   9.862335E-01   5.945943E+00   6.526520E-01
   2.817251164794E+08   2.578182E+02   1.783852E+00   9.866718E-01   5.370453E+00   6.201265E-01
   2.817252164794E+08   2.571440E+02   1.817474E+00   9.861007E-01   6.806514E+00   6.983336E-01
   2.817253164794E+08   2.588114E+02   2.663400E+00   4.393465E-01   4.985135E+00   8.953567E-01
