3.285887388612689972e+08 nan nan 0.000000000000000000e+00 nan nan
3.285888388612689972e+08 nan nan 0.000000000000000000e+00 nan nan
3.285889388612689972e+08 nan nan 0.000000000000000000e+00 nan nan
3.285890388612689972e+08 nan nan 0.000000000000000000e+00 nan nan
3.285891388612689972e+08 nan nan 0.000000000000000000e+00 nan nan
3.285892388612689972e+08 nan nan 0.000000000000000000e+00 nan nan
3.285893388612689972e+08 nan nan 0.000000000000000000e+00 nan nan
3.285894388612689972e+08 nan nan 0.000000000000000000e+00 nan nan
3.285895388612689972e+08 nan nan 0.000000000000000000e+00 nan nan
3.285896388612689972e+08 0.000000000000000000e+00 0.000000000000000000e+00 1.435561330254131462e-06 0.000000000000000000e+00 0.000000000000000000e+00
3.285897388612689972e+08 1.053584716796875000e+03 1.561603260040283203e+01 6.169129014015197754e-01 9.393033385276794434e-02 2.100346051156520844e-02
3.285898388612689972e+08 1.034365112304687500e+03 1.480048084259033203e+01 6.741407513618469238e-01 8.435264229774475098e-02 1.988210901618003845e-02
3.285899388612689972e+08 1.043930297851562500e+03 1.472000885009765625e+01 6.876982450485229492e-01 7.492416352033615112e-02 1.873104088008403778e-02
3.285900388612689972e+08 1.049829589843750000e+03 1.481209182739257812e+01 6.832549571990966797e-01 9.381975978612899780e-02 2.097873575985431671e-02
3.285901388612689972e+08 nan nan 0.000000000000000000e+00 nan nan
3.285902388612689972e+08 1.060869750976562500e+03 1.489130306243896484e+01 6.830403208732604980e-01 8.910759538412094116e-02 2.044268324971199036e-02
3.285903388612689972e+08 1.056628662109375000e+03 1.471629142761230469e+01 6.969656348228454590e-01 1.172336488962173462e-01 2.344672940671443939e-02
3.285904388612689972e+08 1.056790283203125000e+03 1.472549724578857422e+01 6.956402659416198730e-01 7.505215704441070557e-02 1.876303926110267639e-02
3.285905388612689972e+08 1.070546997070312500e+03 1.486349868774414062e+01 6.917203068733215332e-01 7.980732619762420654e-02 1.935611851513385773e-02
3.285906388612689972e+08 1.029586669921875000e+03 1.453255844116210938e+01 6.964470744132995605e-01 1.170100271701812744e-01 2.340200543403625488e-02
3.285907388612689972e+08 1.069280883789062500e+03 1.568948650360107422e+01 6.204007267951965332e-01 1.077938377857208252e-01 2.247656881809234619e-02
3.285908388612689972e+08 1.076468261718750000e+03 1.670214653015136719e+01 5.511754155158996582e-01 1.126817092299461365e-01 2.300105802714824677e-02
3.285909388612689972e+08 1.027844238281250000e+03 1.465835571289062500e+01 6.834563016891479492e-01 1.220155134797096252e-01 2.392921037971973419e-02
3.285910388612689972e+08 1.088130859375000000e+03 1.500244045257568359e+01 6.906405091285705566e-01 1.218312606215476990e-01 2.389307506382465363e-02
3.285911388612689972e+08 0.000000000000000000e+00 0.000000000000000000e+00 3.534069401212036610e-04 0.000000000000000000e+00 0.000000000000000000e+00
3.285912388612689972e+08 1.058258911132812500e+03 1.479407405853271484e+01 6.902840733528137207e-01 8.427499979734420776e-02 1.986380666494369507e-02
3.285913388612689972e+08 1.057759155273437500e+03 1.609195518493652344e+01 5.832592248916625977e-01 9.383614361286163330e-02 2.098239958286285400e-02
3.285914388612689972e+08 1.075146606445312500e+03 1.624833679199218750e+01 5.814218521118164062e-01 8.913981914520263672e-02 2.045007795095443726e-02
3.285915388612689972e+08 1.086731323242187500e+03 1.506374073028564453e+01 6.837941408157348633e-01 9.365016222000122070e-02 2.094081230461597443e-02
3.285916388612689972e+08 1.087083374023437500e+03 1.471089172363281250e+01 7.175320386886596680e-01 1.170104518532752991e-01 2.340208925306797028e-02
3.285917388612689972e+08 1.089381713867187500e+03 1.498914432525634766e+01 6.922377943992614746e-01 8.892721682786941528e-02 2.040130272507667542e-02
3.285918388612689972e+08 1.082809448242187500e+03 1.495106697082519531e+01 6.918807625770568848e-01 1.124423593282699585e-01 2.295220084488391876e-02
3.285919388612689972e+08 1.078049682617187500e+03 1.727264595031738281e+01 5.160765051841735840e-01 1.078334152698516846e-01 2.248482219874858856e-02
3.285920388612689972e+08 nan nan 0.000000000000000000e+00 nan nan
3.285921388612689972e+08 nan nan 0.000000000000000000e+00 nan nan
3.285922388612689972e+08 nan nan 0.000000000000000000e+00 nan nan
3.285923388612689972e+08 1.087416748046875000e+03 1.617157554626464844e+01 5.933822393417358398e-01 6.562711298465728760e-02 1.753958314657211304e-02
3.285924388612689972e+08 1.067336303710937500e+03 1.621124649047851562e+01 5.800560712814331055e-01 1.079438030719757080e-01 2.250783890485763550e-02
3.285925388612689972e+08 1.059375732421875000e+03 1.516953468322753906e+01 6.568788290023803711e-01 5.634438991546630859e-02 1.626522466540336609e-02
3.285926388612689972e+08 1.067351562500000000e+03 1.490410995483398438e+01 6.861472725868225098e-01 9.844817221164703369e-02 2.148315124213695526e-02
3.285927388612689972e+08 1.088942871093750000e+03 1.483081436157226562e+01 7.066328525543212891e-01 7.521620392799377441e-02 1.880405098199844360e-02
3.285928388612689972e+08 1.089357910156250000e+03 1.496133327484130859e+01 6.952207684516906738e-01 1.217354610562324524e-01 2.387428842484951019e-02
3.285929388612689972e+08 0.000000000000000000e+00 0.000000000000000000e+00 3.138417469017440453e-06 0.000000000000000000e+00 0.000000000000000000e+00
3.285930388612689972e+08 1.077470825195312500e+03 1.697060966491699219e+01 5.343204736709594727e-01 1.075765937566757202e-01 2.243127115070819855e-02
3.285931388612689972e+08 1.070309204101562500e+03 1.523725223541259766e+01 6.584618687629699707e-01 1.124439984560012817e-01 2.295253612101078033e-02
3.285932388612689972e+08 1.079043212890625000e+03 1.498178195953369141e+01 6.869562268257141113e-01 1.358914226293563843e-01 2.523440308868885040e-02
3.285933388612689972e+08 nan nan 0.000000000000000000e+00 nan nan
3.285934388612689972e+08 nan nan 0.000000000000000000e+00 nan nan
3.285935388612689972e+08 nan nan 0.000000000000000000e+00 nan nan
3.285936388612689972e+08 1.039236328125000000e+03 1.462506389617919922e+01 6.940971016883850098e-01 1.171645745635032654e-01 2.343291416764259338e-02
3.285937388612689972e+08 1.075501220703125000e+03 1.494416046142578125e+01 6.881572604179382324e-01 1.357782483100891113e-01 2.521338686347007751e-02
3.285938388612689972e+08 1.100438232421875000e+03 1.486034965515136719e+01 7.111217975616455078e-01 6.568294018507003784e-02 1.755450479686260223e-02
3.285939388612689972e+08 1.064039062500000000e+03 1.483233737945556641e+01 6.905974745750427246e-01 9.386243671178817749e-02 2.098827809095382690e-02
3.285940388612689972e+08 1.076439208984375000e+03 1.638433647155761719e+01 5.728993415832519531e-01 1.266317814588546753e-01 2.437029778957366943e-02
3.285941388612689972e+08 1.082950927734375000e+03 1.554328346252441406e+01 6.398006081581115723e-01 7.505681365728378296e-02 1.876420341432094574e-02
3.285942388612689972e+08 1.064785400390625000e+03 1.483562374114990234e+01 6.904662847518920898e-01 7.029151916503906250e-02 1.814919151365756989e-02
3.285943388612689972e+08 1.024094482421875000e+03 1.450130367279052734e+01 6.960548162460327148e-01 1.407281756401062012e-01 2.569333091378211975e-02
3.285944388612689972e+08 1.070867309570312500e+03 1.484452342987060547e+01 6.938198208808898926e-01 8.920764923095703125e-02 2.046563848853111267e-02
3.285945388612689972e+08 1.092435913085937500e+03 1.527802371978759766e+01 6.684643030166625977e-01 1.125310510396957397e-01 2.297030575573444366e-02
3.285946388612689972e+08 1.105994995117187500e+03 1.652369308471679688e+01 5.785608291625976562e-01 1.129335463047027588e-01 2.305246330797672272e-02
3.285947388612689972e+08 1.067011352539062500e+03 1.565315341949462891e+01 6.217422485351562500e-01 8.895971626043319702e-02 2.040875889360904694e-02
3.285948388612689972e+08 1.070752929687500000e+03 1.494023513793945312e+01 6.843994259834289551e-01 5.153197422623634338e-02 1.553747523576021194e-02
3.285949388612689972e+08 1.082299072265625000e+03 1.490558052062988281e+01 6.955367326736450195e-01 9.349539875984191895e-02 2.090620808303356171e-02
3.285950388612689972e+08 1.065536987304687500e+03 1.478227329254150391e+01 6.964443922042846680e-01 1.078306287527084351e-01 2.248423919081687927e-02
3.285951388612689972e+08 1.096454956054687500e+03 1.505607223510742188e+01 6.909006834030151367e-01 1.169422715902328491e-01 2.338845469057559967e-02
3.285952388612689972e+08 1.066777709960937500e+03 1.548589420318603516e+01 6.353309750556945801e-01 1.076541766524314880e-01 2.244744822382926941e-02
3.285953388612689972e+08 1.086587524414062500e+03 1.687839889526367188e+01 5.444533228874206543e-01 7.974094897508621216e-02 1.934002153575420380e-02
3.285954388612689972e+08 1.044954833984375000e+03 1.478975105285644531e+01 6.822655200958251953e-01 1.030182167887687683e-01 2.196355909109115601e-02
3.285955388612689972e+08 1.068056762695312500e+03 1.486009979248046875e+01 6.910352110862731934e-01 1.262423545122146606e-01 2.429535239934921265e-02
3.285956388612689972e+08 1.093138061523437500e+03 1.482710456848144531e+01 7.101337313652038574e-01 1.078362390398979187e-01 2.248541079461574554e-02
3.285957388612689972e+08 8.148707275390625000e+02 1.126204681396484375e+01 9.176419377326965332e-01 8.442379534244537354e-02 1.989887841045856476e-02
3.285958388612689972e+08 1.084465454101562500e+03 1.641419982910156250e+01 5.751587152481079102e-01 1.355982124805450439e-01 2.517995610833168030e-02
3.285959388612689972e+08 1.079115966796875000e+03 1.602395439147949219e+01 6.003940701484680176e-01 1.222353205084800720e-01 2.397231757640838623e-02
3.285960388612689972e+08 1.082327392578125000e+03 1.500209617614746094e+01 6.870609521865844727e-01 1.268367320299148560e-01 2.440974116325378418e-02
3.285961388612689972e+08 1.080534057617187500e+03 1.471324348449707031e+01 7.131795287132263184e-01 1.312075257301330566e-01 2.479589171707630157e-02
3.285962388612689972e+08 1.098391967773437500e+03 1.576230430603027344e+01 6.308926939964294434e-01 6.562247127294540405e-02 1.753834262490272522e-02
3.285963388612689972e+08 1.085781005859375000e+03 1.667113113403320312e+01 5.581490397453308105e-01 1.266452074050903320e-01 2.437288127839565277e-02
3.285964388612689972e+08 1.098261962890625000e+03 1.492221927642822266e+01 7.044497728347778320e-01 1.124861687421798706e-01 2.296114154160022736e-02
3.285965388612689972e+08 1.094625122070312500e+03 1.509565448760986328e+01 6.860238909721374512e-01 1.079317256808280945e-01 2.250532060861587524e-02
3.285966388612689972e+08 1.096817626953125000e+03 1.524474334716796875e+01 6.740145087242126465e-01 1.077929288148880005e-01 2.247637882828712463e-02
3.285967388612689972e+08 1.110583007812500000e+03 1.690389633178710938e+01 5.550649762153625488e-01 1.078174784779548645e-01 2.248149923980236053e-02
3.285968388612689972e+08 1.083602172851562500e+03 1.473090839385986328e+01 7.127411365509033203e-01 7.513862103223800659e-02 1.878465525805950165e-02
3.285969388612689972e+08 1.106724975585937500e+03 1.506140327453613281e+01 6.969277858734130859e-01 1.219306141138076782e-01 2.391256205737590790e-02
3.285970388612689972e+08 1.092283447265625000e+03 1.485504341125488281e+01 7.069110274314880371e-01 1.076746359467506409e-01 2.245171368122100830e-02
3.285971388612689972e+08 1.072167602539062500e+03 1.585221958160400391e+01 6.090987920761108398e-01 8.450216054916381836e-02 1.991735026240348816e-02
3.285972388612689972e+08 1.063496459960937500e+03 1.519962692260742188e+01 6.574046015739440918e-01 1.029688715934753418e-01 2.195303700864315033e-02
3.285973388612689972e+08 1.061789306640625000e+03 1.594490337371826172e+01 5.964879393577575684e-01 1.084447503089904785e-01 2.711118757724761963e-02
