3.747821448388659954e+08 4.973836669921875000e+02 6.257433414459228516e+00 9.203402400016784668e-01 3.513857364654541016e+00 1.442968249320983887e-01
3.747822448388659954e+08 nan nan 0.000000000000000000e+00 nan nan
3.747823448388659954e+08 4.974983215332031250e+02 6.228152751922607422e+00 9.210032820701599121e-01 3.061263561248779297e+00 1.348953843116760254e-01
3.747824448388659954e+08 nan nan 0.000000000000000000e+00 nan nan
3.747825448388659954e+08 4.931300659179687500e+02 6.219400405883789062e+00 9.207805395126342773e-01 3.325323820114135742e+00 1.402703076601028442e-01
3.747826448388659954e+08 5.021107482910156250e+02 6.278269767761230469e+00 9.211754798889160156e-01 3.448956012725830078e+00 1.430868059396743774e-01
3.747827448388659954e+08 4.980898742675781250e+02 6.253823280334472656e+00 9.209663867950439453e-01 3.421872615814208984e+00 1.427019536495208740e-01
3.747828448388659954e+08 4.926704711914062500e+02 6.232867717742919922e+00 9.207810759544372559e-01 3.588874816894531250e+00 1.457880735397338867e-01
3.747829448388659954e+08 5.014785461425781250e+02 6.277051448822021484e+00 9.201617240905761719e-01 3.432785987854003906e+00 1.425386816263198853e-01
3.747830448388659954e+08 5.068295593261718750e+02 6.295858383178710938e+00 9.222187995910644531e-01 3.344722509384155273e+00 1.407135277986526489e-01
3.747831448388659954e+08 5.002733154296875000e+02 6.267940521240234375e+00 9.212900400161743164e-01 3.461909055709838867e+00 1.432548165321350098e-01
3.747832448388659954e+08 5.045442199707031250e+02 6.307865619659423828e+00 9.212794303894042969e-01 3.709108352661132812e+00 1.482457816600799561e-01
3.747833448388659954e+08 4.994059448242187500e+02 6.280870914459228516e+00 9.211823940277099609e-01 3.751497030258178711e+00 1.492265462875366211e-01
3.747834448388659954e+08 5.180323486328125000e+02 6.383242607116699219e+00 9.211026430130004883e-01 3.657833814620971680e+00 1.473783254623413086e-01
3.747835448388659954e+08 5.162354125976562500e+02 6.368330478668212891e+00 9.190419316291809082e-01 3.462468862533569336e+00 1.434008032083511353e-01
3.747836448388659954e+08 5.130538940429687500e+02 6.363523960113525391e+00 9.191652536392211914e-01 3.694757461547851562e+00 1.483850330114364624e-01
3.747837448388659954e+08 5.154359741210937500e+02 6.350317955017089844e+00 9.212576746940612793e-01 3.366906404495239258e+00 1.411480605602264404e-01
3.747838448388659954e+08 5.050003356933593750e+02 6.292994022369384766e+00 9.232305884361267090e-01 3.529833078384399414e+00 1.447090506553649902e-01
3.747839448388659954e+08 5.035309143066406250e+02 6.286675930023193359e+00 9.215160608291625977e-01 3.470167398452758789e+00 1.434737592935562134e-01
3.747840448388659954e+08 5.028818969726562500e+02 6.298937320709228516e+00 9.214779734611511230e-01 3.732348203659057617e+00 1.487003117799758911e-01
3.747841448388659954e+08 5.086099548339843750e+02 6.322026252746582031e+00 9.198188185691833496e-01 3.470396757125854492e+00 1.434832364320755005e-01
3.747842448388659954e+08 4.859131164550781250e+02 6.186632156372070312e+00 9.205202460289001465e-01 3.471313238143920898e+00 1.436439603567123413e-01
3.747843448388659954e+08 5.039355468750000000e+02 6.291481018066406250e+00 9.213435053825378418e-01 3.500805139541625977e+00 1.441258639097213745e-01
3.747844448388659954e+08 4.990903930664062500e+02 6.274185180664062500e+00 9.189072847366333008e-01 3.544585704803466797e+00 1.449488848447799683e-01
3.747845448388659954e+08 5.064561462402343750e+02 6.306483268737792969e+00 9.207352995872497559e-01 3.472173213958740234e+00 1.436795592308044434e-01
3.747846448388659954e+08 nan nan 0.000000000000000000e+00 nan nan
3.747847448388659954e+08 nan nan 0.000000000000000000e+00 nan nan
3.747848448388659954e+08 5.054451293945312500e+02 6.296080112457275391e+00 9.211702346801757812e-01 3.422080039978027344e+00 1.425866633653640747e-01
3.747849448388659954e+08 nan nan 0.000000000000000000e+00 nan nan
3.747850448388659954e+08 5.000830383300781250e+02 6.265866279602050781e+00 9.223793745040893555e-01 3.506900310516357422e+00 1.443767994642257690e-01
3.747851448388659954e+08 nan nan 0.000000000000000000e+00 nan nan
3.747852448388659954e+08 5.052849121093750000e+02 6.292633533477783203e+00 9.212473630905151367e-01 3.384984254837036133e+00 1.416571736335754395e-01
3.747853448388659954e+08 5.021724853515625000e+02 6.290171146392822266e+00 9.243028163909912109e-01 3.814708709716796875e+00 1.503205746412277222e-01
3.747854448388659954e+08 5.028382263183593750e+02 6.275600910186767578e+00 9.200572371482849121e-01 3.272744894027709961e+00 1.394236236810684204e-01
3.747855448388659954e+08 nan nan 0.000000000000000000e+00 nan nan
3.747856448388659954e+08 nan nan 0.000000000000000000e+00 nan nan
3.747857448388659954e+08 5.043082580566406250e+02 6.297849178314208984e+00 9.200783371925354004e-01 3.498722553253173828e+00 1.440401226282119751e-01
3.747858448388659954e+08 5.123675537109375000e+02 6.351423740386962891e+00 9.211133122444152832e-01 3.671278238296508789e+00 1.475611329078674316e-01
3.747859448388659954e+08 5.105461120605468750e+02 6.324791908264160156e+00 9.228224158287048340e-01 3.501196861267089844e+00 1.440199911594390869e-01
3.747860448388659954e+08 5.047425231933593750e+02 6.289693832397460938e+00 9.224064946174621582e-01 3.453740835189819336e+00 1.430393308401107788e-01
3.747861448388659954e+08 5.033538818359375000e+02 6.273346424102783203e+00 9.232194423675537109e-01 3.363164424896240234e+00 1.412396281957626343e-01
3.747862448388659954e+08 4.957334899902343750e+02 6.235496044158935547e+00 9.210398197174072266e-01 3.352312088012695312e+00 1.409081965684890747e-01
3.747863448388659954e+08 5.139443969726562500e+02 6.368813037872314453e+00 9.196645021438598633e-01 3.726088762283325195e+00 1.485688835382461548e-01
3.747864448388659954e+08 5.184050292968750000e+02 6.381405353546142578e+00 9.219273924827575684e-01 3.639130592346191406e+00 1.469831019639968872e-01
3.747865448388659954e+08 4.990464782714843750e+02 6.282380104064941406e+00 9.195932149887084961e-01 3.721652269363403320e+00 1.486284732818603516e-01
3.747866448388659954e+08 4.904376831054687500e+02 6.208197116851806641e+00 9.224187731742858887e-01 3.491069078445434570e+00 1.439692676067352295e-01
3.747867448388659954e+08 5.000563354492187500e+02 6.265208244323730469e+00 9.225441217422485352e-01 3.507846355438232422e+00 1.445382982492446899e-01
3.747868448388659954e+08 4.934234313964843750e+02 6.218182563781738281e+00 9.230942726135253906e-01 3.404518127441406250e+00 1.419782191514968872e-01
3.747869448388659954e+08 5.046044616699218750e+02 6.298574924468994141e+00 9.191154837608337402e-01 3.427977323532104492e+00 1.425850540399551392e-01
3.747870448388659954e+08 4.955666503906250000e+02 6.265754699707031250e+00 9.169295430183410645e-01 3.634103059768676758e+00 1.467800438404083252e-01
3.747871448388659954e+08 4.965412902832031250e+02 6.253178596496582031e+00 9.216230511665344238e-01 3.596309661865234375e+00 1.459697037935256958e-01
3.747872448388659954e+08 4.981348571777343750e+02 6.248136043548583984e+00 9.213837385177612305e-01 3.347643375396728516e+00 1.408364176750183105e-01
3.747873448388659954e+08 5.070261840820312500e+02 6.311432838439941406e+00 9.202557206153869629e-01 3.472080945968627930e+00 1.436757296323776245e-01
3.747874448388659954e+08 4.995781250000000000e+02 6.260357856750488281e+00 9.208867549896240234e-01 3.381735563278198242e+00 1.416453123092651367e-01
3.747875448388659954e+08 4.905781250000000000e+02 6.221050262451171875e+00 9.212384819984436035e-01 3.622105121612548828e+00 1.465346813201904297e-01
3.747876448388659954e+08 4.932030639648437500e+02 6.217798709869384766e+00 9.222011566162109375e-01 3.370316743850708008e+00 1.412910372018814087e-01
3.747877448388659954e+08 5.012067260742187500e+02 6.270917415618896484e+00 9.215224385261535645e-01 3.434255361557006836e+00 1.428461819887161255e-01
3.747878448388659954e+08 4.963521423339843750e+02 6.250753879547119141e+00 9.190927743911743164e-01 3.434234380722045898e+00 1.427219063043594360e-01
3.747879448388659954e+08 5.003482055664062500e+02 6.279725551605224609e+00 9.215838909149169922e-01 3.664813995361328125e+00 1.476595699787139893e-01
3.747880448388659954e+08 4.894932556152343750e+02 6.189744472503662109e+00 9.219599366188049316e-01 3.256760835647583008e+00 1.389951556921005249e-01
3.747881448388659954e+08 4.950715332031250000e+02 6.242446899414062500e+00 9.213315248489379883e-01 3.545474290847778320e+00 1.448641568422317505e-01
3.747882448388659954e+08 4.897824401855468750e+02 6.205333232879638672e+00 9.207946062088012695e-01 3.418418645858764648e+00 1.423106342554092407e-01
3.747883448388659954e+08 nan nan 0.000000000000000000e+00 nan nan
3.747884448388659954e+08 5.000008850097656250e+02 6.254310607910156250e+00 9.206599593162536621e-01 3.229537963867187500e+00 1.383382081985473633e-01
3.747885448388659954e+08 4.860794982910156250e+02 6.175844192504882812e+00 9.209401607513427734e-01 3.303651809692382812e+00 1.401060521602630615e-01
3.747886448388659954e+08 4.904384765625000000e+02 6.213951587677001953e+00 9.224464893341064453e-01 3.586222648620605469e+00 1.458006799221038818e-01
3.747887448388659954e+08 4.894806823730468750e+02 6.195709228515625000e+00 9.213365912437438965e-01 3.320754289627075195e+00 1.403274834156036377e-01
3.747888448388659954e+08 nan nan 0.000000000000000000e+00 nan nan
3.747889448388659954e+08 4.920809631347656250e+02 6.217485427856445312e+00 9.224280118942260742e-01 3.485283613204956055e+00 1.437306702136993408e-01
3.747890448388659954e+08 4.935669250488281250e+02 6.222143173217773438e+00 9.215500354766845703e-01 3.370424747467041016e+00 1.414198875427246094e-01
3.747891448388659954e+08 4.851324157714843750e+02 6.179034709930419922e+00 9.201266169548034668e-01 3.401919126510620117e+00 1.419933587312698364e-01
3.747892448388659954e+08 nan nan 0.000000000000000000e+00 nan nan
3.747893448388659954e+08 4.908797302246093750e+02 6.196750164031982422e+00 9.224216938018798828e-01 3.262694597244262695e+00 1.389954686164855957e-01
3.747894448388659954e+08 4.848406677246093750e+02 6.166646480560302734e+00 9.216324687004089355e-01 3.311290264129638672e+00 1.401780992746353149e-01
3.747895448388659954e+08 4.827922973632812500e+02 6.155031681060791016e+00 9.220458865165710449e-01 3.342538356781005859e+00 1.407462656497955322e-01
3.747896448388659954e+08 4.916398010253906250e+02 6.214979648590087891e+00 9.214742779731750488e-01 3.434392929077148438e+00 1.426054090261459351e-01
3.747897448388659954e+08 4.820729980468750000e+02 6.143730640411376953e+00 9.223890900611877441e-01 3.247813701629638672e+00 1.388664841651916504e-01
3.747898448388659954e+08 4.658467102050781250e+02 6.065276622772216797e+00 9.216502904891967773e-01 3.509686946868896484e+00 1.442472487688064575e-01
3.747899448388659954e+08 4.807043762207031250e+02 6.150475978851318359e+00 9.216306209564208984e-01 3.446996688842773438e+00 1.431287527084350586e-01
3.747900448388659954e+08 4.753160095214843750e+02 6.119313240051269531e+00 9.222911000251770020e-01 3.498072624206542969e+00 1.437699049711227417e-01
3.747901448388659954e+08 4.674619750976562500e+02 6.071538925170898438e+00 9.199169278144836426e-01 3.363522052764892578e+00 1.412546485662460327e-01
3.747902448388659954e+08 4.762428894042968750e+02 7.347682476043701172e+00 6.383355855941772461e-01 3.304935216903686523e+00 1.686542779207229614e-01
