   2.651697478836E+08   8.481782E+02   9.108567E+00   5.701281E-01   8.498420E-01   1.526361E-01
   2.651698478836E+08   8.403960E+02   1.023404E+01   4.482180E-01   9.415066E-01   1.811930E-01
   2.651699478836E+08   8.405502E+02   9.602203E+00   5.090652E-01   9.210789E-01   1.681652E-01
   2.651700478836E+08   8.438759E+02   9.742583E+00   4.950931E-01   7.576581E-01   1.546563E-01
   2.651701478836E+08   8.392501E+02   1.052846E+01   4.212772E-01   7.049115E-01   1.617178E-01
   2.651702478836E+08   8.390570E+02   9.654390E+00   5.025365E-01   9.019435E-01   1.674867E-01
   2.651703478836E+08   8.340352E+02   9.581541E+00   5.055873E-01   7.110181E-01   1.482575E-01
   2.651704478836E+08   8.353763E+02   9.937524E+00   4.709110E-01   7.301849E-01   1.556759E-01
   2.651705478836E+08   8.354763E+02   1.024876E+01   4.449252E-01   1.018732E+00   1.891738E-01
   2.651706478836E+08   8.206600E+02   9.461168E+00   5.120890E-01   9.156399E-01   1.671722E-01
   2.651707478836E+08   8.227679E+02   9.453348E+00   5.123773E-01   7.015957E-01   1.462928E-01
   2.651708478836E+08   8.325178E+02   9.858000E+00   4.755542E-01   5.587247E-01   1.355106E-01
   2.651709478836E+08   8.072814E+02   9.965819E+00   4.539720E-01   8.951446E-01   1.755523E-01
   2.651710478836E+08   8.271252E+02   9.576674E+00   5.022608E-01   7.468458E-01   1.524493E-01
   2.651711478836E+08   8.161876E+02   9.413422E+00   5.139604E-01   8.514857E-01   1.609157E-01
   2.651712478836E+08   8.135633E+02   9.438377E+00   5.078410E-01   6.463095E-01   1.410363E-01
   2.651713478836E+08   8.062520E+02   9.512424E+00   4.980502E-01   9.414498E-01   1.718844E-01
   2.651714478836E+08   7.978826E+02   9.855618E+00   4.569034E-01   6.499474E-01   1.491082E-01
   2.651715478836E+08   8.007011E+02   9.588280E+00   4.854579E-01   7.726959E-01   1.577259E-01
   2.651716478836E+08   8.139037E+02   9.432933E+00   5.128306E-01   1.127656E+00   1.853856E-01
   2.651717478836E+08   8.195888E+02   9.411233E+00   5.149686E-01   6.980653E-01   1.455567E-01
   2.651718478836E+08   7.874006E+02   9.328659E+00   5.025541E-01   5.598074E-01   1.319479E-01
   2.651719478836E+08   7.935701E+02   9.592702E+00   4.808117E-01   7.801626E-01   1.592500E-01
   2.651720478836E+08   8.084767E+02   9.933475E+00   4.591247E-01   1.089352E+00   1.925720E-01
   2.651721478836E+08   8.099116E+02   9.495117E+00   5.033490E-01   1.086795E+00   1.837020E-01
   2.651722478836E+08   8.072911E+02   9.430373E+00   5.069840E-01   8.940313E-01   1.660174E-01
   2.651723478836E+08   7.867692E+02   9.233733E+00   5.138041E-01   6.996474E-01   1.458866E-01
   2.651724478836E+08   7.956450E+02   9.305125E+00   5.132299E-01   8.831511E-01   1.639970E-01
   2.651725478836E+08   8.145719E+02   9.456374E+00   5.076002E-01   7.697809E-01   1.539562E-01
   2.651726478836E+08   7.924164E+02   9.294284E+00   5.102206E-01   6.432952E-01   1.403785E-01
   2.651727478836E+08   8.117618E+02   9.441529E+00   5.079940E-01   8.307190E-01   1.598720E-01
   2.651728478836E+08   7.957360E+02   9.716326E+00   4.692536E-01   6.994565E-01   1.526339E-01
   2.651729478836E+08   7.979043E+02   9.373760E+00   5.059057E-01   7.414649E-01   1.513509E-01
   2.651730478836E+08   8.041474E+02   9.647628E+00   4.805225E-01   6.505269E-01   1.454622E-01
   2.651731478836E+08   8.043990E+02   9.656820E+00   4.808335E-01   7.801273E-01   1.592428E-01
   2.651732478836E+08   7.813082E+02   9.238638E+00   5.092397E-01   6.445342E-01   1.406489E-01
   2.651733478836E+08   7.830128E+02   9.281748E+00   5.070204E-01   8.014877E-01   1.571847E-01
   2.651734478836E+08   7.844091E+02   9.256558E+00   5.092597E-01   6.445090E-01   1.406434E-01
   2.651735478836E+08   7.806719E+02   9.271382E+00   5.052874E-01   6.495757E-01   1.417490E-01
   2.651736478836E+08   7.889785E+02   9.304225E+00   5.083445E-01   7.994001E-01   1.567753E-01
   2.651737478836E+08   7.923893E+02   9.342550E+00   5.058180E-01   7.415935E-01   1.513771E-01
   2.651738478836E+08   7.851555E+02   9.306998E+00   5.086349E-01   1.136958E+00   1.869148E-01
   2.651739478836E+08   7.974019E+02   9.345355E+00   5.080952E-01   6.767474E-01   1.442830E-01
   2.651740478836E+08   7.904044E+02   9.343895E+00   5.038967E-01   6.823860E-01   1.454852E-01
   2.651741478836E+08   8.007052E+02   9.360177E+00   5.101625E-01   8.578245E-01   1.621136E-01
   2.651742478836E+08   7.890785E+02   9.304051E+00   5.089682E-01   8.598375E-01   1.624940E-01
   2.651743478836E+08   7.805186E+02   9.223717E+00   5.117407E-01   7.940948E-01   1.557348E-01
   2.651744478836E+08   7.933150E+02   9.283444E+00   5.122377E-01   6.712744E-01   1.431162E-01
   2.651745478836E+08   7.829115E+02   9.239837E+00   5.104050E-01   6.736848E-01   1.436301E-01
   2.651746478836E+08   7.893557E+02   9.580709E+00   4.816717E-01   1.038360E+00   1.835578E-01
   2.651747478836E+08   7.962839E+02   9.399683E+00   5.040388E-01   9.612728E-01   1.726497E-01
   2.651748478836E+08   7.910425E+02   9.597440E+00   4.802058E-01   9.438859E-01   1.752752E-01
   2.651749478836E+08   8.011495E+02   9.649228E+00   4.786140E-01   6.531209E-01   1.460423E-01
   2.651750478836E+08   7.908298E+02   9.342662E+00   5.051075E-01   7.735799E-01   1.547160E-01
   2.651751478836E+08   7.936399E+02   9.359011E+00   5.029382E-01   5.283032E-01   1.281324E-01
   2.651752478836E+08   7.994191E+02   9.335639E+00   5.114734E-01   7.945098E-01   1.558162E-01
   2.651753478836E+08   8.045646E+02   9.391191E+00   5.092190E-01   8.594140E-01   1.624140E-01
   2.651754478836E+08   7.904429E+02   9.289009E+00   5.100943E-01   7.047358E-01   1.469476E-01
   2.651755478836E+08   8.078478E+02   9.409805E+00   5.076517E-01   6.773386E-01   1.444091E-01
   2.651756478836E+08   8.154760E+02   9.548155E+00   4.996026E-01   9.072401E-01   1.684703E-01
   2.651757478836E+08   8.084658E+02   9.486900E+00   5.017581E-01   9.033427E-01   1.677465E-01
   2.651758478836E+08   8.015355E+02   9.619298E+00   4.831302E-01   8.087696E-01   1.617539E-01
   2.651759478836E+08   7.988948E+02   9.683848E+00   4.760754E-01   9.192451E-01   1.737210E-01
   2.651760478836E+08   7.979793E+02   9.627355E+00   4.802525E-01   8.136157E-01   1.627232E-01
   2.651761478836E+08   8.140508E+02   9.490580E+00   5.047331E-01   8.980182E-01   1.667578E-01
   2.651762478836E+08   7.985505E+02   9.380527E+00   5.071920E-01   9.244807E-01   1.687863E-01
   2.651763478836E+08   7.861631E+02   9.315218E+00   5.048576E-01   7.430043E-01   1.516651E-01
   2.651764478836E+08   8.164529E+02   9.461652E+00   5.081820E-01   7.688997E-01   1.537800E-01
   2.651765478836E+08   8.053248E+02   9.423607E+00   5.078248E-01   1.046439E+00   1.794628E-01
   2.651766478836E+08   8.164155E+02   9.770935E+00   4.755919E-01   6.572710E-01   1.469703E-01
   2.651767478836E+08   8.081788E+02   9.707556E+00   4.761991E-01   5.579680E-01   1.353271E-01
   2.651768478836E+08   8.234075E+02   9.770344E+00   4.791085E-01   5.872021E-01   1.384048E-01
   2.651769478836E+08   8.135664E+02   9.557684E+00   4.990599E-01   1.096136E+00   1.852807E-01
   2.651770478836E+08   7.975785E+02   9.339525E+00   5.128473E-01   1.127620E+00   1.853795E-01
   2.651771478836E+08   8.213672E+02   9.495451E+00   5.057401E-01   5.562808E-01   1.311166E-01
   2.651772478836E+08   8.237508E+02   9.526120E+00   5.055199E-01   7.420309E-01   1.514664E-01
   2.651773478836E+08   8.075236E+02   9.458346E+00   5.036460E-01   8.378907E-01   1.612521E-01
   2.651774478836E+08   8.063693E+02   9.441941E+00   5.044053E-01   8.056430E-01   1.579996E-01
   2.651775478836E+08   8.193465E+02   9.839993E+00   4.730136E-01   9.582378E-01   1.779403E-01
   2.651776478836E+08   8.260811E+02   1.007025E+01   4.545290E-01   8.596614E-01   1.719323E-01
   2.651777478836E+08   8.268276E+02   9.536709E+00   5.078037E-01   9.233671E-01   1.685830E-01
   2.651778478836E+08   8.232629E+02   9.450562E+00   5.137599E-01   7.909738E-01   1.551227E-01
   2.651779478836E+08   8.242235E+02   9.551999E+00   5.036203E-01   8.068988E-01   1.582459E-01
   2.651780478836E+08   8.312413E+02   1.036733E+01   4.310461E-01   7.977154E-01   1.700735E-01
   2.651781478836E+08   8.229111E+02   9.527303E+00   5.038472E-01   6.204118E-01   1.387283E-01
   2.651782478836E+08   8.287233E+02   9.510204E+00   5.125021E-01   1.006392E+00   1.751904E-01
   2.651783478836E+08   8.230883E+02   9.544050E+00   5.027282E-01   6.839721E-01   1.458233E-01
   2.651784478836E+08   8.479186E+02   9.707452E+00   5.009692E-01   7.487713E-01   1.528423E-01
   2.651785478836E+08   8.364340E+02   1.040258E+01   4.310287E-01   8.340088E-01   1.739029E-01
   2.651786478836E+08   8.341880E+02   9.551468E+00   5.096023E-01   7.974270E-01   1.563883E-01
   2.651787478836E+08   8.298461E+02   9.487502E+00   5.132710E-01   7.308252E-01   1.491791E-01
   2.651788478836E+08   8.237276E+02   9.676867E+00   4.921486E-01   1.016255E+00   1.796502E-01
   2.651789478836E+08   8.471669E+02   1.056103E+01   4.233325E-01   8.122506E-01   1.731724E-01
   2.651790478836E+08   8.393860E+02   9.630644E+00   5.033839E-01   6.830812E-01   1.456334E-01
   2.651791478836E+08   8.424964E+02   9.577263E+00   5.102801E-01   6.125906E-01   1.369794E-01
   2.651792478836E+08   8.548923E+02   1.002569E+01   4.730621E-01   6.938253E-01   1.514051E-01
   2.651793478836E+08   8.385999E+02   1.023057E+01   4.460552E-01   7.358336E-01   1.605721E-01
   2.651794478836E+08   8.509492E+02   9.755539E+00   4.983368E-01   8.154538E-01   1.599236E-01
   2.651795478836E+08   8.379401E+02   9.552319E+00   5.109751E-01   7.035210E-01   1.466943E-01
   2.651796478836E+08   8.429969E+02   1.030796E+01   4.422200E-01   8.129024E-01   1.695019E-01
   2.651797478836E+08   8.469682E+02   9.969117E+00   4.745581E-01   7.575083E-01   1.579514E-01
   2.651798478836E+08   8.515616E+02   9.695017E+00   5.068575E-01   1.048436E+00   1.798053E-01
   2.651799478836E+08   8.390479E+02   9.912086E+00   4.776284E-01   1.014426E+00   1.821964E-01
   2.651800478836E+08   8.407178E+02   1.023568E+01   4.482427E-01   9.414548E-01   1.811831E-01
   2.651801478836E+08   8.385551E+02   9.600610E+00   5.057558E-01   6.489741E-01   1.416178E-01
   2.651802478836E+08   8.606007E+02   9.727045E+00   5.082513E-01   9.840574E-01   1.739584E-01
   2.651803478836E+08   8.446957E+02   1.039194E+01   4.378190E-01   1.070966E+00   1.955307E-01
   2.651804478836E+08   8.538242E+02   1.005752E+01   4.695319E-01   6.990418E-01   1.525434E-01
   2.651805478836E+08   8.447454E+02   9.596440E+00   5.121355E-01   9.155569E-01   1.671571E-01
   2.651806478836E+08   8.398769E+02   1.006232E+01   4.633867E-01   9.444162E-01   1.784779E-01
   2.651807478836E+08   8.546039E+02   1.040191E+01   4.419446E-01   1.060968E+00   1.937054E-01
   2.651808478836E+08   8.434855E+02   9.654649E+00   5.053378E-01   9.278728E-01   1.694056E-01
   2.651809478836E+08   8.486207E+02   9.719366E+00   5.024297E-01   1.026568E+00   1.787025E-01
   2.651810478836E+08   8.332684E+02   1.020796E+01   4.467725E-01   9.445530E-01   1.817793E-01
   2.651811478836E+08   8.285941E+02   9.872954E+00   4.727165E-01   6.612691E-01   1.478643E-01
   2.651812478836E+08   8.306457E+02   9.525371E+00   5.120443E-01   1.007292E+00   1.753470E-01
   2.651813478836E+08   8.404245E+02   9.618203E+00   5.083396E-01   1.045379E+00   1.792811E-01
   2.651814478836E+08   8.654836E+02   1.041720E+01   4.446095E-01   8.436871E-01   1.722169E-01
   2.651815478836E+08   9.670125E+02   1.056834E+01   4.792852E-01   4.565444E-01   1.220166E-01
   2.651816478836E+08   8.695202E+02   9.831976E+00   5.023776E-01   9.644515E-01   1.732206E-01
   2.651817478836E+08   8.469710E+02   1.067479E+01   4.151399E-01   9.412273E-01   1.882454E-01
   2.651818478836E+08   8.942826E+02   1.026149E+01   4.726329E-01   7.605939E-01   1.585948E-01
   2.651819478836E+08   9.178915E+02   1.066084E+01   4.500444E-01   8.682276E-01   1.736455E-01
   2.651820478836E+08   8.467385E+02   1.065763E+01   4.153352E-01   7.902591E-01   1.724487E-01
   2.651821478836E+08   8.398604E+02   1.067062E+01   4.123320E-01   9.855422E-01   1.932807E-01
   2.651822478836E+08   8.257466E+02   9.910337E+00   4.704712E-01   1.029859E+00   1.849681E-01
   2.651823478836E+08   8.498938E+02   1.023222E+01   4.517744E-01   7.265183E-01   1.585393E-01
   2.651824478836E+08   8.303620E+02   1.049467E+01   4.211257E-01   9.278489E-01   1.855698E-01
   2.651825478836E+08   8.633247E+02   1.078426E+01   4.137533E-01   8.310557E-01   1.771817E-01
   2.651826478836E+08   8.365061E+02   1.019547E+01   4.487699E-01   8.358657E-01   1.706204E-01
   2.651827478836E+08   8.491330E+02   1.009814E+01   4.650707E-01   9.409965E-01   1.778316E-01
   2.651828478836E+08   8.503625E+02   1.061234E+01   4.213455E-01   8.902702E-01   1.817257E-01
   2.651829478836E+08   8.399491E+02   1.063389E+01   4.133976E-01   7.183476E-01   1.648002E-01
   2.651830478836E+08   8.541473E+02   1.064320E+01   4.187383E-01   5.972089E-01   1.493022E-01
   2.651831478836E+08   8.490530E+02   1.004320E+01   4.682843E-01   7.009042E-01   1.529498E-01
   2.651832478836E+08   8.396968E+02   1.025469E+01   4.468434E-01   1.049337E+00   1.915818E-01
   2.651833478836E+08   8.458108E+02   1.073702E+01   4.121291E-01   1.289420E+00   2.211338E-01
   2.651834478836E+08   8.504410E+02   1.077925E+01   4.098733E-01   1.105853E+00   2.053517E-01
   2.651835478836E+08   8.572047E+02   1.029857E+01   4.502869E-01   7.983392E-01   1.664652E-01
   2.651836478836E+08   8.568354E+02   1.009268E+01   4.666505E-01   5.358920E-01   1.339730E-01
   2.651837478836E+08   8.642456E+02   1.070146E+01   4.202839E-01   7.809541E-01   1.704181E-01
   2.651838478836E+08   8.657084E+02   1.081995E+01   4.121694E-01   8.342493E-01   1.778626E-01
   2.651839478836E+08   8.474539E+02   1.068357E+01   4.136868E-01   7.934080E-01   1.731358E-01
   2.651840478836E+08   8.463397E+02   1.040047E+01   4.374315E-01   1.000453E+00   1.890679E-01
   2.651841478836E+08   8.540911E+02   1.013484E+01   4.648739E-01   1.008637E+00   1.841512E-01
   2.651842478836E+08   8.749806E+02   1.074374E+01   4.223197E-01   8.141984E-01   1.735877E-01
   2.651843478836E+08   8.428893E+02   1.068351E+01   4.112664E-01   7.600737E-01   1.699577E-01
   2.651844478836E+08   8.565197E+02   1.079489E+01   4.092801E-01   7.637625E-01   1.707825E-01
   2.651845478836E+08   8.547153E+02   1.045136E+01   4.378980E-01   1.070773E+00   1.954954E-01
   2.651846478836E+08   8.604930E+02   1.013224E+01   4.654897E-01   6.043818E-01   1.424542E-01
   2.651847478836E+08   8.542443E+02   1.066878E+01   4.180589E-01   7.851104E-01   1.713251E-01
   2.651848478836E+08   8.482111E+02   1.069297E+01   4.143385E-01   9.430478E-01   1.886096E-01
   2.651849478836E+08   8.359865E+02   1.059286E+01   4.161874E-01   9.388583E-01   1.877717E-01
   2.651850478836E+08   8.552858E+02   1.014313E+01   4.635053E-01   8.430129E-01   1.686026E-01
   2.651851478836E+08   8.519647E+02   1.033844E+01   4.459601E-01   1.051415E+00   1.919613E-01
   2.651852478836E+08   8.505319E+02   1.080161E+01   4.085000E-01   1.147832E+00   2.095644E-01
   2.651853478836E+08   8.523262E+02   1.073261E+01   4.125115E-01   8.335575E-01   1.777151E-01
   2.651854478836E+08   8.532674E+02   1.036720E+01   4.414248E-01   6.727378E-01   1.543366E-01
   2.651855478836E+08   8.534589E+02   1.006431E+01   4.697166E-01   8.318654E-01   1.663731E-01
   2.651856478836E+08   8.466686E+02   1.061076E+01   4.206993E-01   1.040244E+00   1.965876E-01
   2.651857478836E+08   8.614472E+02   1.073463E+01   4.181420E-01   1.046606E+00   1.977899E-01
   2.651858478836E+08   8.503998E+02   1.070323E+01   4.160929E-01   1.164449E+00   2.091411E-01
   2.651859478836E+08   8.710665E+02   1.022641E+01   4.652564E-01   9.742145E-01   1.809071E-01
   2.651860478836E+08   8.511308E+02   1.028760E+01   4.493772E-01   9.738587E-01   1.840420E-01
   2.651861478836E+08   8.477375E+02   1.064630E+01   4.143960E-01   4.526001E-01   1.306544E-01
   2.651862478836E+08   8.496456E+02   1.064749E+01   4.177611E-01   8.230830E-01   1.754819E-01
   2.651863478836E+08   8.516954E+02   1.028317E+01   4.500478E-01   9.724076E-01   1.837678E-01
   2.651864478836E+08   8.388942E+02   9.957837E+00   4.717098E-01   8.283502E-01   1.656701E-01
   2.651865478836E+08   8.518616E+02   1.072442E+01   4.141686E-01   1.018909E+00   1.960892E-01
   2.651866478836E+08   8.397712E+02   1.067552E+01   4.119174E-01   9.865342E-01   1.934753E-01
   2.651867478836E+08   8.255765E+02   1.047281E+01   4.199782E-01   8.559533E-01   1.784786E-01
   2.651868478836E+08   8.323021E+02   9.758671E+00   4.871406E-01   8.021113E-01   1.604223E-01
   2.651869478836E+08   8.250327E+02   1.044234E+01   4.244498E-01   1.178345E+00   2.083040E-01
   2.651870478836E+08   8.433276E+02   1.071265E+01   4.100296E-01   8.767214E-01   1.828090E-01
   2.651871478836E+08   8.311141E+02   9.882337E+00   4.724535E-01   5.623916E-01   1.364000E-01
   2.651872478836E+08   8.309918E+02   1.015681E+01   4.502753E-01   9.719163E-01   1.836749E-01
   2.651873478836E+08   8.418957E+02   1.061795E+01   4.173445E-01   9.737055E-01   1.909593E-01
   2.651874478836E+08   8.266239E+02   1.051420E+01   4.156792E-01   6.392041E-01   1.550298E-01
   2.651875478836E+08   8.298279E+02   9.692614E+00   4.953686E-01   1.167407E+00   1.919205E-01
   2.651876478836E+08   8.272771E+02   1.041481E+01   4.241545E-01   6.632807E-01   1.563368E-01
   2.651877478836E+08   8.243400E+02   1.044124E+01   4.213504E-01   7.789774E-01   1.699868E-01
   2.651878478836E+08   7.861383E+02   9.699306E+00   4.664308E-01   8.377255E-01   1.675451E-01
   2.651879478836E+08   8.188478E+02   1.005444E+01   4.517990E-01   8.302616E-01   1.694764E-01
   2.651880478836E+08   8.058712E+02   1.052741E+01   4.063257E-01   9.231790E-01   1.884431E-01
   2.651881478836E+08   8.114030E+02   9.562387E+00   4.946725E-01   7.898983E-01   1.579797E-01
   2.651882478836E+08   8.102836E+02   1.028643E+01   4.251564E-01   5.514315E-01   1.423790E-01
   2.651883478836E+08   7.981895E+02   1.051600E+01   4.020937E-01   7.385421E-01   1.694332E-01
   2.651884478836E+08   8.179207E+02   9.584124E+00   4.963110E-01   7.872905E-01   1.574581E-01
   2.651885478836E+08   8.120460E+02   1.038590E+01   4.201363E-01   8.556312E-01   1.784114E-01
   2.651886478836E+08   8.357453E+02   1.054568E+01   4.179486E-01   6.731295E-01   1.586581E-01
   2.651887478836E+08   8.198950E+02   9.517569E+00   5.038436E-01   7.134787E-01   1.487706E-01
   2.651888478836E+08   8.081863E+02   1.039392E+01   4.183535E-01   9.713570E-01   1.904988E-01
   2.651889478836E+08   8.155012E+02   1.043948E+01   4.176145E-01   8.607980E-01   1.794888E-01
   2.651890478836E+08   7.992000E+02   9.374827E+00   5.055157E-01   6.183642E-01   1.382704E-01
   2.651891478836E+08   7.976553E+02   1.036172E+01   4.115670E-01   4.177352E-01   1.259519E-01
   2.651892478836E+08   8.226932E+02   1.012241E+01   4.463034E-01   6.303638E-01   1.485782E-01
   2.651893478836E+08   7.874021E+02   9.696303E+00   4.685280E-01   9.674118E-01   1.796439E-01
   2.651894478836E+08   8.180384E+02   1.051269E+01   4.144494E-01   1.055931E+00   1.995522E-01
   2.651895478836E+08   8.114316E+02   9.535728E+00   4.952992E-01   5.364513E-01   1.301086E-01
   2.651896478836E+08   8.053199E+02   1.035649E+01   4.177602E-01   6.734331E-01   1.587297E-01
   2.651897478836E+08   8.056599E+02   9.864635E+00   4.620228E-01   8.457179E-01   1.691436E-01
   2.651898478836E+08   8.022873E+02   1.010732E+01   4.378287E-01   7.853575E-01   1.674388E-01
   2.651899478836E+08   8.125081E+02   1.011284E+01   4.430443E-01   8.113899E-01   1.691865E-01
   2.651900478836E+08   8.036315E+02   9.733668E+00   4.707891E-01   5.311810E-01   1.327952E-01
   2.651901478836E+08   7.966127E+02   1.046835E+01   4.057414E-01   8.474661E-01   1.806804E-01
   2.651902478836E+08   7.893292E+02   9.468200E+00   4.924257E-01   9.522030E-01   1.738477E-01
   2.651903478836E+08   8.078796E+02   1.052821E+01   4.064516E-01   8.075315E-01   1.762178E-01
   2.651904478836E+08   7.776767E+02   9.363512E+00   4.961269E-01   9.450992E-01   1.725507E-01
   2.651905478836E+08   7.845434E+02   1.040845E+01   4.051359E-01   9.644689E-01   1.928938E-01
   2.651906478836E+08   8.000842E+02   9.424804E+00   5.013056E-01   6.859131E-01   1.462372E-01
   2.651907478836E+08   7.941924E+02   1.044606E+01   4.059782E-01   8.084729E-01   1.764233E-01
   2.651908478836E+08   8.157252E+02   9.561121E+00   4.957847E-01   5.989760E-01   1.374145E-01
   2.651909478836E+08   8.019015E+02   1.033730E+01   4.180923E-01   7.476646E-01   1.671829E-01
   2.651910478836E+08   7.949382E+02   9.750723E+00   4.636328E-01   4.719574E-01   1.261359E-01
   2.651911478836E+08   8.217369E+02   1.016956E+01   4.453585E-01   1.123024E+00   1.985245E-01
   2.651912478836E+08   7.950815E+02   1.002582E+01   4.385506E-01   4.633110E-01   1.284993E-01
   2.651913478836E+08   7.817683E+02   9.575855E+00   4.735755E-01   5.610592E-01   1.360768E-01
   2.651914478836E+08   8.096503E+02   1.048857E+01   4.111532E-01   9.123396E-01   1.862305E-01
   2.651915478836E+08   7.849543E+02   9.382189E+00   4.975697E-01   8.167110E-01   1.601702E-01
   2.651916478836E+08   8.041604E+02   1.049571E+01   4.076389E-01   8.818631E-01   1.838812E-01
   2.651917478836E+08   8.050887E+02   9.521453E+00   4.972200E-01   1.037324E+00   1.805749E-01
   2.651918478836E+08   8.067341E+02   1.057730E+01   4.040335E-01   1.083153E+00   2.046966E-01
   2.651919478836E+08   8.027743E+02   9.463020E+00   4.994801E-01   7.510036E-01   1.532980E-01
   2.651920478836E+08   7.902125E+02   1.031571E+01   4.154821E-01   9.780701E-01   1.918153E-01
   2.651921478836E+08   7.889406E+02   9.628329E+00   4.737833E-01   6.927691E-01   1.511746E-01
   2.651922478836E+08   7.924756E+02   9.945616E+00   4.452490E-01   5.967534E-01   1.447340E-01
   2.651923478836E+08   8.042159E+02   9.814644E+00   4.658611E-01   8.387500E-01   1.677500E-01
   2.651924478836E+08   7.989798E+02   1.002537E+01   4.444718E-01   9.494421E-01   1.827202E-01
   2.651925478836E+08   7.853954E+02   9.804098E+00   4.586753E-01   1.158571E+00   1.986932E-01
   2.651926478836E+08   7.952089E+02   9.940655E+00   4.493544E-01   8.695610E-01   1.739122E-01
   2.651927478836E+08   8.102213E+02   1.021833E+01   4.312890E-01   6.160693E-01   1.494187E-01
   2.651928478836E+08   8.165992E+02   9.851850E+00   4.703624E-01   9.636390E-01   1.789433E-01
   2.651929478836E+08   7.877432E+02   1.001609E+01   4.392236E-01   9.607869E-01   1.849035E-01
   2.651930478836E+08   7.847369E+02   9.618608E+00   4.728086E-01   7.603112E-01   1.585358E-01
   2.651931478836E+08   7.886854E+02   9.961710E+00   4.428391E-01   7.411777E-01   1.617382E-01
   2.651932478836E+08   7.917717E+02   9.684824E+00   4.707912E-01   7.967680E-01   1.626396E-01
   2.651933478836E+08   7.756448E+02   9.979711E+00   4.344342E-01   7.914941E-01   1.687471E-01
   2.651934478836E+08   7.951561E+02   9.608816E+00   4.788025E-01   6.202205E-01   1.422884E-01
   2.651935478836E+08   7.788027E+02   9.940112E+00   4.390364E-01   7.119974E-01   1.592074E-01
   2.651936478836E+08   8.010466E+02   9.699770E+00   4.744406E-01   7.576960E-01   1.579905E-01
   2.651937478836E+08   7.949529E+02   1.002896E+01   4.392959E-01   6.048403E-01   1.466953E-01
   2.651938478836E+08   7.721497E+02   9.535465E+00   4.759534E-01   1.050835E+00   1.857631E-01
   2.651939478836E+08   7.835446E+02   1.030738E+01   4.111136E-01   7.603562E-01   1.700208E-01
   2.651940478836E+08   7.830649E+02   9.337320E+00   5.008463E-01   7.801614E-01   1.560323E-01
   2.651941478836E+08   7.890497E+02   1.027904E+01   4.180762E-01   1.009386E+00   1.942564E-01
   2.651942478836E+08   7.833424E+02   9.324200E+00   5.002128E-01   5.311816E-01   1.288305E-01
   2.651943478836E+08   7.853483E+02   1.025823E+01   4.151192E-01   6.400665E-01   1.552389E-01
   2.651944478836E+08   7.778510E+02   9.331859E+00   4.995506E-01   9.386219E-01   1.713681E-01
   2.651945478836E+08   7.824185E+02   1.035489E+01   4.076507E-01   8.818376E-01   1.838758E-01
   2.651946478836E+08   7.861886E+02   9.326384E+00   5.028610E-01   6.527101E-01   1.424330E-01
   2.651947478836E+08   7.659285E+02   1.023752E+01   4.103287E-01   1.142716E+00   2.086305E-01
   2.651948478836E+08   8.031039E+02   9.443923E+00   5.022109E-01   8.091633E-01   1.586900E-01
   2.651949478836E+08   7.902012E+02   1.031967E+01   4.143528E-01   8.675739E-01   1.809017E-01
   2.651950478836E+08   7.955505E+02   9.402133E+00   5.003693E-01   6.247241E-01   1.396926E-01
   2.651951478836E+08   7.961136E+02   1.040933E+01   4.121777E-01   1.137590E+00   2.076945E-01
   2.651952478836E+08   7.812396E+02   9.272688E+00   5.077004E-01   8.927697E-01   1.657832E-01
   2.651953478836E+08   7.838459E+02   1.023379E+01   4.165769E-01   6.753460E-01   1.591806E-01
   2.651954478836E+08   7.831343E+02   9.257911E+00   5.091274E-01   7.367730E-01   1.503932E-01
   2.651955478836E+08   8.051619E+02   1.046392E+01   4.103121E-01   8.380257E-01   1.786677E-01
   2.651956478836E+08   7.728804E+02   9.265272E+00   5.032303E-01   9.007001E-01   1.672558E-01
   2.651957478836E+08   7.817650E+02   1.028267E+01   4.143353E-01   1.056221E+00   1.996071E-01
   2.651958478836E+08   8.964598E+02   9.857975E+00   5.145514E-01   9.112582E-01   1.663722E-01
   2.651959478836E+08   8.099683E+02   1.043507E+01   4.154728E-01   9.028542E-01   1.842943E-01
   2.651960478836E+08   8.075340E+02   9.418557E+00   5.073254E-01   7.701980E-01   1.540396E-01
   2.651961478836E+08   7.848461E+02   9.697225E+00   4.669709E-01   9.706376E-01   1.802429E-01
   2.651962478836E+08   8.094178E+02   1.009569E+01   4.442049E-01   9.851983E-01   1.861850E-01
   2.651963478836E+08   7.823838E+02   9.313435E+00   5.013089E-01   5.923756E-01   1.359003E-01
   2.651964478836E+08   7.870468E+02   9.374601E+00   5.010110E-01   9.670823E-01   1.736931E-01
   2.651965478836E+08   7.795983E+02   9.884897E+00   4.440596E-01   6.687462E-01   1.534209E-01
   2.651966478836E+08   8.028646E+02   9.776183E+00   4.697787E-01   9.648364E-01   1.791656E-01
   2.651967478836E+08   7.613082E+02   9.136616E+00   5.075210E-01   6.467169E-01   1.411252E-01
   2.651968478836E+08   7.731678E+02   9.540117E+00   4.730643E-01   6.938220E-01   1.514044E-01
   2.651969478836E+08   7.685736E+02   9.789074E+00   4.481127E-01   8.719704E-01   1.743941E-01
   2.651970478836E+08   7.803713E+02   9.414762E+00   4.954573E-01   1.293381E+00   2.019922E-01
   2.651971478836E+08   7.740038E+02   9.196650E+00   5.102621E-01   7.657653E-01   1.531531E-01
   2.651972478836E+08   7.893803E+02   1.029994E+01   4.135953E-01   6.046350E-01   1.511588E-01
   2.651973478836E+08   7.854903E+02   9.368479E+00   4.998817E-01   8.754669E-01   1.654477E-01
   2.651974478836E+08   7.796617E+02   9.287858E+00   5.037071E-01   7.447014E-01   1.520115E-01
   2.651975478836E+08   7.823969E+02   9.640124E+00   4.677127E-01   5.680921E-01   1.377826E-01
   2.651976478836E+08   7.830737E+02   9.942077E+00   4.417595E-01   7.783694E-01   1.659489E-01
   2.651977478836E+08   7.969124E+02   9.273148E+00   5.175201E-01   8.758298E-01   1.626375E-01
   2.651978478836E+08   7.979445E+02   9.800798E+00   4.652236E-01   1.041475E+00   1.870545E-01
   2.651979478836E+08   7.773405E+02   9.835321E+00   4.475026E-01   6.985274E-01   1.561955E-01
   2.651980478836E+08   7.998672E+02   9.410504E+00   5.026791E-01   6.840389E-01   1.458376E-01
   2.651981478836E+08   7.890135E+02   9.454515E+00   4.939076E-01   9.809908E-01   1.761912E-01
   2.651982478836E+08   7.924282E+02   1.025695E+01   4.202365E-01   8.182347E-01   1.744482E-01
   2.651983478836E+08   7.990479E+02   9.436101E+00   5.005620E-01   8.118288E-01   1.592127E-01
   2.651984478836E+08   7.835631E+02   9.316410E+00   5.060982E-01   1.080892E+00   1.827041E-01
   2.651985478836E+08   7.923866E+02   1.025186E+01   4.181812E-01   4.858786E-01   1.347585E-01
   2.651986478836E+08   7.974958E+02   9.495693E+00   4.947914E-01   9.792387E-01   1.758765E-01
   2.651987478836E+08   7.943955E+02   9.588549E+00   4.827868E-01   9.064662E-01   1.713060E-01
   2.651988478836E+08   7.945682E+02   9.987662E+00   4.456549E-01   9.819929E-01   1.855792E-01
   2.651989478836E+08   7.803931E+02   9.318141E+00   5.001125E-01   6.562972E-01   1.432158E-01
   2.651990478836E+08   7.907788E+02   9.482751E+00   4.899194E-01   7.337569E-01   1.529989E-01
   2.651991478836E+08   7.986757E+02   1.027400E+01   4.212656E-01   7.049309E-01   1.617222E-01
   2.651992478836E+08   7.980504E+02   9.385283E+00   5.026092E-01   4.975520E-01   1.243880E-01
   2.651993478836E+08   7.985487E+02   9.675909E+00   4.753048E-01   7.563182E-01   1.577033E-01
   2.651994478836E+08   7.888751E+02   1.001824E+01   4.401879E-01   1.029696E+00   1.912097E-01
   2.651995478836E+08   7.765631E+02   9.265300E+00   5.052741E-01   8.661237E-01   1.636820E-01
   2.651996478836E+08   8.160867E+02   9.526435E+00   5.009009E-01   7.488734E-01   1.528631E-01
   2.651997478836E+08   7.898575E+02   1.031891E+01   4.169261E-01   1.237097E+00   2.153510E-01
   2.651998478836E+08   8.042621E+02   9.354643E+00   5.124276E-01   7.930303E-01   1.555260E-01
   2.651999478836E+08   7.908017E+02   9.959516E+00   4.439183E-01   7.041673E-01   1.574566E-01
   2.652000478836E+08   7.805797E+02   9.592115E+00   4.734862E-01   8.252426E-01   1.650485E-01
   2.652001478836E+08   7.735001E+02   9.282536E+00   5.003967E-01   7.496279E-01   1.530171E-01
   2.652002478836E+08   7.869168E+02   1.020263E+01   4.223323E-01   8.881900E-01   1.813010E-01
   2.652003478836E+08   7.982165E+02   9.503220E+00   4.947192E-01   1.010974E+00   1.787167E-01
   2.652004478836E+08   7.988553E+02   9.417517E+00   5.013195E-01   6.858940E-01   1.462331E-01
   2.652005478836E+08   8.140537E+02   1.040320E+01   4.187118E-01   7.092304E-01   1.627086E-01
   2.652006478836E+08   8.022076E+02   9.519057E+00   4.930850E-01   7.290460E-01   1.520166E-01
   2.652007478836E+08   7.816656E+02   9.537464E+00   4.808615E-01   9.751024E-01   1.780285E-01
   2.652008478836E+08   8.156597E+02   1.000033E+01   4.538515E-01   6.887556E-01   1.540104E-01
   2.652009478836E+08   8.048476E+02   9.450875E+00   5.038685E-01   9.615978E-01   1.727081E-01
   2.652010478836E+08   8.139929E+02   1.039823E+01   4.214409E-01   1.038414E+00   1.962417E-01
   2.652011478836E+08   8.049105E+02   9.308004E+00   5.155038E-01   5.154257E-01   1.250091E-01
   2.652012478836E+08   8.226251E+02   1.062776E+01   4.065777E-01   8.841648E-01   1.843611E-01
   2.652013478836E+08   8.168375E+02   9.524718E+00   5.025779E-01   8.707703E-01   1.645601E-01
   2.652014478836E+08   8.237881E+02   1.052456E+01   4.142605E-01   7.545802E-01   1.687293E-01
   2.652015478836E+08   8.054469E+02   9.421590E+00   5.033191E-01   4.968503E-01   1.242126E-01
   2.652016478836E+08   7.956153E+02   1.029122E+01   4.196503E-01   8.938666E-01   1.824598E-01
   2.652017478836E+08   8.331085E+02   9.607762E+00   5.018014E-01   6.540883E-01   1.427338E-01
   2.652018478836E+08   8.312921E+02   1.044758E+01   4.232678E-01   6.277441E-01   1.522503E-01
   2.652019478836E+08   8.139326E+02   9.513305E+00   5.007107E-01   7.179430E-01   1.497014E-01
   2.652020478836E+08   8.242341E+02   1.043694E+01   4.219007E-01   8.150071E-01   1.737601E-01
   2.652021478836E+08   8.292426E+02   9.558730E+00   5.046050E-01   6.504542E-01   1.419407E-01
   2.652022478836E+08   8.246154E+02   1.051673E+01   4.150161E-01   7.155460E-01   1.641575E-01
   2.652023478836E+08   8.354012E+02   9.657034E+00   4.978282E-01   6.279129E-01   1.404056E-01
   2.652024478836E+08   8.038488E+02   1.036436E+01   4.182551E-01   9.342169E-01   1.868434E-01
   2.652025478836E+08   8.364350E+02   9.661437E+00   4.997809E-01   8.443705E-01   1.624992E-01
   2.652026478836E+08   8.384691E+02   1.070246E+01   4.082450E-01   8.422689E-01   1.795723E-01
   2.652027478836E+08   8.252551E+02   9.548019E+00   5.036072E-01   6.827782E-01   1.455688E-01
   2.652028478836E+08   8.276437E+02   1.055998E+01   4.139169E-01   8.307272E-01   1.771116E-01
   2.652029478836E+08   8.431639E+02   9.700532E+00   4.981650E-01   6.588629E-01   1.437757E-01
   2.652030478836E+08   8.336362E+02   1.064993E+01   4.132294E-01   1.323811E+00   2.237648E-01
   2.652031478836E+08   8.184706E+02   9.510037E+00   5.032508E-01   6.522045E-01   1.423227E-01
   2.652032478836E+08   8.492537E+02   1.068635E+01   4.140768E-01   7.549149E-01   1.688041E-01
   2.652033478836E+08   8.246737E+02   9.579155E+00   5.005531E-01   7.493938E-01   1.529694E-01
   2.652034478836E+08   8.425364E+02   1.067623E+01   4.131763E-01   9.835285E-01   1.928858E-01
   2.652035478836E+08   8.421995E+02   9.639482E+00   5.041181E-01   6.820863E-01   1.454213E-01
   2.652036478836E+08   8.398428E+02   1.066857E+01   4.129872E-01   1.059669E+00   2.002587E-01
   2.652037478836E+08   8.411971E+02   9.691497E+00   5.002406E-01   9.373273E-01   1.711318E-01
   2.652038478836E+08   8.239683E+02   1.064341E+01   4.055229E-01   8.093808E-01   1.766214E-01
   2.652039478836E+08   8.372487E+02   9.596980E+00   5.053627E-01   6.494790E-01   1.417279E-01
   2.652040478836E+08   8.458672E+02   1.084121E+01   4.031830E-01   1.124203E+00   2.087593E-01
   2.652041478836E+08   8.337195E+02   9.671597E+00   4.984528E-01   1.003402E+00   1.773781E-01
   2.652042478836E+08   8.086245E+02   1.041054E+01   4.159380E-01   7.891138E-01   1.721987E-01
   2.652043478836E+08   8.497018E+02   9.973427E+00   4.738689E-01   5.277287E-01   1.319322E-01
   2.652044478836E+08   8.272242E+02   1.024249E+01   4.404350E-01   9.226574E-01   1.809480E-01
   2.652045478836E+08   8.268343E+02   9.901483E+00   4.708667E-01   8.962203E-01   1.724777E-01
   2.652046478836E+08   8.217782E+02   1.016130E+01   4.453153E-01   1.017840E+00   1.890081E-01
   2.652047478836E+08   8.376671E+02   9.933420E+00   4.738368E-01   8.906025E-01   1.713965E-01
   2.652048478836E+08   8.458671E+02   1.032614E+01   4.416378E-01   7.431936E-01   1.621781E-01
   2.652049478836E+08   8.333004E+02   9.973121E+00   4.682604E-01   9.679646E-01   1.797465E-01
   2.652050478836E+08   8.411452E+02   1.030102E+01   4.426255E-01   9.180914E-01   1.800525E-01
   2.652051478836E+08   8.285927E+02   1.002647E+01   4.639022E-01   1.381359E+00   2.157319E-01
   2.652052478836E+08   8.422481E+02   1.031977E+01   4.393080E-01   6.048236E-01   1.466913E-01
   2.652053478836E+08   8.289134E+02   9.988608E+00   4.631635E-01   8.098897E-01   1.653180E-01
   2.652054478836E+08   8.519766E+02   1.037330E+01   4.410164E-01   7.796810E-01   1.662285E-01
   2.652055478836E+08   8.485773E+02   1.029843E+01   4.451241E-01   7.022598E-01   1.570301E-01
   2.652056478836E+08   8.435148E+02   1.000423E+01   4.699082E-01   8.315262E-01   1.663052E-01
   2.652057478836E+08   8.417811E+02   1.039603E+01   4.352643E-01   9.695265E-01   1.865855E-01
   2.652058478836E+08   8.378522E+02   1.003537E+01   4.632185E-01   7.423106E-01   1.582612E-01
   2.652059478836E+08   8.555984E+02   1.073448E+01   4.154086E-01   1.053493E+00   1.990914E-01
   2.652060478836E+08   8.455855E+02   9.752341E+00   4.971160E-01   1.006100E+00   1.778551E-01
   2.652061478836E+08   8.412599E+02   1.068850E+01   4.111314E-01   9.123881E-01   1.862404E-01
   2.652062478836E+08   8.555866E+02   1.044168E+01   4.368779E-01   7.512910E-01   1.639451E-01
   2.652063478836E+08   8.631923E+02   1.323025E+01   2.747126E-01   7.965232E-01   2.128798E-01
   2.652064478836E+08   8.434890E+02   1.005425E+01   4.652937E-01   8.397727E-01   1.679545E-01
   2.652065478836E+08   8.618608E+02   1.070970E+01   4.190142E-01   8.579225E-01   1.788892E-01
   2.652066478836E+08   8.473830E+02   1.028933E+01   4.475643E-01   1.012725E+00   1.880583E-01
   2.652067478836E+08   8.634947E+02   1.011023E+01   4.700966E-01   7.314498E-01   1.559456E-01
   2.652068478836E+08   8.553793E+02   1.045220E+01   4.374095E-01   9.647716E-01   1.856704E-01
   2.652069478836E+08   8.334763E+02   9.899978E+00   4.754481E-01   9.862047E-01   1.800555E-01
   2.652070478836E+08   8.385318E+02   1.066666E+01   4.120016E-01   9.863326E-01   1.934357E-01
   2.652071478836E+08   8.576201E+02   9.775547E+00   5.011129E-01   9.356956E-01   1.708339E-01
   2.652072478836E+08   8.386882E+02   1.077729E+01   4.037943E-01   1.006380E+00   1.973674E-01
   2.652073478836E+08   8.616458E+02   9.803513E+00   4.973242E-01   5.342669E-01   1.295788E-01
   2.652074478836E+08   8.489336E+02   1.081188E+01   4.047390E-01   8.109483E-01   1.769634E-01
   2.652075478836E+08   8.528438E+02   9.839869E+00   4.907535E-01   7.962062E-01   1.592412E-01
   2.652076478836E+08   8.648738E+02   1.082738E+01   4.102306E-01   6.857936E-01   1.616431E-01
   2.652077478836E+08   8.570263E+02   1.033723E+01   4.488725E-01   1.079413E+00   1.938683E-01
   2.652078478836E+08   8.525493E+02   1.007689E+01   4.710721E-01   1.227618E+00   2.018192E-01
   2.652079478836E+08   8.478715E+02   1.080664E+01   4.048852E-01   8.492581E-01   1.810624E-01
   2.652080478836E+08   8.737366E+02   9.902578E+00   4.966964E-01   8.496141E-01   1.635083E-01
   2.652081478836E+08   8.680687E+02   1.068274E+01   4.225666E-01   6.287858E-01   1.525030E-01
   2.652082478836E+08   8.645493E+02   1.081989E+01   4.111399E-01   7.603076E-01   1.700100E-01
   2.652083478836E+08   8.774545E+02   9.935386E+00   4.962408E-01   9.448825E-01   1.725111E-01
   2.652084478836E+08   8.683898E+02   1.092606E+01   4.065113E-01   9.996539E-01   1.960483E-01
   2.652085478836E+08   9.097673E+02   1.096806E+01   4.218458E-01   9.262651E-01   1.852530E-01
   2.652086478836E+08   8.763091E+02   1.002051E+01   4.873509E-01   9.621183E-01   1.756580E-01
   2.652087478836E+08   8.891863E+02   1.087807E+01   4.186032E-01   8.214273E-01   1.751289E-01
   2.652088478836E+08   8.667037E+02   1.074673E+01   4.179499E-01   7.853153E-01   1.713699E-01
   2.652089478836E+08   8.689935E+02   9.871110E+00   4.961960E-01   7.244753E-01   1.510635E-01
   2.652090478836E+08   8.921963E+02   1.101804E+01   4.092745E-01   8.019615E-01   1.750024E-01
   2.652091478836E+08   8.815046E+02   1.081901E+01   4.190772E-01   7.459074E-01   1.667899E-01
   2.652092478836E+08   8.763150E+02   1.014412E+01   4.747500E-01   8.559676E-01   1.678691E-01
   2.652093478836E+08   8.700165E+02   1.036604E+01   4.514858E-01   8.654557E-01   1.730911E-01
   2.652094478836E+08   8.847299E+02   1.089261E+01   4.157041E-01   8.647537E-01   1.803136E-01
   2.652095478836E+08   8.953826E+02   1.097428E+01   4.151381E-01   9.788807E-01   1.919743E-01
   2.652096478836E+08   8.927497E+02   1.027373E+01   4.702491E-01   6.979756E-01   1.523108E-01
   2.652097478836E+08   8.902059E+02   1.055948E+01   4.451381E-01   8.777972E-01   1.755595E-01
   2.652098478836E+08   8.656241E+02   1.088550E+01   4.089734E-01   1.108286E+00   2.058036E-01
   2.652099478836E+08   8.709755E+02   1.042187E+01   4.476976E-01   9.426012E-01   1.814037E-01
   2.652100478836E+08   8.975826E+02   1.034885E+01   4.666946E-01   8.037618E-01   1.640672E-01
   2.652101478836E+08   9.149990E+02   1.099935E+01   4.204181E-01   7.063520E-01   1.620483E-01
   2.652102478836E+08   9.032106E+02   1.106795E+01   4.098051E-01   6.865056E-01   1.618109E-01
   2.652103478836E+08   9.044810E+02   1.000986E+01   5.040830E-01   9.921945E-01   1.753969E-01
   2.652104478836E+08   8.994625E+02   1.113662E+01   4.043710E-01   8.889899E-01   1.853672E-01
   2.652105478836E+08   9.317917E+02   1.050148E+01   4.695491E-01   6.990162E-01   1.525378E-01
   2.652106478836E+08   8.888107E+02   1.055682E+01   4.461228E-01   1.086066E+00   1.950632E-01
   2.652107478836E+08   8.639609E+02   1.079926E+01   4.136594E-01   9.445959E-01   1.889192E-01
   2.652108478836E+08   8.787391E+02   1.087347E+01   4.134224E-01   7.183045E-01   1.647903E-01
   2.652109478836E+08   8.568096E+02   1.008275E+01   4.703106E-01   8.972800E-01   1.726816E-01
   2.652110478836E+08   8.620656E+02   1.048014E+01   4.379161E-01   8.922735E-01   1.784547E-01
   2.652111478836E+08   8.753392E+02   1.090385E+01   4.093466E-01   6.872745E-01   1.619921E-01
   2.652112478836E+08   8.742455E+02   1.078036E+01   4.186571E-01   7.466559E-01   1.669573E-01
   2.652113478836E+08   8.919323E+02   1.033864E+01   4.661752E-01   1.005822E+00   1.836371E-01
   2.652114478836E+08   8.941531E+02   1.060475E+01   4.437803E-01   9.509215E-01   1.830049E-01
   2.652115478836E+08   8.866113E+02   1.099995E+01   4.078560E-01   7.664293E-01   1.713788E-01
   2.652116478836E+08   8.765168E+02   1.088348E+01   4.121414E-01   7.963831E-01   1.737850E-01
   2.652117478836E+08   8.916650E+02   1.054956E+01   4.478748E-01   1.046920E+00   1.911406E-01
   2.652118478836E+08   8.945848E+02   1.035394E+01   4.644819E-01   7.739412E-01   1.613779E-01
   2.652119478836E+08   8.684445E+02   1.074972E+01   4.187861E-01   8.210685E-01   1.750524E-01
   2.652120478836E+08   8.882507E+02   1.100316E+01   4.098039E-01   9.916223E-01   1.944731E-01
   2.652121478836E+08   8.857688E+02   1.086979E+01   4.193527E-01   1.080855E+00   2.007098E-01
   2.652122478836E+08   8.764289E+02   1.026185E+01   4.665547E-01   1.206005E+00   2.010008E-01
   2.652123478836E+08   9.029282E+02   1.069255E+01   4.414962E-01   1.062046E+00   1.939021E-01
   2.652124478836E+08   8.984333E+02   1.107195E+01   4.064297E-01   5.383833E-01   1.438890E-01
   2.652125478836E+08   8.823928E+02   1.099635E+01   4.064677E-01   8.074993E-01   1.762108E-01
   2.652126478836E+08   8.748813E+02   1.050522E+01   4.441037E-01   1.161391E+00   2.021722E-01
   2.652127478836E+08   8.881215E+02   1.033971E+01   4.658262E-01   1.241443E+00   2.040920E-01
   2.652128478836E+08   8.910600E+02   1.096872E+01   4.138463E-01   1.019703E+00   1.962419E-01
   2.652129478836E+08   9.071190E+02   1.109059E+01   4.122449E-01   1.061578E+00   2.006193E-01
   2.652130478836E+08   8.919101E+02   1.092007E+01   4.149782E-01   5.649564E-01   1.458711E-01
   2.652131478836E+08   9.002206E+02   1.038276E+01   4.671556E-01   1.104082E+00   1.921960E-01
   2.652132478836E+08   8.899715E+02   1.058762E+01   4.429343E-01   9.174512E-01   1.799270E-01
   2.652133478836E+08   8.910231E+02   1.093176E+01   4.129651E-01   4.541683E-01   1.311071E-01
   2.652134478836E+08   8.757422E+02   1.100647E+01   4.034831E-01   9.296830E-01   1.897707E-01
   2.652135478836E+08   8.858584E+02   1.049276E+01   4.488396E-01   9.053804E-01   1.775597E-01
   2.652136478836E+08   8.717212E+02   1.020479E+01   4.660664E-01   7.713102E-01   1.608293E-01
   2.652137478836E+08   8.949870E+02   1.093990E+01   4.175335E-01   9.732646E-01   1.908729E-01
   2.652138478836E+08   8.820587E+02   1.090954E+01   4.122406E-01   7.203637E-01   1.652628E-01
   2.652139478836E+08   8.824832E+02   1.097743E+01   4.103127E-01   1.180853E+00   2.120874E-01
   2.652140478836E+08   9.015343E+02   1.038921E+01   4.653466E-01   8.396773E-01   1.679355E-01
   2.652141478836E+08   8.863288E+02   1.049105E+01   4.509007E-01   1.143884E+00   1.991246E-01
   2.652142478836E+08   8.696727E+02   1.083975E+01   4.134995E-01   9.827596E-01   1.927350E-01
   2.652143478836E+08   8.899005E+02   1.093527E+01   4.179655E-01   1.346204E+00   2.243674E-01
   2.652144478836E+08   8.869768E+02   1.048550E+01   4.495215E-01   8.344681E-01   1.703351E-01
   2.652145478836E+08   9.075134E+02   1.037696E+01   4.708624E-01   1.029003E+00   1.848144E-01
   2.652146478836E+08   8.968018E+02   1.100766E+01   4.140096E-01   1.094804E+00   2.033001E-01
   2.652147478836E+08   8.871674E+02   1.088812E+01   4.161892E-01   7.135292E-01   1.636948E-01
   2.652148478836E+08   8.942322E+02   1.103287E+01   4.105333E-01   1.027932E+00   1.978256E-01
   2.652149478836E+08   8.792943E+02   1.054096E+01   4.423284E-01   1.024713E+00   1.902844E-01
   2.652150478836E+08   8.986843E+02   1.042301E+01   4.609480E-01   8.476899E-01   1.695380E-01
   2.652151478836E+08   8.962829E+02   1.097368E+01   4.177234E-01   1.309569E+00   2.213575E-01
   2.652152478836E+08   9.044386E+02   1.104325E+01   4.126460E-01   7.575327E-01   1.693894E-01
   2.652153478836E+08   9.136491E+02   1.113139E+01   4.137559E-01   1.322126E+00   2.234800E-01
   2.652154478836E+08   8.842112E+02   1.032367E+01   4.631016E-01   9.449976E-01   1.785878E-01
   2.652155478836E+08   9.061620E+02   1.072881E+01   4.407891E-01   1.170124E+00   2.036925E-01
   2.652156478836E+08   9.002628E+02   1.107530E+01   4.101045E-01   1.029007E+00   1.980324E-01
   2.652157478836E+08   8.849012E+02   1.101483E+01   4.057584E-01   7.318718E-01   1.679029E-01
   2.652158478836E+08   9.085176E+02   1.077098E+01   4.368584E-01   9.302114E-01   1.824295E-01
   2.652159478836E+08   8.887350E+02   1.028973E+01   4.662555E-01   6.369109E-01   1.461174E-01
   2.652160478836E+08   9.034297E+02   1.108104E+01   4.117902E-01   1.138660E+00   2.078900E-01
   2.652161478836E+08   8.986992E+02   1.113922E+01   4.055135E-01   1.156285E+00   2.111078E-01
   2.652162478836E+08   9.138245E+02   1.114828E+01   4.093367E-01   8.018398E-01   1.749758E-01
   2.652163478836E+08   8.919920E+02   1.040656E+01   4.607110E-01   1.085601E+00   1.919090E-01
   2.652164478836E+08   9.118600E+02   1.074229E+01   4.388455E-01   6.410764E-01   1.511032E-01
   2.652165478836E+08   8.872600E+02   1.101712E+01   4.083401E-01   9.951769E-01   1.951702E-01
   2.652166478836E+08   8.949355E+02   1.109704E+01   4.059440E-01   1.001051E+00   1.963223E-01
   2.652167478836E+08   9.031426E+02   1.069905E+01   4.396486E-01   8.532072E-01   1.741602E-01
   2.652168478836E+08   9.171424E+02   1.053007E+01   4.598407E-01   7.137741E-01   1.557583E-01
   2.652169478836E+08   9.030441E+02   1.109228E+01   4.103295E-01   1.066533E+00   2.015558E-01
   2.652170478836E+08   9.119031E+02   1.109604E+01   4.144164E-01   1.131445E+00   2.065726E-01
   2.652171478836E+08   9.150873E+02   1.125238E+01   4.021952E-01   7.772166E-01   1.737909E-01
   2.652172478836E+08   9.069681E+02   1.116179E+01   4.077242E-01   1.188349E+00   2.134338E-01
   2.652173478836E+08   9.182204E+02   1.055618E+01   4.599894E-01   9.853695E-01   1.829785E-01
   2.652174478836E+08   9.103884E+02   1.075104E+01   4.383920E-01   7.843484E-01   1.672236E-01
   2.652175478836E+08   9.260988E+02   1.121850E+01   4.102835E-01   9.142736E-01   1.866253E-01
   2.652176478836E+08   9.321074E+02   1.142534E+01   3.982582E-01   9.418799E-01   1.922604E-01
   2.652177478836E+08   9.222413E+02   1.118453E+01   4.108406E-01   8.749908E-01   1.824482E-01
   2.652178478836E+08   9.253170E+02   1.059762E+01   4.596448E-01   9.521046E-01   1.799309E-01
   2.652179478836E+08   9.155367E+02   1.082958E+01   4.347517E-01   8.268666E-01   1.724136E-01
   2.652180478836E+08   9.210876E+02   1.138566E+01   3.980114E-01   1.217349E+00   2.186423E-01
   2.652181478836E+08   9.107324E+02   1.127426E+01   4.004387E-01   1.053845E+00   2.028125E-01
   2.652182478836E+08   9.361025E+02   1.122300E+01   4.140388E-01   8.682318E-01   1.810389E-01
   2.652183478836E+08   9.319712E+02   1.071694E+01   4.538957E-01   1.136336E+00   1.978107E-01
   2.652184478836E+08   9.273723E+02   1.096367E+01   4.308153E-01   1.015818E+00   1.919716E-01
   2.652185478836E+08   9.112874E+02   1.125387E+01   3.997501E-01   6.646749E-01   1.612074E-01
   2.652186478836E+08   9.328415E+02   1.140545E+01   4.010800E-01   1.130097E+00   2.098538E-01
   2.652187478836E+08   9.248839E+02   1.130112E+01   4.043341E-01   1.005037E+00   1.971039E-01
   2.652188478836E+08   9.263976E+02   1.066303E+01   4.559995E-01   1.165369E+00   1.998592E-01
   2.652189478836E+08   9.519664E+02   1.103566E+01   4.364626E-01   1.038484E+00   1.928417E-01
   2.652190478836E+08   9.339180E+02   1.149526E+01   3.969705E-01   1.417403E+00   2.362338E-01
   2.652191478836E+08   9.088419E+02   1.115648E+01   4.075116E-01   9.588464E-01   1.917693E-01
   2.652192478836E+08   9.275679E+02   1.127971E+01   4.072214E-01   1.036292E+00   1.994345E-01
   2.652193478836E+08   9.252478E+02   1.072122E+01   4.512950E-01   1.281416E+00   2.106635E-01
   2.652194478836E+08   9.310654E+02   1.091671E+01   4.350018E-01   8.263913E-01   1.723145E-01
   2.652195478836E+08   9.386490E+02   1.150151E+01   3.964382E-01   1.064479E+00   2.048591E-01
   2.652196478836E+08   9.332225E+02   1.135948E+01   4.035239E-01   9.683217E-01   1.936643E-01
   2.652197478836E+08   9.166938E+02   1.090612E+01   4.336813E-01   1.513657E+00   2.335624E-01
   2.652198478836E+08   9.161682E+02   1.059854E+01   4.558502E-01   1.062890E+00   1.909008E-01
   2.652199478836E+08   9.438601E+02   1.136803E+01   4.067068E-01   8.454543E-01   1.802515E-01
   2.652200478836E+08   9.437812E+02   1.140460E+01   4.052367E-01   1.041367E+00   2.004112E-01
   2.652201478836E+08   9.309108E+02   1.137751E+01   4.001437E-01   7.812014E-01   1.746819E-01
   2.652202478836E+08   9.174481E+02   1.083610E+01   4.381425E-01   1.284210E+00   2.140350E-01
   2.652203478836E+08   9.123543E+02   1.053144E+01   4.578464E-01   7.851579E-01   1.637167E-01
   2.652204478836E+08   9.251008E+02   1.127785E+01   4.051459E-01   8.487118E-01   1.809460E-01
   2.652205478836E+08   8.934758E+02   1.118232E+01   3.980407E-01   8.245952E-01   1.799414E-01
   2.652206478836E+08   9.186589E+02   1.115559E+01   4.143991E-01   1.357790E+00   2.262984E-01
   2.652207478836E+08   9.212608E+02   1.121342E+01   4.090281E-01   9.935028E-01   1.948419E-01
   2.652208478836E+08   8.998023E+02   1.075421E+01   4.336413E-01   8.650268E-01   1.765728E-01
   2.652209478836E+08   9.160675E+02   1.059486E+01   4.563468E-01   1.095983E+00   1.937443E-01
   2.652210478836E+08   9.424699E+02   1.126429E+01   4.121717E-01   6.067234E-01   1.516809E-01
   2.652211478836E+08   8.938585E+02   1.113457E+01   4.003813E-01   6.245903E-01   1.561476E-01
   2.652212478836E+08   9.143204E+02   1.119742E+01   4.078814E-01   1.111253E+00   2.063545E-01
   2.652213478836E+08   8.963736E+02   1.046146E+01   4.567031E-01   8.897918E-01   1.745025E-01
   2.652214478836E+08   9.056213E+02   1.067376E+01   4.438343E-01   9.860210E-01   1.863405E-01
   2.652215478836E+08   9.018425E+02   1.108718E+01   4.099349E-01   1.029432E+00   1.981144E-01
   2.652216478836E+08   9.147893E+02   1.118052E+01   4.062488E-01   6.155692E-01   1.538923E-01
   2.652217478836E+08   9.003921E+02   1.073772E+01   4.364223E-01   1.038580E+00   1.928595E-01
   2.652218478836E+08   9.066110E+02   1.045875E+01   4.643669E-01   1.211686E+00   2.019477E-01
   2.652219478836E+08   8.846556E+02   1.093943E+01   4.124095E-01   9.095604E-01   1.856632E-01
   2.652220478836E+08   8.838466E+02   1.098090E+01   4.075219E-01   6.903518E-01   1.627175E-01
   2.652221478836E+08   9.048447E+02   1.099412E+01   4.195520E-01   1.229354E+00   2.140031E-01
   2.652222478836E+08   8.973082E+02   1.041557E+01   4.625778E-01   1.081220E+00   1.911345E-01
   2.652223478836E+08   9.008214E+02   1.077821E+01   4.387814E-01   1.852269E+00   2.568635E-01
   2.652224478836E+08   8.960654E+02   1.111946E+01   4.069623E-01   1.344197E+00   2.272107E-01
   2.652225478836E+08   9.000310E+02   1.115511E+01   4.068379E-01   1.459860E+00   2.368205E-01
   2.652226478836E+08   8.925042E+02   1.064563E+01   4.427322E-01   1.412108E+00   2.232739E-01
   2.652227478836E+08   8.877105E+02   1.038339E+01   4.610668E-01   1.152561E+00   1.976626E-01
   2.652228478836E+08   8.872878E+02   1.085929E+01   4.194019E-01   8.571293E-01   1.787238E-01
   2.652229478836E+08   8.917631E+02   1.121338E+01   3.994136E-01   1.526127E+00   2.443760E-01
   2.652230478836E+08   9.001816E+02   1.105841E+01   4.113021E-01   1.026010E+00   1.974558E-01
   2.652231478836E+08   8.941843E+02   1.042353E+01   4.608037E-01   1.153219E+00   1.977755E-01
   2.652232478836E+08   9.066792E+02   1.067864E+01   4.448781E-01   1.124237E+00   1.987389E-01
   2.652233478836E+08   8.979935E+02   1.113346E+01   4.070338E-01   1.382359E+00   2.303932E-01
   2.652234478836E+08   9.002719E+02   1.114339E+01   4.070765E-01   1.343819E+00   2.271470E-01
   2.652235478836E+08   8.804294E+02   1.058601E+01   4.377218E-01   8.212561E-01   1.712437E-01
   2.652236478836E+08           NULL           NULL   0.000000E+00           NULL           NULL
   2.652237478836E+08   8.855585E+02   1.089219E+01   4.178028E-01   1.122274E+00   2.048983E-01
   2.652238478836E+08   9.114928E+02   1.118239E+01   4.095990E-01   1.411861E+00   2.321084E-01
   2.652239478836E+08   8.976005E+02   1.098076E+01   4.177841E-01   1.309378E+00   2.213253E-01
   2.652240478836E+08   8.726717E+02   1.038048E+01   4.593114E-01   1.939620E+00   2.569089E-01
   2.652241478836E+08   8.836613E+02   1.060459E+01   4.413829E-01   1.345603E+00   2.182857E-01
   2.652242478836E+08   8.833315E+02   1.104881E+01   4.078873E-01   1.571060E+00   2.453583E-01
   2.652243478836E+08   8.724927E+02   1.092611E+01   4.107998E-01   1.369687E+00   2.282811E-01
   2.652244478836E+08   9.378448E+02   1.097828E+01   4.375628E-01   1.500230E+00   2.314905E-01
   2.652245478836E+08   9.052594E+02   1.047204E+01   4.611346E-01   1.016816E+00   1.856444E-01
   2.652246478836E+08   8.771938E+02   1.096968E+01   4.092330E-01   1.298546E+00   2.226987E-01
   2.652247478836E+08   8.602515E+02   1.098633E+01   3.994738E-01   1.173767E+00   2.142996E-01
   2.652248478836E+08   9.044219E+02   1.120128E+01   4.056797E-01   1.502555E+00   2.406013E-01
   2.652249478836E+08   8.615585E+02   1.025699E+01   4.598550E-01   1.291551E+00   2.095173E-01
   2.652250478836E+08   8.520668E+02   1.044251E+01   4.368148E-01   1.001866E+00   1.893349E-01
   2.652251478836E+08   8.389579E+02   1.079413E+01   4.026812E-01   1.009162E+00   1.979130E-01
   2.652252478836E+08   8.410451E+02   1.086637E+01   4.024007E-01   1.631321E+00   2.517184E-01
   2.652253478836E+08   8.314810E+02   1.034545E+01   4.365513E-01   1.288891E+00   2.148152E-01
   2.652254478836E+08   8.206550E+02   1.001880E+01   4.590625E-01   1.225687E+00   2.042812E-01
   2.652255478836E+08   8.283096E+02   1.065179E+01   4.100527E-01   1.257834E+00   2.189607E-01
   2.652256478836E+08   8.413748E+02   1.075951E+01   4.081297E-01   1.263760E+00   2.199924E-01
   2.652257478836E+08   8.348003E+02   1.066092E+01   4.114264E-01   1.101678E+00   2.045765E-01
   2.652258478836E+08   8.200396E+02   9.989358E+00   4.636944E-01   1.516804E+00   2.261119E-01
   2.652259478836E+08   8.471145E+02   1.034151E+01   4.445007E-01   1.230678E+00   2.080226E-01
   2.652260478836E+08   8.275042E+02   1.066462E+01   4.058793E-01   8.471782E-01   1.806190E-01
   2.652261478836E+08   8.095457E+02   1.048080E+01   4.103787E-01   7.236320E-01   1.660126E-01
   2.652262478836E+08   8.113230E+02   1.004714E+01   4.489316E-01   9.051949E-01   1.775233E-01
   2.652263478836E+08   8.182993E+02   9.990949E+00   4.631265E-01   1.586161E+00   2.313653E-01
   2.652264478836E+08   8.287327E+02   1.059905E+01   4.145173E-01   1.281992E+00   2.198597E-01
   2.652265478836E+08   8.170481E+02   1.056594E+01   4.127177E-01   1.476932E+00   2.364984E-01
   2.652266478836E+08   8.331169E+02   1.057297E+01   4.196461E-01   1.415303E+00   2.295925E-01
   2.652267478836E+08   8.106809E+02   9.896284E+00   4.696830E-01   1.830235E+00   2.467888E-01
   2.652268478836E+08   8.036893E+02   1.010910E+01   4.429103E-01   1.376251E+00   2.203766E-01
   2.652269478836E+08   8.038540E+02   1.046185E+01   4.122065E-01   1.175427E+00   2.111130E-01
   2.652270478836E+08   8.183679E+02   1.049157E+01   4.154711E-01   9.404768E-01   1.880954E-01
   2.652271478836E+08   8.044639E+02   9.955792E+00   4.549210E-01   1.099418E+00   1.943515E-01
   2.652272478836E+08   8.314208E+02   9.965190E+00   4.700134E-01   1.230384E+00   2.022738E-01
   2.652273478836E+08   8.176031E+02   1.050920E+01   4.173475E-01   1.460548E+00   2.338748E-01
   2.652274478836E+08   8.133394E+02   1.048775E+01   4.159013E-01   1.315306E+00   2.223272E-01
   2.652275478836E+08   7.982411E+02   1.035432E+01   4.209775E-01   1.596462E+00   2.434581E-01
   2.652276478836E+08   8.085552E+02   9.756206E+00   4.780510E-01   1.340475E+00   2.093470E-01
   2.652277478836E+08   8.137048E+02   1.019647E+01   4.394061E-01   1.209377E+00   2.074065E-01
   2.652278478836E+08   8.247895E+02   1.066650E+01   4.105814E-01   1.751086E+00   2.581835E-01
   2.652279478836E+08   7.892734E+02   1.032811E+01   4.140256E-01   9.815109E-01   1.924901E-01
   2.652280478836E+08   7.948656E+02   9.697544E+00   4.766893E-01   1.442667E+00   2.174903E-01
   2.652281478836E+08   8.085835E+02   1.016687E+01   4.428774E-01   1.693974E+00   2.445041E-01
   2.652282478836E+08   8.139514E+02   1.043615E+01   4.197183E-01   1.228867E+00   2.139183E-01
   2.652283478836E+08   8.043907E+02   1.047723E+01   4.097012E-01   9.537218E-01   1.907444E-01
   2.652284478836E+08   8.001356E+02   9.993061E+00   4.513679E-01   1.385091E+00   2.190021E-01
   2.652285478836E+08   8.017844E+02   9.802847E+00   4.703511E-01   1.428878E+00   2.179019E-01
   2.652286478836E+08   8.094153E+02   1.050865E+01   4.121130E-01   1.289471E+00   2.211424E-01
   2.652287478836E+08   8.276754E+02   1.068361E+01   4.068539E-01   1.190891E+00   2.138904E-01
   2.652288478836E+08   8.212744E+02   1.052810E+01   4.153524E-01   1.128895E+00   2.061071E-01
   2.652289478836E+08   8.003821E+02   9.836246E+00   4.635620E-01   1.078925E+00   1.907287E-01
   2.652290478836E+08   8.163082E+02   1.014563E+01   4.443162E-01   1.090482E+00   1.958563E-01
   2.652291478836E+08   8.002449E+02   1.047375E+01   4.124030E-01   1.591756E+00   2.456132E-01
   2.652292478836E+08   8.325884E+02   1.076442E+01   4.046924E-01   1.428978E+00   2.349226E-01
   2.652293478836E+08   8.215840E+02   1.013531E+01   4.530921E-01   1.759271E+00   2.463471E-01
   2.652294478836E+08   8.093925E+02   9.874834E+00   4.668303E-01   1.305734E+00   2.090847E-01
   2.652295478836E+08   8.192537E+02   1.055175E+01   4.158856E-01   1.616008E+00   2.464389E-01
   2.652296478836E+08   8.132598E+02   1.053003E+01   4.128611E-01   1.362848E+00   2.271414E-01
   2.652297478836E+08   8.284399E+02   1.049658E+01   4.225920E-01   1.294481E+00   2.188073E-01
   2.652298478836E+08   8.139395E+02   9.929511E+00   4.655861E-01   1.477072E+00   2.226770E-01
   2.652299478836E+08   8.329526E+02   1.034184E+01   4.386023E-01   1.425404E+00   2.253762E-01
   2.652300478836E+08   8.316100E+02   1.082801E+01   3.996139E-01   1.447139E+00   2.379081E-01
   2.652301478836E+08   8.166837E+02   1.062575E+01   4.090468E-01   1.643026E+00   2.505591E-01
   2.652302478836E+08   8.171508E+02   1.013939E+01   4.476222E-01   1.396681E+00   2.208347E-01
   2.652303478836E+08   8.266484E+02   1.000131E+01   4.656502E-01   1.443303E+00   2.201017E-01
   2.652304478836E+08   8.329819E+02   1.067967E+01   4.124355E-01   1.591630E+00   2.455939E-01
   2.652305478836E+08   8.244834E+02   1.064579E+01   4.086875E-01   1.262035E+00   2.196922E-01
   2.652306478836E+08   8.399893E+02   1.072794E+01   4.105909E-01   1.370384E+00   2.283973E-01
   2.652307478836E+08   8.245870E+02   1.000279E+01   4.631339E-01   1.282407E+00   2.080339E-01
   2.652308478836E+08   8.510660E+02   1.046075E+01   4.370657E-01   1.323134E+00   2.175220E-01
   2.652309478836E+08   8.264159E+02   1.074220E+01   4.034563E-01   1.433356E+00   2.356423E-01
   2.652310478836E+08   8.379888E+02   1.082087E+01   4.012930E-01   1.168446E+00   2.133281E-01
   2.652311478836E+08   8.454572E+02   1.038115E+01   4.410994E-01   1.346468E+00   2.184260E-01
   2.652312478836E+08   8.430413E+02   1.015863E+01   4.569426E-01   1.026145E+00   1.873475E-01
   2.652313478836E+08   8.444868E+02   1.073932E+01   4.095806E-01   1.030323E+00   1.982857E-01
   2.652314478836E+08   8.461635E+02   1.086362E+01   4.034356E-01   1.394689E+00   2.324481E-01
   2.652315478836E+08   8.485595E+02   1.089494E+01   4.039852E-01   1.663612E+00   2.536984E-01
   2.652316478836E+08   8.553241E+02   1.026496E+01   4.557208E-01   1.268971E+00   2.086176E-01
   2.652317478836E+08   8.752479E+02   1.068004E+01   4.310847E-01   1.341492E+00   2.205399E-01
   2.652318478836E+08   8.731389E+02   1.112306E+01   3.962424E-01   1.301673E+00   2.265922E-01
   2.652319478836E+08   8.681326E+02   1.093682E+01   4.068335E-01   1.190951E+00   2.139011E-01
   2.652320478836E+08   8.626930E+02   1.095133E+01   4.040641E-01   1.315157E+00   2.255476E-01
   2.652321478836E+08   8.770682E+02   1.061609E+01   4.356058E-01   1.112287E+00   1.997727E-01
   2.652322478836E+08   8.528969E+02   1.026333E+01   4.523797E-01   9.673951E-01   1.828205E-01
   2.652323478836E+08   8.313438E+02   1.068833E+01   4.095028E-01   1.374025E+00   2.290041E-01
   2.652324478836E+08   8.524263E+02   1.090954E+01   4.014636E-01   1.167949E+00   2.132374E-01
   2.652325478836E+08   8.542070E+02   1.088152E+01   4.048031E-01   1.235535E+00   2.184138E-01
   2.652326478836E+08   8.553992E+02   1.049704E+01   4.372141E-01   1.465678E+00   2.289005E-01
   2.652327478836E+08   8.520604E+02   1.028206E+01   4.530696E-01   1.345391E+00   2.154350E-01
   2.652328478836E+08   8.500424E+02   1.070962E+01   4.159363E-01   1.240041E+00   2.158635E-01
   2.652329478836E+08   8.607817E+02   1.102215E+01   3.961773E-01   1.025729E+00   2.011621E-01
   2.652330478836E+08   8.666326E+02   1.104698E+01   3.984914E-01   1.255105E+00   2.218733E-01
   2.652331478836E+08   8.707423E+02   1.065941E+01   4.346686E-01   1.941710E+00   2.642333E-01
   2.652332478836E+08   8.660460E+02   1.086502E+01   4.143337E-01   1.659783E+00   2.502217E-01
   2.652333478836E+08   8.550787E+02   1.081601E+01   4.134659E-01   1.738870E+00   2.563823E-01
   2.652334478836E+08   8.614290E+02   1.037649E+01   4.511822E-01   1.558868E+00   2.323824E-01
   2.652335478836E+08   8.644773E+02   1.082060E+01   4.162108E-01   1.539641E+00   2.404515E-01
   2.652336478836E+08   8.542261E+02   1.093792E+01   4.027016E-01   1.552479E+00   2.454684E-01
   2.652337478836E+08   8.549698E+02   1.089054E+01   4.052338E-01   1.349930E+00   2.281799E-01
   2.652338478836E+08   8.671611E+02   1.081854E+01   4.156522E-01   1.240889E+00   2.160110E-01
   2.652339478836E+08   8.624713E+02   1.104728E+01   4.007603E-01   1.910998E+00   2.729998E-01
   2.652340478836E+08   8.551626E+02   1.054843E+01   4.344170E-01   1.690986E+00   2.466556E-01
   2.652341478836E+08   8.699347E+02   1.042289E+01   4.512314E-01   1.524061E+00   2.297608E-01
   2.652342478836E+08   8.593367E+02   1.090134E+01   4.071620E-01   1.458698E+00   2.366320E-01
   2.652343478836E+08   8.588051E+02   1.093291E+01   4.056049E-01   1.618434E+00   2.497298E-01
   2.652344478836E+08   8.549057E+02   1.093985E+01   4.006490E-01   1.209335E+00   2.172030E-01
   2.652345478836E+08   8.742938E+02   1.108449E+01   3.992138E-01   1.252834E+00   2.214718E-01
   2.652346478836E+08   8.544299E+02   1.050817E+01   4.328673E-01   1.047110E+00   1.944434E-01
   2.652347478836E+08   8.522871E+02   1.046202E+01   4.373146E-01   1.286641E+00   2.144402E-01
   2.652348478836E+08   8.590093E+02   1.056620E+01   4.348403E-01   1.689340E+00   2.464155E-01
   2.652349478836E+08   8.537869E+02   1.090567E+01   4.062981E-01   1.769547E+00   2.609054E-01
   2.652350478836E+08   8.699427E+02   1.100441E+01   4.046909E-01   1.506226E+00   2.411892E-01
   2.652351478836E+08   8.421178E+02   1.065963E+01   4.165118E-01   1.313378E+00   2.220014E-01
   2.652352478836E+08   8.686852E+02   1.093660E+01   4.063651E-01   1.076938E+00   2.035221E-01
   2.652353478836E+08   8.498586E+02   1.082029E+01   4.114963E-01   1.861140E+00   2.658772E-01
   2.652354478836E+08   8.556120E+02   1.093406E+01   4.028648E-01   1.435461E+00   2.359883E-01
   2.652355478836E+08   8.622424E+02   1.062664E+01   4.320538E-01   1.772586E+00   2.532265E-01
   2.652356478836E+08           NULL           NULL   0.000000E+00           NULL           NULL
   2.652357478836E+08   8.522375E+02   1.080084E+01   4.147555E-01   1.959567E+00   2.717431E-01
   2.652358478836E+08           NULL           NULL   0.000000E+00           NULL           NULL
   2.652359478836E+08           NULL           NULL   0.000000E+00           NULL           NULL
   2.652360478836E+08           NULL           NULL   0.000000E+00           NULL           NULL
   2.652361478836E+08           NULL           NULL   0.000000E+00           NULL           NULL
   2.652362478836E+08           NULL           NULL   0.000000E+00           NULL           NULL
   2.652363478836E+08           NULL           NULL   0.000000E+00           NULL           NULL
   2.652364478836E+08           NULL           NULL   0.000000E+00           NULL           NULL
   2.652365478836E+08           NULL           NULL   0.000000E+00           NULL           NULL
   2.652366478836E+08           NULL           NULL   0.000000E+00           NULL           NULL
   2.652367478836E+08           NULL           NULL   0.000000E+00           NULL           NULL
   2.652368478836E+08           NULL           NULL   0.000000E+00           NULL           NULL
   2.652369478836E+08           NULL           NULL   0.000000E+00           NULL           NULL
   2.652370478836E+08           NULL           NULL   0.000000E+00           NULL           NULL
   2.652371478836E+08           NULL           NULL   0.000000E+00           NULL           NULL
   2.652372478836E+08           NULL           NULL   0.000000E+00           NULL           NULL
   2.652373478836E+08           NULL           NULL   0.000000E+00           NULL           NULL
   2.652374478836E+08           NULL           NULL   0.000000E+00           NULL           NULL
   2.652375478836E+08           NULL           NULL   0.000000E+00           NULL           NULL
   2.652376478836E+08           NULL           NULL   0.000000E+00           NULL           NULL
   2.652377478836E+08           NULL           NULL   0.000000E+00           NULL           NULL
   2.652378478836E+08           NULL           NULL   0.000000E+00           NULL           NULL
   2.652379478836E+08           NULL           NULL   0.000000E+00           NULL           NULL
   2.652380478836E+08           NULL           NULL   0.000000E+00           NULL           NULL
