   2.951569515987E+08           NULL           NULL   0.000000E+00           NULL           NULL
   2.951570515987E+08           NULL           NULL   0.000000E+00           NULL           NULL
   2.951571515987E+08           NULL           NULL   0.000000E+00           NULL           NULL
   2.951572515987E+08           NULL           NULL   0.000000E+00           NULL           NULL
   2.951573515987E+08           NULL           NULL   0.000000E+00           NULL           NULL
   2.951574515987E+08           NULL           NULL   0.000000E+00           NULL           NULL
   2.951575515987E+08           NULL           NULL   0.000000E+00           NULL           NULL
   2.951576515987E+08           NULL           NULL   0.000000E+00           NULL           NULL
   2.951577515987E+08           NULL           NULL   0.000000E+00           NULL           NULL
   2.951578515987E+08           NULL           NULL   0.000000E+00           NULL           NULL
   2.951579515987E+08           NULL           NULL   0.000000E+00           NULL           NULL
   2.951580515987E+08           NULL           NULL   0.000000E+00           NULL           NULL
   2.951581515987E+08           NULL           NULL   0.000000E+00           NULL           NULL
   2.951582515987E+08           NULL           NULL   0.000000E+00           NULL           NULL
   2.951583515987E+08           NULL           NULL   0.000000E+00           NULL           NULL
   2.951584515987E+08           NULL           NULL   0.000000E+00           NULL           NULL
   2.951585515987E+08           NULL           NULL   0.000000E+00           NULL           NULL
   2.951586515987E+08           NULL           NULL   0.000000E+00           NULL           NULL
   2.951587515987E+08           NULL           NULL   0.000000E+00           NULL           NULL
   2.951588515987E+08           NULL           NULL   0.000000E+00           NULL           NULL
   2.951589515987E+08           NULL           NULL   0.000000E+00           NULL           NULL
   2.951590515987E+08           NULL           NULL   0.000000E+00           NULL           NULL
   2.951591515987E+08           NULL           NULL   0.000000E+00           NULL           NULL
   2.951592515987E+08           NULL           NULL   0.000000E+00           NULL           NULL
   2.951593515987E+08           NULL           NULL   0.000000E+00           NULL           NULL
   2.951594515987E+08           NULL           NULL   0.000000E+00           NULL           NULL
   2.951595515987E+08   0.000000E+00   0.000000E+00   1.322496E-05   0.000000E+00   0.000000E+00
   2.951596515987E+08   8.063895E+01   1.290756E+00   5.097616E-01   8.319452E-02   1.315421E-02
   2.951597515987E+08   8.266981E+01   9.998758E-01   8.706468E-01   6.559329E-02   8.926116E-03
   2.951598515987E+08   8.331239E+01   1.012183E+00   8.561561E-01   6.179151E-02   8.738640E-03
   2.951599515987E+08   8.330412E+01   1.002494E+00   8.724056E-01   3.762023E-02   6.756793E-03
   2.951600515987E+08   8.148809E+01   9.911659E-01   8.730749E-01   4.246602E-02   7.178067E-03
   2.951601515987E+08   8.389271E+01   1.003411E+00   8.770158E-01   4.221777E-02   7.136105E-03
   2.951602515987E+08   8.333286E+01   1.005569E+00   8.674081E-01   4.021725E-02   7.000925E-03
   2.951603515987E+08   8.384961E+01   1.002896E+00   8.775977E-01   5.305023E-02   7.997624E-03
   2.951604515987E+08   8.303540E+01   1.000710E+00   8.729607E-01   5.940851E-02   8.486929E-03
   2.951605515987E+08   8.382056E+01   1.007154E+00   8.698831E-01   5.232595E-02   7.979632E-03
   2.951606515987E+08   8.302559E+01   9.965157E-01   8.801857E-01   5.653948E-02   8.247131E-03
   2.951607515987E+08   0.000000E+00   0.000000E+00   5.486190E-09   0.000000E+00   0.000000E+00
   2.951608515987E+08   8.350824E+01   1.002911E+00   8.740047E-01   5.331539E-02   8.037598E-03
   2.951609515987E+08   8.322812E+01   1.001966E+00   8.728817E-01   6.666634E-02   8.989288E-03
   2.951610515987E+08   8.274876E+01   9.974079E-01   8.756577E-01   5.434755E-02   8.101654E-03
   2.951611515987E+08   8.347369E+01   1.002150E+00   8.752481E-01   7.613558E-02   9.592181E-03
   2.951612515987E+08   8.088746E+01   9.878801E-01   8.727525E-01   6.917170E-02   9.162016E-03
   2.951613515987E+08   8.335161E+01   1.000236E+00   8.770360E-01   5.307498E-02   8.001355E-03
   2.951614515987E+08   8.344122E+01   1.006063E+00   8.678728E-01   5.608146E-02   8.268760E-03
   2.951615515987E+08   8.585879E+01   1.296033E+00   5.382323E-01   7.278886E-02   1.196642E-02
   2.951616515987E+08   8.308714E+01   1.009412E+00   8.583717E-01   4.804248E-02   7.692955E-03
   2.951617515987E+08   8.222229E+01   1.000927E+00   8.639929E-01   5.507336E-02   8.209852E-03
   2.951618515987E+08   8.188129E+01   9.876062E-01   8.837038E-01   4.909973E-02   7.668090E-03
   2.951619515987E+08   8.196342E+01   9.970377E-01   8.681389E-01   6.584245E-02   8.960023E-03
   2.951620515987E+08   8.019599E+01   9.795560E-01   8.798306E-01   5.053142E-02   7.797167E-03
   2.951621515987E+08   8.279914E+01   1.001449E+00   8.690798E-01   4.992909E-02   7.797614E-03
   2.951622515987E+08   8.100243E+01   9.875411E-01   8.742710E-01   4.353571E-02   7.255951E-03
   2.951623515987E+08   8.178716E+01   9.940602E-01   8.712430E-01   4.739177E-02   7.588756E-03
   2.951624515987E+08   8.089485E+01   9.820226E-01   8.829615E-01   4.435270E-02   7.291539E-03
   2.951625515987E+08   8.192830E+01   9.936079E-01   8.734330E-01   3.872457E-02   6.845601E-03
   2.951626515987E+08   8.242274E+01   1.000775E+00   8.660907E-01   3.299948E-02   6.350753E-03
   2.951627515987E+08   8.057186E+01   9.823493E-01   8.789625E-01   5.299570E-02   7.989403E-03
   2.951628515987E+08   8.086507E+01   9.863067E-01   8.749752E-01   4.353653E-02   7.256089E-03
   2.951629515987E+08   8.164325E+01   1.264481E+00   5.374829E-01   4.531964E-02   9.449799E-03
   2.951630515987E+08   8.248256E+01   1.002100E+00   8.647703E-01   6.113059E-02   8.645171E-03
   2.951631515987E+08   8.176566E+01   9.911100E-01   8.762187E-01   4.831290E-02   7.638941E-03
   2.951632515987E+08   8.200565E+01   9.929898E-01   8.753901E-01   4.231049E-02   7.151778E-03
   2.951633515987E+08   8.458488E+01   1.015199E+00   8.638557E-01   4.413685E-02   7.356142E-03
   2.951634515987E+08   8.055780E+01   9.859307E-01   8.722438E-01   3.765124E-02   6.762363E-03
   2.951635515987E+08   7.979709E+01   9.825414E-01   8.699991E-01   3.894587E-02   6.884722E-03
   2.951636515987E+08   8.228172E+01   9.989151E-01   8.679652E-01   4.384818E-02   7.308030E-03
   2.951637515987E+08   8.252805E+01   9.983073E-01   8.716202E-01   4.367303E-02   7.278839E-03
   2.951638515987E+08   8.222107E+01   9.912239E-01   8.809943E-01   5.645296E-02   8.234511E-03
   2.951639515987E+08   8.201904E+01   9.910321E-01   8.789793E-01   4.100217E-02   7.031815E-03
   2.951640515987E+08   8.234398E+01   9.974605E-01   8.712148E-01   4.857485E-02   7.680357E-03
   2.951641515987E+08   8.229736E+01   9.973921E-01   8.708268E-01   4.739953E-02   7.589999E-03
   2.951642515987E+08   8.055327E+01   9.838711E-01   8.759696E-01   4.712944E-02   7.546750E-03
   2.951643515987E+08   8.251789E+01   9.936393E-01   8.796714E-01   3.969556E-02   6.910111E-03
   2.951644515987E+08   8.237194E+01   9.928421E-01   8.794826E-01   3.610009E-02   6.590944E-03
   2.951645515987E+08   8.158406E+01   9.906003E-01   8.751897E-01   4.959578E-02   7.745560E-03
   2.951646515987E+08   8.147850E+01   9.901215E-01   8.747683E-01   3.872622E-02   6.845893E-03
   2.951647515987E+08   8.116904E+01   9.902761E-01   8.713435E-01   5.219139E-02   7.959112E-03
   2.951648515987E+08   8.179176E+01   9.987083E-01   8.631459E-01   4.292557E-02   7.255746E-03
   2.951649515987E+08   8.132894E+01   1.282423E+00   5.204120E-01   2.846857E-02   7.608544E-03
   2.951650515987E+08   8.227393E+01   9.919416E-01   8.802263E-01   5.172590E-02   7.888126E-03
   2.951651515987E+08   8.027737E+01   9.801764E-01   8.793947E-01   3.371284E-02   6.371128E-03
   2.951652515987E+08   8.186982E+01   9.952692E-01   8.698566E-01   3.531771E-02   6.558334E-03
   2.951653515987E+08   8.337880E+01   1.007275E+00   8.652603E-01   6.615501E-02   9.002556E-03
   2.951654515987E+08   8.035628E+01   9.834396E-01   8.745208E-01   4.116879E-02   7.060389E-03
   2.951655515987E+08   8.239657E+01   9.978774E-01   8.710422E-01   4.854501E-02   7.675641E-03
   2.951656515987E+08   8.048848E+01   9.861816E-01   8.711109E-01   4.247956E-02   7.180356E-03
   2.951657515987E+08   8.108176E+01   9.881337E-01   8.741386E-01   4.844113E-02   7.659215E-03
   2.951658515987E+08   8.222034E+01   9.987925E-01   8.675619E-01   4.637960E-02   7.523765E-03
   2.951659515987E+08   8.152351E+01   1.002323E+00   8.541889E-01   4.836432E-02   7.744489E-03
   2.951660515987E+08   8.167079E+01   9.881949E-01   8.802809E-01   4.087957E-02   7.010788E-03
   2.951661515987E+08   8.198386E+01   9.958302E-01   8.702061E-01   4.503458E-02   7.403640E-03
   2.951662515987E+08   8.254418E+01   1.002217E+00   8.651105E-01   5.260126E-02   8.021617E-03
   2.951663515987E+08   8.118404E+01   9.843653E-01   8.818283E-01   3.841239E-02   6.790416E-03
   2.951664515987E+08   8.207193E+01   9.992519E-01   8.651116E-01   3.906639E-02   6.906027E-03
   2.951665515987E+08   8.374940E+01   1.002862E+00   8.764935E-01   4.345980E-02   7.243300E-03
   2.951666515987E+08   8.191256E+01   9.954615E-01   8.700786E-01   4.378674E-02   7.297790E-03
   2.951667515987E+08   8.251505E+01   1.003096E+00   8.630691E-01   3.429083E-02   6.480357E-03
   2.951668515987E+08   8.231567E+01   1.270822E+00   5.366625E-01   6.504529E-02   1.132293E-02
   2.951669515987E+08   8.198693E+01   9.922620E-01   8.765487E-01   4.826310E-02   7.631066E-03
   2.951670515987E+08   8.212708E+01   9.920231E-01   8.784234E-01   4.459076E-02   7.330677E-03
   2.951671515987E+08   7.937309E+01   9.795097E-01   8.707750E-01   4.134744E-02   7.091028E-03
   2.951672515987E+08   8.201572E+01   9.894275E-01   8.818842E-01   4.800935E-02   7.590945E-03
   2.951673515987E+08   8.385323E+01   1.003394E+00   8.767214E-01   4.949859E-02   7.730382E-03
   2.951674515987E+08   8.115715E+01   9.912707E-01   8.692279E-01   3.283517E-02   6.319132E-03
   2.951675515987E+08   8.036898E+01   9.883105E-01   8.660333E-01   3.914028E-02   6.919090E-03
   2.951676515987E+08   8.333990E+01   1.000488E+00   8.762367E-01   3.380742E-02   6.389002E-03
   2.951677515987E+08   8.115110E+01   9.895495E-01   8.722332E-01   3.634283E-02   6.635262E-03
   2.951678515987E+08   8.351285E+01   1.002083E+00   8.753496E-01   4.111984E-02   7.051994E-03
   2.951679515987E+08   8.229705E+01   9.943424E-01   8.761849E-01   4.833199E-02   7.641959E-03
   2.951680515987E+08   7.983143E+01   9.802667E-01   8.744597E-01   4.228281E-02   7.147099E-03
   2.951681515987E+08   8.276394E+01   9.990593E-01   8.729418E-01   5.570635E-02   8.213454E-03
   2.951682515987E+08   8.218864E+01   9.994639E-01   8.658839E-01   3.173390E-02   6.223529E-03
   2.951683515987E+08   8.070797E+01   9.826952E-01   8.796894E-01   4.214065E-02   7.123070E-03
   2.951684515987E+08   8.383787E+01   1.012540E+00   8.608813E-01   5.649443E-02   8.329649E-03
   2.951685515987E+08   8.145049E+01   9.900096E-01   8.748771E-01   5.571083E-02   8.214113E-03
   2.951686515987E+08   8.004575E+01   1.278509E+00   5.154868E-01   4.724243E-02   9.850726E-03
   2.951687515987E+08   8.183387E+01   9.919124E-01   8.755763E-01   5.196889E-02   7.925183E-03
   2.951688515987E+08   8.238804E+01   1.000977E+00   8.655409E-01   4.646455E-02   7.537546E-03
   2.951689515987E+08   8.241240E+01   9.971358E-01   8.722525E-01   2.792049E-02   5.821824E-03
   2.951690515987E+08   8.197517E+01   1.002110E+00   8.591889E-01   4.065654E-02   7.077395E-03
   2.951691515987E+08   8.127561E+01   9.989136E-01   8.572928E-01   3.825710E-02   6.871178E-03
   2.951692515987E+08   8.354668E+01   1.001296E+00   8.769770E-01   3.259759E-02   6.273409E-03
   2.951693515987E+08   8.037181E+01   9.832453E-01   8.750200E-01   3.994204E-02   6.953017E-03
   2.951694515987E+08   8.156858E+01   9.926339E-01   8.713993E-01   4.612932E-02   7.483164E-03
   2.951695515987E+08   8.160266E+01   9.896515E-01   8.769920E-01   4.346334E-02   7.243890E-03
   2.951696515987E+08   8.161563E+01   9.927248E-01   8.716367E-01   3.763619E-02   6.759660E-03
   2.951697515987E+08   8.151251E+01   9.900071E-01   8.754556E-01   4.835834E-02   7.646125E-03
   2.951698515987E+08   8.230807E+01   1.301069E+00   5.118113E-01   4.555732E-02   9.712853E-03
   2.951699515987E+08   8.292950E+01   9.953935E-01   8.810464E-01   4.803311E-02   7.594702E-03
   2.951700515987E+08   8.147533E+01   9.885680E-01   8.776350E-01   5.066653E-02   7.818014E-03
   2.951701515987E+08           NULL           NULL   0.000000E+00           NULL           NULL
   2.951702515987E+08           NULL           NULL   0.000000E+00           NULL           NULL
   2.951703515987E+08           NULL           NULL   0.000000E+00           NULL           NULL
   2.951704515987E+08           NULL           NULL   0.000000E+00           NULL           NULL
   2.951705515987E+08           NULL           NULL   0.000000E+00           NULL           NULL
   2.951706515987E+08           NULL           NULL   0.000000E+00           NULL           NULL
   2.951707515987E+08           NULL           NULL   0.000000E+00           NULL           NULL
   2.951708515987E+08           NULL           NULL   0.000000E+00           NULL           NULL
   2.951709515987E+08           NULL           NULL   0.000000E+00           NULL           NULL
   2.951710515987E+08           NULL           NULL   0.000000E+00           NULL           NULL
   2.951711515987E+08           NULL           NULL   0.000000E+00           NULL           NULL
   2.951712515987E+08           NULL           NULL   0.000000E+00           NULL           NULL
   2.951713515987E+08           NULL           NULL   0.000000E+00           NULL           NULL
   2.951714515987E+08           NULL           NULL   0.000000E+00           NULL           NULL
   2.951715515987E+08           NULL           NULL   0.000000E+00           NULL           NULL
   2.951716515987E+08           NULL           NULL   0.000000E+00           NULL           NULL
   2.951717515987E+08           NULL           NULL   0.000000E+00           NULL           NULL
   2.951718515987E+08           NULL           NULL   0.000000E+00           NULL           NULL
   2.951719515987E+08           NULL           NULL   0.000000E+00           NULL           NULL
   2.951720515987E+08           NULL           NULL   0.000000E+00           NULL           NULL
   2.951721515987E+08           NULL           NULL   0.000000E+00           NULL           NULL
   2.951722515987E+08   8.295464E+01   9.972855E-01   8.784477E-01   8.672012E-02   1.022006E-02
   2.951723515987E+08   8.311136E+01   1.135087E+00   6.792117E-01   6.844058E-02   1.031781E-02
   2.951724515987E+08   0.000000E+00   0.000000E+00   1.322496E-05   0.000000E+00   0.000000E+00
   2.951725515987E+08   8.220158E+01   9.923202E-01   8.787382E-01   4.820542E-02   7.621946E-03
   2.951726515987E+08   8.323521E+01   1.000353E+00   8.756084E-01   5.316337E-02   8.014680E-03
   2.951727515987E+08   8.397781E+01   1.007679E+00   8.706210E-01   5.350656E-02   8.066418E-03
   2.951728515987E+08           NULL           NULL   0.000000E+00           NULL           NULL
   2.951729515987E+08           NULL           NULL   0.000000E+00           NULL           NULL
   2.951730515987E+08           NULL           NULL   0.000000E+00           NULL           NULL
   2.951731515987E+08           NULL           NULL   0.000000E+00           NULL           NULL
   2.951732515987E+08           NULL           NULL   0.000000E+00           NULL           NULL
   2.951733515987E+08           NULL           NULL   0.000000E+00           NULL           NULL
   2.951734515987E+08           NULL           NULL   0.000000E+00           NULL           NULL
   2.951735515987E+08           NULL           NULL   0.000000E+00           NULL           NULL
   2.951736515987E+08           NULL           NULL   0.000000E+00           NULL           NULL
   2.951737515987E+08           NULL           NULL   0.000000E+00           NULL           NULL
   2.951738515987E+08   0.000000E+00   0.000000E+00   5.486190E-09   0.000000E+00   0.000000E+00
   2.951739515987E+08   8.294798E+01   1.642226E+00   3.240577E-01   1.144302E-01   1.934223E-02
