3.265125516377660036e+08 6.792495727539062500e+02 3.372399330139160156e+00 7.159277200698852539e-01 6.105787277221679688e+00 2.954797744750976562e-01
3.265126516377660036e+08 6.835014648437500000e+02 3.755724430084228516e+00 5.801538228988647461e-01 5.787801742553710938e+00 3.195779025554656982e-01
3.265127516377660036e+08 6.820616455078125000e+02 3.693800926208496094e+00 5.981051325798034668e-01 5.579856872558593750e+00 3.090396821498870850e-01
3.265128516377660036e+08 6.744942016601562500e+02 3.529271125793457031e+00 6.509679555892944336e-01 6.888068675994873047e+00 3.291246592998504639e-01
3.265129516377660036e+08 6.808389282226562500e+02 3.738571166992187500e+00 5.838797092437744141e-01 6.101531028747558594e+00 3.270764052867889404e-01
3.265130516377660036e+08 6.780272827148437500e+02 3.688671827316284180e+00 5.976666212081909180e-01 6.251969337463378906e+00 3.272430300712585449e-01
3.265131516377660036e+08 6.773869018554687500e+02 3.741498231887817383e+00 5.800471901893615723e-01 6.088898658752441406e+00 3.278152644634246826e-01
3.265132516377660036e+08 6.686378173828125000e+02 3.709614992141723633e+00 5.827201604843139648e-01 6.148808479309082031e+00 3.286676406860351562e-01
3.265133516377660036e+08 6.742230834960937500e+02 3.560540199279785156e+00 6.383629441261291504e-01 6.446757793426513672e+00 3.215350508689880371e-01
3.265134516377660036e+08 6.662675781250000000e+02 3.611639022827148438e+00 6.145852208137512207e-01 7.062633991241455078e+00 3.429918289184570312e-01
3.265135516377660036e+08 6.778795166015625000e+02 3.646157026290893555e+00 6.121566295623779297e-01 6.538786888122558594e+00 3.306806683540344238e-01
3.265136516377660036e+08 6.709396362304687500e+02 3.732510089874267578e+00 5.780916810035705566e-01 6.428251743316650391e+00 3.373957276344299316e-01
3.265137516377660036e+08 6.576246337890625000e+02 3.673751592636108398e+00 5.866179466247558594e-01 7.137578964233398438e+00 3.529305458068847656e-01
3.265138516377660036e+08 nan nan 0.000000000000000000e+00 nan nan
3.265139516377660036e+08 6.706445922851562500e+02 3.528882265090942383e+00 6.473222970962524414e-01 6.816158771514892578e+00 3.283227980136871338e-01
3.265140516377660036e+08 nan nan 0.000000000000000000e+00 nan nan
3.265141516377660036e+08 nan nan 0.000000000000000000e+00 nan nan
3.265142516377660036e+08 nan nan 0.000000000000000000e+00 nan nan
3.265143516377660036e+08 nan nan 0.000000000000000000e+00 nan nan
3.265144516377660036e+08 nan nan 0.000000000000000000e+00 nan nan
3.265145516377660036e+08 nan nan 0.000000000000000000e+00 nan nan
3.265146516377660036e+08 nan nan 0.000000000000000000e+00 nan nan
3.265147516377660036e+08 nan nan 0.000000000000000000e+00 nan nan
3.265148516377660036e+08 nan nan 0.000000000000000000e+00 nan nan
3.265149516377660036e+08 nan nan 0.000000000000000000e+00 nan nan
3.265150516377660036e+08 6.715335693359375000e+02 3.707708835601806641e+00 5.863864421844482422e-01 6.442069530487060547e+00 3.353607356548309326e-01
3.265151516377660036e+08 6.558178710937500000e+02 3.674908399581909180e+00 5.846557021141052246e-01 7.126514911651611328e+00 3.532482385635375977e-01
3.265152516377660036e+08 6.575521850585937500e+02 3.522329092025756836e+00 6.354620456695556641e-01 5.976779937744140625e+00 3.102989494800567627e-01
3.265153516377660036e+08 6.613204956054687500e+02 3.529728412628173828e+00 6.361557841300964355e-01 5.889800548553466797e+00 3.078648149967193604e-01
3.265154516377660036e+08 6.570576782226562500e+02 3.680751800537109375e+00 5.814914107322692871e-01 5.968144893646240234e+00 3.241451382637023926e-01
3.265155516377660036e+08 6.656339111328125000e+02 3.731842517852783203e+00 5.732915401458740234e-01 6.160650253295898438e+00 3.316782712936401367e-01
3.265156516377660036e+08 6.642623901367187500e+02 3.528393507003784180e+00 6.394853591918945312e-01 5.923168659210205078e+00 3.079308569431304932e-01
3.265157516377660036e+08 6.607985229492187500e+02 3.491767883300781250e+00 6.490759253501892090e-01 5.677928924560546875e+00 2.992531359195709229e-01
3.265158516377660036e+08 6.580285644531250000e+02 3.705014228820800781e+00 5.755774378776550293e-01 6.385187625885009766e+00 3.369973003864288330e-01
3.265159516377660036e+08 6.604921264648437500e+02 3.735599517822265625e+00 5.673308968544006348e-01 5.918618679046630859e+00 3.268010616302490234e-01
3.265160516377660036e+08 6.534790649414062500e+02 3.405495166778564453e+00 6.761716604232788086e-01 6.177121639251708984e+00 3.058131039142608643e-01
3.265161516377660036e+08 6.538630981445312500e+02 3.564660549163818359e+00 6.180389523506164551e-01 6.426860332489013672e+00 3.262743949890136719e-01
3.265162516377660036e+08 6.504848632812500000e+02 3.709254503250122070e+00 5.673923492431640625e-01 6.170574188232421875e+00 3.336664438247680664e-01
3.265163516377660036e+08 6.473718872070312500e+02 3.368054389953613281e+00 6.853178739547729492e-01 6.318751335144042969e+00 3.072282075881958008e-01
3.265164516377660036e+08 6.440243530273437500e+02 3.600178718566894531e+00 5.954852104187011719e-01 5.724746227264404297e+00 3.137141466140747070e-01
3.265165516377660036e+08 6.558815307617187500e+02 3.609410285949707031e+00 6.028660535812377930e-01 5.603715419769287109e+00 3.084743916988372803e-01
3.265166516377660036e+08 6.464686889648437500e+02 3.397388696670532227e+00 6.718905568122863770e-01 6.018406391143798828e+00 3.028188943862915039e-01
3.265167516377660036e+08 6.459798583984375000e+02 3.620048999786376953e+00 5.905246138572692871e-01 5.634149074554443359e+00 3.125263452529907227e-01
3.265168516377660036e+08 6.451072998046875000e+02 3.366419553756713867e+00 6.816530823707580566e-01 5.511700630187988281e+00 2.877084314823150635e-01
3.265169516377660036e+08 6.478777465820312500e+02 3.574598312377929688e+00 6.061061620712280273e-01 5.050163745880126953e+00 2.920584976673126221e-01
3.265170516377660036e+08 6.448030395507812500e+02 3.668099403381347656e+00 5.747439861297607422e-01 5.931339263916015625e+00 3.250353932380676270e-01
3.265171516377660036e+08 6.470954589843750000e+02 3.303523778915405273e+00 7.102377414703369141e-01 5.606977939605712891e+00 2.842850685119628906e-01
3.265172516377660036e+08 6.441677246093750000e+02 3.679215192794799805e+00 5.710626244544982910e-01 6.095062732696533203e+00 3.305511772632598877e-01
3.265173516377660036e+08 6.453113403320312500e+02 3.606181859970092773e+00 5.942481756210327148e-01 5.529936790466308594e+00 3.086509704589843750e-01
3.265174516377660036e+08 6.436076660156250000e+02 3.294106006622314453e+00 7.112874388694763184e-01 5.900946617126464844e+00 2.914269864559173584e-01
3.265175516377660036e+08 6.462103271484375000e+02 3.688652276992797852e+00 5.695346593856811523e-01 5.913691997528076172e+00 3.260324001312255859e-01
3.265176516377660036e+08 6.481339111328125000e+02 3.484795570373535156e+00 6.400600671768188477e-01 5.949838638305664062e+00 3.084847629070281982e-01
3.265177516377660036e+08 6.402558593750000000e+02 3.458520650863647461e+00 6.440438628196716309e-01 6.787273883819580078e+00 3.284592032432556152e-01
3.265178516377660036e+08 6.418577880859375000e+02 3.644993066787719727e+00 5.808377265930175781e-01 6.591735363006591797e+00 3.408505320549011230e-01
3.265179516377660036e+08 6.400745239257812500e+02 3.523405313491821289e+00 6.191272735595703125e-01 6.233677864074707031e+00 3.210507631301879883e-01
3.265180516377660036e+08 6.290169067382812500e+02 3.331296443939208984e+00 6.814299821853637695e-01 6.444941997528076172e+00 3.111647367477416992e-01
3.265181516377660036e+08 6.304364013671875000e+02 3.623245716094970703e+00 5.765185952186584473e-01 6.072895050048828125e+00 3.283845484256744385e-01
3.265182516377660036e+08 6.320026245117187500e+02 3.435642719268798828e+00 6.421931982040405273e-01 5.834429264068603516e+00 3.049705028533935547e-01
3.265183516377660036e+08 6.307639160156250000e+02 3.456119537353515625e+00 6.335740089416503906e-01 5.913800716400146484e+00 3.091193139553070068e-01
3.265184516377660036e+08 6.278950805664062500e+02 3.409189701080322266e+00 6.481486558914184570e-01 5.875587463378906250e+00 3.046350181102752686e-01
3.265185516377660036e+08 6.281577148437500000e+02 3.426761627197265625e+00 6.437267065048217773e-01 6.695199966430664062e+00 3.263040781021118164e-01
3.265186516377660036e+08 6.175848388671875000e+02 3.512021780014038086e+00 6.015813946723937988e-01 6.160233020782470703e+00 3.237746655941009521e-01
3.265187516377660036e+08 6.244812011718750000e+02 3.320377349853515625e+00 6.814324855804443359e-01 6.580126762390136719e+00 3.144106268882751465e-01
3.265188516377660036e+08 6.249945678710937500e+02 3.595891714096069336e+00 5.806701183319091797e-01 6.205777168273925781e+00 3.307690322399139404e-01
3.265189516377660036e+08 6.258701171875000000e+02 3.299633979797363281e+00 6.912842392921447754e-01 6.486350536346435547e+00 3.099298179149627686e-01
3.265190516377660036e+08 6.242868652343750000e+02 3.511638402938842773e+00 6.075732111930847168e-01 5.930987834930419922e+00 3.161227107048034668e-01
3.265191516377660036e+08 6.195369262695312500e+02 3.461414337158203125e+00 6.212199926376342773e-01 6.163240909576416016e+00 3.186936080455780029e-01
3.265192516377660036e+08 6.234314575195312500e+02 3.330546855926513672e+00 6.764780282974243164e-01 6.703984260559082031e+00 3.185158967971801758e-01
3.265193516377660036e+08 6.229525756835937500e+02 3.487028837203979492e+00 6.149944663047790527e-01 5.975939273834228516e+00 3.153980374336242676e-01
3.265194516377660036e+08 6.177188720703125000e+02 3.311474561691284180e+00 6.758080124855041504e-01 5.771445751190185547e+00 2.956801056861877441e-01
3.265195516377660036e+08 6.211042480468750000e+02 3.475975990295410156e+00 6.171823143959045410e-01 6.004516601562500000e+00 3.155903816223144531e-01
3.265196516377660036e+08 6.190365600585937500e+02 3.292824029922485352e+00 6.856580972671508789e-01 6.061797142028808594e+00 3.008419275283813477e-01
3.265197516377660036e+08 6.156259155273437500e+02 3.457887172698974609e+00 6.173473596572875977e-01 5.604928970336914062e+00 3.048679232597351074e-01
3.265198516377660036e+08 6.193645019531250000e+02 3.304767608642578125e+00 6.827744245529174805e-01 6.732123851776123047e+00 3.177085518836975098e-01
3.265199516377660036e+08 6.071636352539062500e+02 3.463183164596557617e+00 6.091899275779724121e-01 6.469801425933837891e+00 3.297316133975982666e-01
3.265200516377660036e+08 6.148444824218750000e+02 3.290733575820922852e+00 6.817280650138854980e-01 5.961592674255371094e+00 2.992037534713745117e-01
3.265201516377660036e+08 6.128605957031250000e+02 3.471603631973266602e+00 6.120263338088989258e-01 6.573632240295410156e+00 3.315958678722381592e-01
3.265202516377660036e+08 6.116546020507812500e+02 3.289806127548217773e+00 6.800482273101806641e-01 6.503198146820068359e+00 3.128852844238281250e-01
3.265203516377660036e+08 6.102226562500000000e+02 3.460548639297485352e+00 6.119573712348937988e-01 5.972140312194824219e+00 3.160791695117950439e-01
3.265204516377660036e+08 nan nan 0.000000000000000000e+00 nan nan
3.265205516377660036e+08 nan nan 0.000000000000000000e+00 nan nan
3.265206516377660036e+08 nan nan 0.000000000000000000e+00 nan nan
3.265207516377660036e+08 nan nan 0.000000000000000000e+00 nan nan
3.265208516377660036e+08 nan nan 0.000000000000000000e+00 nan nan
3.265209516377660036e+08 nan nan 0.000000000000000000e+00 nan nan
3.265210516377660036e+08 nan nan 0.000000000000000000e+00 nan nan
3.265211516377660036e+08 nan nan 0.000000000000000000e+00 nan nan
3.265212516377660036e+08 nan nan 0.000000000000000000e+00 nan nan
3.265213516377660036e+08 6.088723754882812500e+02 3.480289220809936523e+00 6.031078696250915527e-01 5.703313827514648438e+00 3.111412823200225830e-01
3.265214516377660036e+08 nan nan 0.000000000000000000e+00 nan nan
3.265215516377660036e+08 nan nan 0.000000000000000000e+00 nan nan
3.265216516377660036e+08 nan nan 0.000000000000000000e+00 nan nan
3.265217516377660036e+08 nan nan 0.000000000000000000e+00 nan nan
3.265218516377660036e+08 nan nan 0.000000000000000000e+00 nan nan
3.265219516377660036e+08 nan nan 0.000000000000000000e+00 nan nan
3.265220516377660036e+08 nan nan 0.000000000000000000e+00 nan nan
3.265221516377660036e+08 nan nan 0.000000000000000000e+00 nan nan
3.265222516377660036e+08 nan nan 0.000000000000000000e+00 nan nan
3.265223516377660036e+08 nan nan 0.000000000000000000e+00 nan nan
3.265224516377660036e+08 nan nan 0.000000000000000000e+00 nan nan
3.265225516377660036e+08 nan nan 0.000000000000000000e+00 nan nan
3.265226516377660036e+08 6.041065063476562500e+02 3.314938306808471680e+00 6.614707112312316895e-01 6.407265186309814453e+00 3.148998916149139404e-01
3.265227516377660036e+08 nan nan 0.000000000000000000e+00 nan nan
3.265228516377660036e+08 nan nan 0.000000000000000000e+00 nan nan
3.265229516377660036e+08 nan nan 0.000000000000000000e+00 nan nan
3.265230516377660036e+08 nan nan 0.000000000000000000e+00 nan nan
3.265231516377660036e+08 nan nan 0.000000000000000000e+00 nan nan
3.265232516377660036e+08 nan nan 0.000000000000000000e+00 nan nan
3.265233516377660036e+08 nan nan 0.000000000000000000e+00 nan nan
3.265234516377660036e+08 nan nan 0.000000000000000000e+00 nan nan
3.265235516377660036e+08 nan nan 0.000000000000000000e+00 nan nan
3.265236516377660036e+08 nan nan 0.000000000000000000e+00 nan nan
3.265237516377660036e+08 nan nan 0.000000000000000000e+00 nan nan
3.265238516377660036e+08 nan nan 0.000000000000000000e+00 nan nan
3.265239516377660036e+08 nan nan 0.000000000000000000e+00 nan nan
3.265240516377660036e+08 nan nan 0.000000000000000000e+00 nan nan
3.265241516377660036e+08 nan nan 0.000000000000000000e+00 nan nan
3.265242516377660036e+08 nan nan 0.000000000000000000e+00 nan nan
3.265243516377660036e+08 nan nan 0.000000000000000000e+00 nan nan
3.265244516377660036e+08 nan nan 0.000000000000000000e+00 nan nan
3.265245516377660036e+08 nan nan 0.000000000000000000e+00 nan nan
3.265246516377660036e+08 nan nan 0.000000000000000000e+00 nan nan
3.265247516377660036e+08 nan nan 0.000000000000000000e+00 nan nan
3.265248516377660036e+08 nan nan 0.000000000000000000e+00 nan nan
3.265249516377660036e+08 6.055708007812500000e+02 3.579976320266723633e+00 5.698755979537963867e-01 7.041885375976562500e+00 3.556689321994781494e-01
3.265250516377660036e+08 nan nan 0.000000000000000000e+00 nan nan
3.265251516377660036e+08 nan nan 0.000000000000000000e+00 nan nan
3.265252516377660036e+08 nan nan 0.000000000000000000e+00 nan nan
3.265253516377660036e+08 nan nan 0.000000000000000000e+00 nan nan
3.265254516377660036e+08 nan nan 0.000000000000000000e+00 nan nan
3.265255516377660036e+08 nan nan 0.000000000000000000e+00 nan nan
3.265256516377660036e+08 nan nan 0.000000000000000000e+00 nan nan
3.265257516377660036e+08 nan nan 0.000000000000000000e+00 nan nan
3.265258516377660036e+08 nan nan 0.000000000000000000e+00 nan nan
3.265259516377660036e+08 nan nan 0.000000000000000000e+00 nan nan
3.265260516377660036e+08 nan nan 0.000000000000000000e+00 nan nan
3.265261516377660036e+08 nan nan 0.000000000000000000e+00 nan nan
3.265262516377660036e+08 nan nan 0.000000000000000000e+00 nan nan
3.265263516377660036e+08 nan nan 0.000000000000000000e+00 nan nan
3.265264516377660036e+08 nan nan 0.000000000000000000e+00 nan nan
3.265265516377660036e+08 nan nan 0.000000000000000000e+00 nan nan
3.265266516377660036e+08 nan nan 0.000000000000000000e+00 nan nan
3.265267516377660036e+08 nan nan 0.000000000000000000e+00 nan nan
3.265268516377660036e+08 nan nan 0.000000000000000000e+00 nan nan
3.265269516377660036e+08 6.020283813476562500e+02 3.515904426574707031e+00 5.860102176666259766e-01 6.393797397613525391e+00 3.342091441154479980e-01
3.265270516377660036e+08 5.964205932617187500e+02 3.171896696090698242e+00 7.126723527908325195e-01 6.104948043823242188e+00 2.961334884166717529e-01
3.265271516377660036e+08 6.023479003906250000e+02 3.533154964447021484e+00 5.788438320159912109e-01 5.606358051300048828e+00 3.148844242095947266e-01
3.265272516377660036e+08 5.997341918945312500e+02 3.187852382659912109e+00 7.089946866035461426e-01 5.963346481323242188e+00 2.934370934963226318e-01
3.265273516377660036e+08 6.000018310546875000e+02 3.494968414306640625e+00 5.900545120239257812e-01 5.933581829071044922e+00 3.208513557910919189e-01
3.265274516377660036e+08 5.971778564453125000e+02 3.180014848709106445e+00 7.090479731559753418e-01 5.789642333984375000e+00 2.891209423542022705e-01
3.265275516377660036e+08 5.943798217773437500e+02 3.478825569152832031e+00 5.889163017272949219e-01 5.423554420471191406e+00 3.070482909679412842e-01
3.265276516377660036e+08 5.934598999023437500e+02 3.183947086334228516e+00 7.030099034309387207e-01 5.795682907104492188e+00 2.905113101005554199e-01
3.265277516377660036e+08 5.907234497070312500e+02 3.207557439804077148e+00 6.908568143844604492e-01 6.268090724945068359e+00 3.047650158405303955e-01
3.265278516377660036e+08 5.917983398437500000e+02 3.422887802124023438e+00 6.058970093727111816e-01 5.491203308105468750e+00 3.045971393585205078e-01
3.265279516377660036e+08 5.878197631835937500e+02 3.136168718338012695e+00 7.157464623451232910e-01 5.048919677734375000e+00 2.687268853187561035e-01
3.265280516377660036e+08 5.933728637695312500e+02 3.208770751953125000e+00 6.909061670303344727e-01 5.363798618316650391e+00 2.819150090217590332e-01
3.265281516377660036e+08 5.909674072265625000e+02 3.426626682281494141e+00 6.036328673362731934e-01 5.443962574005126953e+00 3.038523793220520020e-01
3.265282516377660036e+08 5.952412109375000000e+02 3.148653268814086914e+00 7.193173170089721680e-01 5.208869934082031250e+00 2.722719907760620117e-01
3.265283516377660036e+08 5.907812500000000000e+02 3.130980014801025391e+00 7.222228050231933594e-01 5.244613647460937500e+00 2.726544737815856934e-01
3.265284516377660036e+08 5.925134277343750000e+02 3.485189914703369141e+00 5.851642489433288574e-01 5.510813713073730469e+00 3.104991912841796875e-01
3.265285516377660036e+08 5.902037353515625000e+02 3.151534080505371094e+00 7.116822004318237305e-01 5.077753067016601562e+00 2.702615261077880859e-01
3.265286516377660036e+08 5.944968872070312500e+02 3.152932167053222656e+00 7.168580293655395508e-01 5.340985774993896484e+00 2.761757969856262207e-01
3.265287516377660036e+08 5.912929687500000000e+02 3.315052032470703125e+00 6.452122926712036133e-01 5.410466670989990234e+00 2.929931879043579102e-01
3.265288516377660036e+08 5.918235473632812500e+02 3.310552358627319336e+00 6.480774283409118652e-01 5.623491764068603516e+00 2.980444729328155518e-01
3.265289516377660036e+08 5.919066772460937500e+02 3.140656948089599609e+00 7.198109626770019531e-01 5.489740848541259766e+00 2.794204354286193848e-01
3.265290516377660036e+08 5.916664428710937500e+02 3.420403718948364258e+00 6.061959862709045410e-01 5.302730560302734375e+00 2.992503941059112549e-01
3.265291516377660036e+08 5.886533203125000000e+02 3.201875686645507812e+00 6.880966424942016602e-01 5.222045421600341797e+00 2.787321507930755615e-01
3.265292516377660036e+08 5.870302124023437500e+02 3.149621009826660156e+00 7.092469930648803711e-01 5.239527225494384766e+00 2.750038504600524902e-01
3.265293516377660036e+08 5.901404418945312500e+02 3.464057922363281250e+00 5.905719399452209473e-01 5.755038738250732422e+00 3.158487975597381592e-01
3.265294516377660036e+08 5.838863525390625000e+02 3.138887643814086914e+00 7.094581723213195801e-01 4.920515060424804688e+00 2.664608359336853027e-01
3.265295516377660036e+08 5.834921875000000000e+02 3.268437385559082031e+00 6.545273661613464355e-01 5.161418914794921875e+00 2.841267585754394531e-01
3.265296516377660036e+08 5.828856811523437500e+02 3.282296657562255859e+00 6.469112038612365723e-01 4.605017662048339844e+00 2.699509263038635254e-01
3.265297516377660036e+08 5.829632568359375000e+02 3.110538244247436523e+00 7.228218317031860352e-01 5.438547611236572266e+00 2.775347232818603516e-01
3.265298516377660036e+08 5.865871582031250000e+02 3.167638301849365234e+00 7.011357545852661133e-01 5.402348518371582031e+00 2.808547019958496094e-01
3.265299516377660036e+08 5.909221191406250000e+02 3.360652208328247070e+00 6.268201470375061035e-01 5.160919666290283203e+00 2.903244197368621826e-01
3.265300516377660036e+08 5.831724853515625000e+02 3.187478542327880859e+00 6.899914145469665527e-01 5.949543952941894531e+00 2.971060574054718018e-01
3.265301516377660036e+08 5.878385620117187500e+02 3.145964384078979492e+00 7.124763727188110352e-01 5.460043430328369141e+00 2.800943255424499512e-01
3.265302516377660036e+08 5.771398925781250000e+02 3.170874357223510742e+00 6.887006759643554688e-01 5.410704612731933594e+00 2.835979759693145752e-01
3.265303516377660036e+08 5.847020263671875000e+02 3.403825521469116211e+00 6.056812405586242676e-01 5.560767650604248047e+00 3.065750598907470703e-01
3.265304516377660036e+08 5.865120849609375000e+02 3.135859727859497070e+00 7.154680490493774414e-01 5.451521396636962891e+00 2.792899012565612793e-01
3.265305516377660036e+08 5.883169555664062500e+02 3.144807577133178711e+00 7.116798758506774902e-01 4.790077209472656250e+00 2.624946236610412598e-01
3.265306516377660036e+08 5.813271484375000000e+02 3.366374731063842773e+00 6.150379776954650879e-01 5.276431560516357422e+00 2.963539361953735352e-01
3.265307516377660036e+08 5.834402465820312500e+02 3.208916902542114258e+00 6.788812875747680664e-01 5.127056121826171875e+00 2.780536413192749023e-01
3.265308516377660036e+08 5.883227539062500000e+02 3.141772270202636719e+00 7.149024009704589844e-01 5.441514968872070312e+00 2.791438102722167969e-01
3.265309516377660036e+08 5.855413818359375000e+02 3.154053211212158203e+00 7.064102292060852051e-01 5.564898014068603516e+00 2.839825153350830078e-01
3.265310516377660036e+08 5.865640869140625000e+02 3.413093805313110352e+00 6.034287810325622559e-01 5.208292007446289062e+00 2.972529232501983643e-01
3.265311516377660036e+08 5.857171020507812500e+02 3.224622964859008789e+00 6.761674284934997559e-01 5.616976737976074219e+00 2.916189134120941162e-01
3.265312516377660036e+08 5.785263671875000000e+02 3.123108625411987305e+00 7.114313840866088867e-01 5.352946281433105469e+00 2.775373458862304688e-01
3.265313516377660036e+08 5.833189697265625000e+02 3.202990531921386719e+00 6.826072931289672852e-01 5.623974323272705078e+00 2.904208004474639893e-01
3.265314516377660036e+08 5.810097656250000000e+02 3.420721530914306641e+00 5.957391262054443359e-01 5.447360038757324219e+00 3.059542179107666016e-01
3.265315516377660036e+08 5.852901000976562500e+02 3.145460128784179688e+00 7.108529806137084961e-01 5.875750541687011719e+00 2.908929884433746338e-01
3.265316516377660036e+08 5.878390502929687500e+02 3.129001140594482422e+00 7.213648557662963867e-01 5.861085414886474609e+00 2.884051501750946045e-01
3.265317516377660036e+08 5.898063354492187500e+02 3.224686861038208008e+00 6.797877550125122070e-01 5.255754470825195312e+00 2.813341021537780762e-01
3.265318516377660036e+08 5.831824951171875000e+02 3.344858407974243164e+00 6.239976882934570312e-01 4.905363082885742188e+00 2.836844623088836670e-01
3.265319516377660036e+08 5.755939331054687500e+02 3.183767080307006836e+00 6.805299520492553711e-01 5.114634990692138672e+00 2.773800194263458252e-01
3.265320516377660036e+08 5.802073974609375000e+02 3.130767345428466797e+00 7.097173929214477539e-01 5.264903068542480469e+00 2.755776047706604004e-01
3.265321516377660036e+08 5.863499755859375000e+02 3.132488489151000977e+00 7.168262600898742676e-01 5.455472946166992188e+00 2.791262865066528320e-01
3.265322516377660036e+08 5.761178588867187500e+02 3.191412448883056641e+00 6.789817810058593750e-01 5.518308162689208984e+00 2.884465754032135010e-01
3.265323516377660036e+08 5.768522338867187500e+02 3.419600963592529297e+00 5.917151570320129395e-01 5.345997333526611328e+00 3.041231632232666016e-01
3.265324516377660036e+08 5.774867553710937500e+02 3.112605094909667969e+00 7.150276303291320801e-01 5.368975639343261719e+00 2.772527039051055908e-01
3.265325516377660036e+08 5.732901611328125000e+02 3.122338771820068359e+00 7.056049108505249023e-01 5.397147655487060547e+00 2.798290550708770752e-01
3.265326516377660036e+08 5.747655029296875000e+02 3.168343544006347656e+00 6.856005787849426270e-01 4.897626399993896484e+00 2.704261839389801025e-01
3.265327516377660036e+08 5.803168334960937500e+02 3.378797769546508789e+00 6.089969277381896973e-01 5.076621532440185547e+00 2.921267449855804443e-01
3.265328516377660036e+08 5.810811157226562500e+02 3.142127990722656250e+00 7.073182463645935059e-01 5.861693859100341797e+00 2.912698984146118164e-01
3.265329516377660036e+08 5.758754882812500000e+02 3.116530179977416992e+00 7.123290896415710449e-01 5.734231472015380859e+00 2.870706319808959961e-01
3.265330516377660036e+08 5.772869873046875000e+02 3.109120368957519531e+00 7.150668501853942871e-01 4.910553455352783203e+00 2.651449739933013916e-01
3.265331516377660036e+08 5.795929565429687500e+02 3.191247701644897461e+00 6.836504936218261719e-01 5.735187530517578125e+00 2.930544018745422363e-01
3.265332516377660036e+08 5.729085693359375000e+02 3.352816581726074219e+00 6.114342808723449707e-01 5.357758522033691406e+00 2.995078265666961670e-01
3.265333516377660036e+08 5.707302246093750000e+02 3.086064100265502930e+00 7.193745970726013184e-01 5.478839397430419922e+00 2.792275249958038330e-01
3.265334516377660036e+08 5.729552612304687500e+02 3.110660791397094727e+00 7.102391123771667480e-01 5.304277420043945312e+00 2.765045762062072754e-01
3.265335516377660036e+08 5.723583984375000000e+02 3.102882862091064453e+00 7.118346095085144043e-01 4.875324726104736328e+00 2.647913098335266113e-01
3.265336516377660036e+08 5.707680053710937500e+02 3.141373157501220703e+00 6.950197815895080566e-01 5.729746341705322266e+00 2.905096709728240967e-01
3.265337516377660036e+08 5.773529052734375000e+02 3.388880968093872070e+00 6.039741039276123047e-01 5.745983123779296875e+00 3.120789527893066406e-01
3.265338516377660036e+08 5.732708129882812500e+02 3.089304924011230469e+00 7.222111225128173828e-01 5.896742343902587891e+00 2.891115844249725342e-01
3.265339516377660036e+08 5.733295898437500000e+02 3.088366270065307617e+00 7.229934334754943848e-01 5.989478111267089844e+00 2.912184000015258789e-01
3.265340516377660036e+08 5.771480712890625000e+02 3.360989332199096680e+00 6.132421493530273438e-01 5.508900642395019531e+00 3.032549917697906494e-01
3.265341516377660036e+08 5.795155029296875000e+02 3.196638584136962891e+00 6.816317439079284668e-01 5.872323036193847656e+00 2.969761490821838379e-01
3.265342516377660036e+08 5.770751953125000000e+02 3.124979972839355469e+00 7.084864974021911621e-01 5.230701923370361328e+00 2.749195694923400879e-01
3.265343516377660036e+08 5.723858032226562500e+02 3.100094079971313477e+00 7.150784134864807129e-01 5.540389060974121094e+00 2.816337943077087402e-01
3.265344516377660036e+08 5.763153076171875000e+02 3.465203046798706055e+00 5.778670907020568848e-01 6.271310329437255859e+00 3.333163857460021973e-01
3.265345516377660036e+08 nan nan 0.000000000000000000e+00 nan nan
3.265346516377660036e+08 5.769716186523437500e+02 3.127715587615966797e+00 7.111691832542419434e-01 6.650465011596679688e+00 3.094076216220855713e-01
3.265347516377660036e+08 5.818676147460937500e+02 3.173291444778442383e+00 6.934678554534912109e-01 5.521133422851562500e+00 2.854910194873809814e-01
3.265348516377660036e+08 5.773950195312500000e+02 3.397092342376708984e+00 6.014066338539123535e-01 5.872646331787109375e+00 3.161726593971252441e-01
3.265349516377660036e+08 5.809369506835937500e+02 3.153025388717651367e+00 7.029813528060913086e-01 6.116295814514160156e+00 2.984446585178375244e-01
3.265350516377660036e+08 5.814415283203125000e+02 3.111277818679809570e+00 7.199584841728210449e-01 5.204231739044189453e+00 2.720295488834381104e-01
3.265351516377660036e+08 5.745302124023437500e+02 3.100365161895751953e+00 7.172742486000061035e-01 5.437793731689453125e+00 2.785865962505340576e-01
3.265352516377660036e+08 5.740328979492187500e+02 3.341603994369506836e+00 6.186361908912658691e-01 6.122790336608886719e+00 3.183087110519409180e-01
3.265353516377660036e+08 5.796239013671875000e+02 3.191408634185791016e+00 6.823334693908691406e-01 5.266152381896972656e+00 2.810864150524139404e-01
3.265354516377660036e+08 5.721614379882812500e+02 3.110345602035522461e+00 7.104128003120422363e-01 5.648826599121093750e+00 2.853088378906250000e-01
3.265355516377660036e+08 5.697546386718750000e+02 3.077278852462768555e+00 7.216025590896606445e-01 5.249121665954589844e+00 2.728888392448425293e-01
3.265356516377660036e+08 5.726386718750000000e+02 3.111929655075073242e+00 7.109602689743041992e-01 5.889263153076171875e+00 2.912053167819976807e-01
3.265357516377660036e+08 5.740826416015625000e+02 3.334897279739379883e+00 6.196227073669433594e-01 5.501737594604492188e+00 3.014933764934539795e-01
3.265358516377660036e+08 5.756050415039062500e+02 3.199137687683105469e+00 6.752834320068359375e-01 5.578850269317626953e+00 2.908176779747009277e-01
3.265359516377660036e+08 5.725069580078125000e+02 3.104495525360107422e+00 7.105516195297241211e-01 4.624794006347656250e+00 2.581308186054229736e-01
3.265360516377660036e+08 5.670515136718750000e+02 3.073406934738159180e+00 7.200956344604492188e-01 5.260106086730957031e+00 2.734599113464355469e-01
3.265361516377660036e+08 5.722661743164062500e+02 3.229084014892578125e+00 6.577498316764831543e-01 5.089439868927001953e+00 2.814466655254364014e-01
3.265362516377660036e+08 5.676190795898437500e+02 3.243954658508300781e+00 6.468610763549804688e-01 5.206763744354248047e+00 2.870581746101379395e-01
3.265363516377660036e+08 5.720822143554687500e+02 3.083489418029785156e+00 7.196942567825317383e-01 4.608716011047363281e+00 2.560397684574127197e-01
3.265364516377660036e+08 5.697609252929687500e+02 3.112303733825683594e+00 7.050215005874633789e-01 5.096683979034423828e+00 2.720408737659454346e-01
3.265365516377660036e+08 5.691418457031250000e+02 3.136832475662231445e+00 6.934983730316162109e-01 5.166608810424804688e+00 2.761668562889099121e-01
3.265366516377660036e+08 5.622686157226562500e+02 3.252416610717773438e+00 6.374690532684326172e-01 5.171061515808105469e+00 2.881720066070556641e-01
3.265367516377660036e+08 5.671461181640625000e+02 3.171663999557495117e+00 6.761373281478881836e-01 5.208425998687744141e+00 2.808195054531097412e-01
3.265368516377660036e+08 5.608549194335937500e+02 3.065083980560302734e+00 7.172223329544067383e-01 5.580921649932861328e+00 2.822393476963043213e-01
3.265369516377660036e+08 5.596633300781250000e+02 3.071895360946655273e+00 7.121705412864685059e-01 5.448013782501220703e+00 2.798456549644470215e-01
3.265370516377660036e+08 5.544765014648437500e+02 3.041596412658691406e+00 7.204739451408386230e-01 5.655197620391845703e+00 2.834694385528564453e-01
3.265371516377660036e+08 5.559370727539062500e+02 3.043064117431640625e+00 7.199728488922119141e-01 5.104595184326171875e+00 2.694102227687835693e-01
3.265372516377660036e+08 5.605015869140625000e+02 3.107049226760864258e+00 6.967085003852844238e-01 5.289740562438964844e+00 2.787938117980957031e-01
3.265373516377660036e+08 5.626784667968750000e+02 3.259308099746704102e+00 6.348200440406799316e-01 5.015251636505126953e+00 2.843888103961944580e-01
3.265374516377660036e+08 5.596744384765625000e+02 3.127737522125244141e+00 6.874127388000488281e-01 5.599551200866699219e+00 2.887748181819915771e-01
3.265375516377660036e+08 5.570039062500000000e+02 3.055263996124267578e+00 7.151653170585632324e-01 4.967135429382324219e+00 2.666498124599456787e-01
3.265376516377660036e+08 5.548925781250000000e+02 3.039903402328491211e+00 7.211886644363403320e-01 5.450863361358642578e+00 2.781631946563720703e-01
3.265377516377660036e+08 5.583237304687500000e+02 3.061083316802978516e+00 7.147079706192016602e-01 5.170845031738281250e+00 2.721497416496276855e-01
3.265378516377660036e+08 5.509634399414062500e+02 3.041121721267700195e+00 7.141448855400085449e-01 4.959897994995117188e+00 2.666457593441009521e-01
3.265379516377660036e+08 5.506867065429687500e+02 3.057240962982177734e+00 7.064054608345031738e-01 4.999746799468994141e+00 2.691773176193237305e-01
3.265380516377660036e+08 5.518754882812500000e+02 3.100598096847534180e+00 6.889929771423339844e-01 5.259826660156250000e+00 2.795566320419311523e-01
3.265381516377660036e+08 5.537731933593750000e+02 3.206110715866088867e+00 6.455807089805603027e-01 4.899941921234130859e+00 2.787479460239410400e-01
3.265382516377660036e+08 5.542883911132812500e+02 3.131186723709106445e+00 6.779983043670654297e-01 5.088435173034667969e+00 2.771847248077392578e-01
3.265383516377660036e+08 nan nan 0.000000000000000000e+00 nan nan
3.265384516377660036e+08 5.584259033203125000e+02 3.052766799926757812e+00 7.200668454170227051e-01 5.615743637084960938e+00 2.825587093830108643e-01
3.265385516377660036e+08 5.527984008789062500e+02 3.055961132049560547e+00 7.105110883712768555e-01 5.287838459014892578e+00 2.760229110717773438e-01
3.265386516377660036e+08 5.557246093750000000e+02 3.010906696319580078e+00 7.349252104759216309e-01 5.028599262237548828e+00 2.646631300449371338e-01
3.265387516377660036e+08 5.448782958984375000e+02 2.574791193008422852e+00 9.864438772201538086e-01 5.188962936401367188e+00 2.320574820041656494e-01
3.265388516377660036e+08 5.411865844726562500e+02 2.564590215682983398e+00 9.863575696945190430e-01 4.867673397064208984e+00 2.247682809829711914e-01
3.265389516377660036e+08 5.417150878906250000e+02 2.567070960998535156e+00 9.862303733825683594e-01 5.065524578094482422e+00 2.293055206537246704e-01
3.265390516377660036e+08 nan nan 0.000000000000000000e+00 nan nan
3.265391516377660036e+08 nan nan 0.000000000000000000e+00 nan nan
3.265392516377660036e+08 5.381386108398437500e+02 2.562492370605468750e+00 9.860146641731262207e-01 5.689579486846923828e+00 2.430467903614044189e-01
3.265393516377660036e+08 5.394624023437500000e+02 2.562907934188842773e+00 9.865067601203918457e-01 5.323536872863769531e+00 2.350399047136306763e-01
3.265394516377660036e+08 5.399962158203125000e+02 2.561506986618041992e+00 9.862967729568481445e-01 4.795317173004150391e+00 2.230983376502990723e-01
3.265395516377660036e+08 5.370842895507812500e+02 2.556368589401245117e+00 9.861462712287902832e-01 5.055575370788574219e+00 2.290899902582168579e-01
3.265396516377660036e+08 5.428538818359375000e+02 2.569730997085571289e+00 9.866854548454284668e-01 5.177317142486572266e+00 2.317685484886169434e-01
3.265397516377660036e+08 5.417328491210937500e+02 2.566838741302490234e+00 9.865219593048095703e-01 5.084781646728515625e+00 2.297070175409317017e-01
3.265398516377660036e+08 5.426083984375000000e+02 2.566199302673339844e+00 9.867681264877319336e-01 4.658157825469970703e+00 2.198320627212524414e-01
3.265399516377660036e+08 5.428196411132812500e+02 2.568152427673339844e+00 9.864397644996643066e-01 4.846511840820312500e+00 2.242698222398757935e-01
3.265400516377660036e+08 5.388854980468750000e+02 2.562133312225341797e+00 9.862108826637268066e-01 5.356275081634521484e+00 2.357968688011169434e-01
3.265401516377660036e+08 5.416764526367187500e+02 2.568042993545532227e+00 9.859479069709777832e-01 5.191573619842529297e+00 2.321742326021194458e-01
3.265402516377660036e+08 5.399201049804687500e+02 2.562883615493774414e+00 9.864633083343505859e-01 5.116217136383056641e+00 2.304228246212005615e-01
3.265403516377660036e+08 5.396702270507812500e+02 2.562969207763671875e+00 9.863499402999877930e-01 5.210215091705322266e+00 2.325432896614074707e-01
3.265404516377660036e+08 5.409221191406250000e+02 2.564693689346313477e+00 9.863774180412292480e-01 5.002497673034667969e+00 2.278575301170349121e-01
3.265405516377660036e+08 5.391074218750000000e+02 2.558901309967041016e+00 9.864885210990905762e-01 4.742497444152832031e+00 2.218446880578994751e-01
3.265406516377660036e+08 5.373793334960937500e+02 2.556149482727050781e+00 9.862236380577087402e-01 4.909855365753173828e+00 2.257553935050964355e-01
3.265407516377660036e+08 5.385886840820312500e+02 2.560170888900756836e+00 9.864794611930847168e-01 5.188776016235351562e+00 2.320491224527359009e-01
3.265408516377660036e+08 5.411236572265625000e+02 2.563912868499755859e+00 9.861111640930175781e-01 4.713168144226074219e+00 2.211999446153640747e-01
3.265409516377660036e+08 5.435900878906250000e+02 2.571287155151367188e+00 9.867104291915893555e-01 5.156436443328857422e+00 2.312977761030197144e-01
3.265410516377660036e+08 5.351379394531250000e+02 2.552749872207641602e+00 9.866698980331420898e-01 5.343407630920410156e+00 2.354586720466613770e-01
3.265411516377660036e+08 5.414960937500000000e+02 2.567737340927124023e+00 9.863356351852416992e-01 5.303702354431152344e+00 2.346219718456268311e-01
3.265412516377660036e+08 5.408457641601562500e+02 2.561962127685546875e+00 9.869238138198852539e-01 4.667796134948730469e+00 2.200420200824737549e-01
3.265413516377660036e+08 5.381982421875000000e+02 2.559209823608398438e+00 9.862173795700073242e-01 5.117492675781250000e+00 2.304802834987640381e-01
3.265414516377660036e+08 5.397738037109375000e+02 2.561199188232421875e+00 9.859229326248168945e-01 4.745218276977539062e+00 2.219719439744949341e-01
3.265415516377660036e+08 5.360780639648437500e+02 2.552006483078002930e+00 9.866304993629455566e-01 4.804070949554443359e+00 2.232641279697418213e-01
3.265416516377660036e+08 5.401997070312500000e+02 2.560766458511352539e+00 9.863913059234619141e-01 4.597666263580322266e+00 2.184417247772216797e-01
3.265417516377660036e+08 5.369682617187500000e+02 2.554947137832641602e+00 9.867126941680908203e-01 4.980047702789306641e+00 2.273070365190505981e-01
3.265418516377660036e+08 5.377858276367187500e+02 2.556868791580200195e+00 9.863947629928588867e-01 4.909003734588623047e+00 2.257162183523178101e-01
3.265419516377660036e+08 5.393911132812500000e+02 2.559760093688964844e+00 9.866406321525573730e-01 4.814397335052490234e+00 2.235027998685836792e-01
3.265420516377660036e+08 5.429207763671875000e+02 2.581715822219848633e+00 9.761430621147155762e-01 4.813735008239746094e+00 2.246859073638916016e-01
3.265421516377660036e+08 5.429445800781250000e+02 2.570909261703491211e+00 9.860012531280517578e-01 5.191292285919189453e+00 2.321616560220718384e-01
3.265422516377660036e+08 5.371537475585937500e+02 2.557107686996459961e+00 9.867492318153381348e-01 5.301479339599609375e+00 2.345236390829086304e-01
3.265423516377660036e+08 5.392109375000000000e+02 2.559622764587402344e+00 9.860820770263671875e-01 4.734070777893066406e+00 2.216931730508804321e-01
3.265424516377660036e+08 5.386926269531250000e+02 2.559738159179687500e+00 9.864695668220520020e-01 5.064296245574951172e+00 2.292499095201492310e-01
3.265425516377660036e+08 5.446115112304687500e+02 2.575113534927368164e+00 9.863806366920471191e-01 5.344974994659423828e+00 2.355277240276336670e-01
3.265426516377660036e+08 5.385494384765625000e+02 2.558649301528930664e+00 9.862617254257202148e-01 4.878526210784912109e+00 2.250296324491500854e-01
3.265427516377660036e+08 5.393994750976562500e+02 2.562289476394653320e+00 9.863021373748779297e-01 5.189708709716796875e+00 2.320908308029174805e-01
3.265428516377660036e+08 5.391807250976562500e+02 2.561916351318359375e+00 9.868039488792419434e-01 5.332307815551757812e+00 2.351980209350585938e-01
3.265429516377660036e+08 5.407847900390625000e+02 2.565112352371215820e+00 9.865540862083435059e-01 5.178006649017333984e+00 2.317994236946105957e-01
3.265430516377660036e+08 5.382299194335937500e+02 2.557447671890258789e+00 9.864780902862548828e-01 4.846323490142822266e+00 2.242611050605773926e-01
3.265431516377660036e+08 5.345220336914062500e+02 2.551553010940551758e+00 9.862723350524902344e-01 5.293663024902343750e+00 2.344073355197906494e-01
3.265432516377660036e+08 5.450984497070312500e+02 2.574939727783203125e+00 9.864150285720825195e-01 5.116467475891113281e+00 2.304340898990631104e-01
3.265433516377660036e+08 5.447752075195312500e+02 2.572921514511108398e+00 9.867279529571533203e-01 4.959220886230468750e+00 2.268294692039489746e-01
3.265434516377660036e+08 5.415588989257812500e+02 2.564942359924316406e+00 9.864843487739562988e-01 4.804782867431640625e+00 2.232971936464309692e-01
3.265435516377660036e+08 5.374626464843750000e+02 2.559042692184448242e+00 9.865663051605224609e-01 5.478865146636962891e+00 2.384369969367980957e-01
3.265436516377660036e+08 5.376077880859375000e+02 2.555615186691284180e+00 9.865956902503967285e-01 4.804240703582763672e+00 2.232719957828521729e-01
3.265437516377660036e+08 5.459396972656250000e+02 2.575721979141235352e+00 9.864317178726196289e-01 4.908819675445556641e+00 2.257077693939208984e-01
3.265438516377660036e+08 5.378880615234375000e+02 2.559096097946166992e+00 9.861917495727539062e-01 5.221431255340576172e+00 2.328121215105056763e-01
3.265439516377660036e+08 5.370455322265625000e+02 2.557635545730590820e+00 9.861180782318115234e-01 5.294490814208984375e+00 2.344440072774887085e-01
3.265440516377660036e+08 5.415375976562500000e+02 2.564725637435913086e+00 9.864813089370727539e-01 4.773664951324462891e+00 2.225732803344726562e-01
3.265441516377660036e+08 5.401919555664062500e+02 2.564205408096313477e+00 9.867180585861206055e-01 5.301647186279296875e+00 2.345310598611831665e-01
3.265442516377660036e+08 5.348667602539062500e+02 2.550291538238525391e+00 9.864866733551025391e-01 4.970811367034912109e+00 2.271221578121185303e-01
3.265443516377660036e+08 5.338225708007812500e+02 2.547918558120727539e+00 9.862637519836425781e-01 4.930415153503417969e+00 2.262229621410369873e-01
3.265444516377660036e+08 5.316722412109375000e+02 2.544594049453735352e+00 9.868090152740478516e-01 5.363402366638183594e+00 2.358821779489517212e-01
3.265445516377660036e+08 5.408377685546875000e+02 2.562384605407714844e+00 9.866340160369873047e-01 4.679543018341064453e+00 2.203510701656341553e-01
3.265446516377660036e+08 5.386718750000000000e+02 2.555485725402832031e+00 9.860924482345581055e-01 4.214939594268798828e+00 2.091839462518692017e-01
3.265447516377660036e+08 5.396741333007812500e+02 2.562263965606689453e+00 9.863707423210144043e-01 5.085561275482177734e+00 2.297422289848327637e-01
3.265448516377660036e+08 5.390842285156250000e+02 2.558992862701416016e+00 9.863786101341247559e-01 4.743026256561279297e+00 2.218694090843200684e-01
3.265449516377660036e+08 5.386199951171875000e+02 2.560928344726562500e+00 9.864382147789001465e-01 5.303150653839111328e+00 2.345975786447525024e-01
3.265450516377660036e+08 5.382548828125000000e+02 2.557539224624633789e+00 9.867126345634460449e-01 4.907422065734863281e+00 2.256435155868530273e-01
3.265451516377660036e+08 5.400126953125000000e+02 2.562743186950683594e+00 9.861705303192138672e-01 4.982785701751708984e+00 2.274319976568222046e-01
3.265452516377660036e+08 5.385069580078125000e+02 2.558188915252685547e+00 9.867510795593261719e-01 4.927980422973632812e+00 2.261112481355667114e-01
3.265453516377660036e+08 5.396791992187500000e+02 2.558725595474243164e+00 9.865866303443908691e-01 4.492991924285888672e+00 2.159194201231002808e-01
3.265454516377660036e+08 5.343384399414062500e+02 2.548117637634277344e+00 9.868078231811523438e-01 4.875826358795166016e+00 2.249051034450531006e-01
3.265455516377660036e+08 5.372653808593750000e+02 2.554648637771606445e+00 9.863765835762023926e-01 4.722278594970703125e+00 2.213838398456573486e-01
3.265456516377660036e+08 5.452214965820312500e+02 2.573013782501220703e+00 9.863635301589965820e-01 4.701583862304687500e+00 2.208996713161468506e-01
3.265457516377660036e+08 5.371610717773437500e+02 2.556241273880004883e+00 9.862472414970397949e-01 5.023917675018310547e+00 2.283598929643630981e-01
3.265458516377660036e+08 5.425947265625000000e+02 2.569363355636596680e+00 9.856528043746948242e-01 4.975016593933105469e+00 2.273143082857131958e-01
3.265459516377660036e+08 5.388503417968750000e+02 2.560025453567504883e+00 9.865293502807617188e-01 5.063989162445068359e+00 2.292360216379165649e-01
3.265460516377660036e+08 5.432761840820312500e+02 2.572135925292968750e+00 9.865552783012390137e-01 5.406289100646972656e+00 2.368538379669189453e-01
3.265461516377660036e+08 5.441584472656250000e+02 2.572938442230224609e+00 9.860725998878479004e-01 5.066335201263427734e+00 2.293422073125839233e-01
3.265462516377660036e+08 5.349688720703125000e+02 2.550574064254760742e+00 9.861918091773986816e-01 4.910013675689697266e+00 2.257626801729202271e-01
3.265463516377660036e+08 5.443747558593750000e+02 2.573734521865844727e+00 9.866628050804138184e-01 5.260441303253173828e+00 2.336243987083435059e-01
3.265464516377660036e+08 5.462442016601562500e+02 2.576209545135498047e+00 9.861236810684204102e-01 4.796158790588378906e+00 2.231375128030776978e-01
3.265465516377660036e+08 5.473302001953125000e+02 2.579159259796142578e+00 9.866018891334533691e-01 4.990983009338378906e+00 2.275692373514175415e-01
3.265466516377660036e+08 5.440375976562500000e+02 2.568789482116699219e+00 9.865365624427795410e-01 4.472465991973876953e+00 2.154311090707778931e-01
3.265467516377660036e+08 5.444781494140625000e+02 2.574251651763916016e+00 9.864113330841064453e-01 5.251403808593750000e+00 2.334533780813217163e-01
3.265468516377660036e+08 5.459276123046875000e+02 2.576499700546264648e+00 9.863398075103759766e-01 5.033825397491455078e+00 2.285742312669754028e-01
3.265469516377660036e+08 5.446289672851562500e+02 2.574159383773803711e+00 9.866138100624084473e-01 5.219197750091552734e+00 2.327125221490859985e-01
3.265470516377660036e+08 5.454230957031250000e+02 2.574404716491699219e+00 9.869520664215087891e-01 5.009957790374755859e+00 2.279609590768814087e-01
3.265471516377660036e+08 5.455365600585937500e+02 2.576379060745239258e+00 9.864788055419921875e-01 5.209534645080566406e+00 2.325129061937332153e-01
3.265472516377660036e+08 5.421816406250000000e+02 2.566975116729736328e+00 9.866429567337036133e-01 4.949272155761718750e+00 2.266115993261337280e-01
3.265473516377660036e+08 5.364534912109375000e+02 2.553245782852172852e+00 9.865719079971313477e-01 4.856239318847656250e+00 2.244797497987747192e-01
3.265474516377660036e+08 5.385083007812500000e+02 2.559845209121704102e+00 9.861954450607299805e-01 5.096845626831054688e+00 2.300174087285995483e-01
3.265475516377660036e+08 5.427542114257812500e+02 2.569605588912963867e+00 9.868635535240173340e-01 5.238624095916748047e+00 2.331157177686691284e-01
3.265476516377660036e+08 5.387308349609375000e+02 2.560150861740112305e+00 9.862684607505798340e-01 5.075708866119384766e+00 2.295314818620681763e-01
3.265477516377660036e+08 5.427724609375000000e+02 2.567699193954467773e+00 9.866557121276855469e-01 4.835075378417968750e+00 2.239805459976196289e-01
3.265478516377660036e+08 5.403964233398437500e+02 2.564193725585937500e+00 9.867827296257019043e-01 5.228679180145263672e+00 2.329038679599761963e-01
3.265479516377660036e+08 5.447270507812500000e+02 2.572374582290649414e+00 9.864987134933471680e-01 4.825467586517333984e+00 2.237756997346878052e-01
3.265480516377660036e+08 5.421508789062500000e+02 2.567118883132934570e+00 9.867390990257263184e-01 5.011038780212402344e+00 2.280101627111434937e-01
3.265481516377660036e+08 5.431043090820312500e+02 2.569735527038574219e+00 9.868175387382507324e-01 5.104006290435791016e+00 2.301063686609268188e-01
3.265482516377660036e+08 5.460294799804687500e+02 2.574302911758422852e+00 9.864556789398193359e-01 4.618122100830078125e+00 2.189199775457382202e-01
3.265483516377660036e+08 5.438715820312500000e+02 2.569820165634155273e+00 9.864164590835571289e-01 4.701331138610839844e+00 2.208878099918365479e-01
3.265484516377660036e+08 5.400463256835937500e+02 2.562152385711669922e+00 9.865453243255615234e-01 4.949761867523193359e+00 2.266340404748916626e-01
3.265485516377660036e+08 5.506149291992187500e+02 2.586009740829467773e+00 9.865846037864685059e-01 4.856176853179931641e+00 2.244768589735031128e-01
3.265486516377660036e+08 5.458267822265625000e+02 2.573923110961914062e+00 9.867743849754333496e-01 4.710000514984130859e+00 2.210512757301330566e-01
3.265487516377660036e+08 5.381392822265625000e+02 2.558901309967041016e+00 9.864764809608459473e-01 5.147281169891357422e+00 2.311197519302368164e-01
3.265488516377660036e+08 5.411781005859375000e+02 2.566574335098266602e+00 9.861834645271301270e-01 5.190333366394042969e+00 2.321187555789947510e-01
3.265489516377660036e+08 5.542271118164062500e+02 2.593579292297363281e+00 9.865776300430297852e-01 4.721316337585449219e+00 2.213387191295623779e-01
3.265490516377660036e+08 5.457258300781250000e+02 2.574479579925537109e+00 9.864376783370971680e-01 4.773876190185546875e+00 2.225831151008605957e-01
3.265491516377660036e+08 5.424614868164062500e+02 2.568243026733398438e+00 9.862199425697326660e-01 4.961775302886962891e+00 2.269463092088699341e-01
3.265492516377660036e+08 5.484629516601562500e+02 2.582466840744018555e+00 9.867602586746215820e-01 5.156175613403320312e+00 2.312860786914825439e-01
3.265493516377660036e+08 5.501243896484375000e+02 2.586682558059692383e+00 9.868055582046508789e-01 5.238932132720947266e+00 2.331294119358062744e-01
3.265494516377660036e+08 5.449026489257812500e+02 2.574935913085937500e+00 9.865910410881042480e-01 5.240071296691894531e+00 2.331801056861877441e-01
3.265495516377660036e+08 5.431451416015625000e+02 2.569087982177734375e+00 9.861742258071899414e-01 4.816674709320068359e+00 2.236085087060928345e-01
3.265496516377660036e+08 5.427197265625000000e+02 2.569671630859375000e+00 9.864968061447143555e-01 5.178307533264160156e+00 2.318128794431686401e-01
3.265497516377660036e+08 5.399562988281250000e+02 2.564763069152832031e+00 9.867041707038879395e-01 5.498849868774414062e+00 2.388547807931900024e-01
3.265498516377660036e+08 5.409476928710937500e+02 2.566522121429443359e+00 9.866372346878051758e-01 5.385088443756103516e+00 2.363791465759277344e-01
3.265499516377660036e+08 5.449230957031250000e+02 2.575119018554687500e+00 9.866171479225158691e-01 5.271060943603515625e+00 2.338654994964599609e-01
3.265500516377660036e+08 5.436899414062500000e+02 2.571527004241943359e+00 9.861899018287658691e-01 5.034590244293212891e+00 2.286089807748794556e-01
3.265501516377660036e+08 5.428612060546875000e+02 2.568813562393188477e+00 9.867019057273864746e-01 5.011227607727050781e+00 2.280187606811523438e-01
3.265502516377660036e+08 5.421564941406250000e+02 2.565297842025756836e+00 9.869164228439331055e-01 4.719695568084716797e+00 2.212627381086349487e-01
3.265503516377660036e+08 5.431252441406250000e+02 2.568708181381225586e+00 9.866399765014648438e-01 4.866280078887939453e+00 2.247039377689361572e-01
3.265504516377660036e+08 5.372648315429687500e+02 2.556157588958740234e+00 9.867095351219177246e-01 5.073440074920654297e+00 2.294288873672485352e-01
3.265505516377660036e+08 5.423806152343750000e+02 2.569651126861572266e+00 9.863511323928833008e-01 5.282861232757568359e+00 2.341587096452713013e-01
3.265506516377660036e+08 5.349460449218750000e+02 2.550670385360717773e+00 9.865139126777648926e-01 5.012182712554931641e+00 2.280622124671936035e-01
3.265507516377660036e+08 5.373005371093750000e+02 2.555482625961303711e+00 9.861550927162170410e-01 4.806386947631835938e+00 2.233717590570449829e-01
3.265508516377660036e+08 5.316845092773437500e+02 2.543048620223999023e+00 9.866044521331787109e-01 5.032475471496582031e+00 2.285129278898239136e-01
3.265509516377660036e+08 5.272703247070312500e+02 2.532260179519653320e+00 9.862359166145324707e-01 4.868273735046386719e+00 2.247959971427917480e-01
3.265510516377660036e+08 5.340693969726562500e+02 2.548809528350830078e+00 9.867226481437683105e-01 5.094122409820556641e+00 2.298945188522338867e-01
3.265511516377660036e+08 5.331897583007812500e+02 2.548007011413574219e+00 9.857316017150878906e-01 5.088858604431152344e+00 2.298911958932876587e-01
3.265512516377660036e+08 5.350648193359375000e+02 2.549756288528442383e+00 9.868066906929016113e-01 4.865458011627197266e+00 2.246659696102142334e-01
3.265513516377660036e+08 5.320062866210937500e+02 2.544442653656005859e+00 9.861615300178527832e-01 5.045116424560546875e+00 2.288511246442794800e-01
3.265514516377660036e+08 5.341950073242187500e+02 2.550019979476928711e+00 9.863765239715576172e-01 5.178938865661621094e+00 2.318411469459533691e-01
3.265515516377660036e+08 5.355585327148437500e+02 2.549031972885131836e+00 9.867908358573913574e-01 4.523185253143310547e+00 2.166212797164916992e-01
3.265516516377660036e+08 5.373469848632812500e+02 2.558288335800170898e+00 9.862841963768005371e-01 5.324738502502441406e+00 2.350929379463195801e-01
3.265517516377660036e+08 5.307443237304687500e+02 2.542190074920654297e+00 9.864619374275207520e-01 5.240756988525390625e+00 2.332106232643127441e-01
3.265518516377660036e+08 5.319445800781250000e+02 2.543009996414184570e+00 9.863952398300170898e-01 4.867487430572509766e+00 2.247596979141235352e-01
3.265519516377660036e+08 5.279318237304687500e+02 2.535998344421386719e+00 9.865109324455261230e-01 5.323514461517333984e+00 2.350389063358306885e-01
3.265520516377660036e+08 5.344551391601562500e+02 2.547161579132080078e+00 9.867360591888427734e-01 4.637559413909912109e+00 2.193490415811538696e-01
3.265521516377660036e+08 5.295444946289062500e+02 2.539121627807617188e+00 9.861324429512023926e-01 5.117933750152587891e+00 2.305001467466354370e-01
3.265522516377660036e+08 5.294792480468750000e+02 2.550971031188964844e+00 9.766827821731567383e-01 5.073115825653076172e+00 2.305961847305297852e-01
3.265523516377660036e+08 5.313811645507812500e+02 2.541946172714233398e+00 9.867715835571289062e-01 5.000499248504638672e+00 2.277664989233016968e-01
3.265524516377660036e+08 5.303033447265625000e+02 2.538265466690063477e+00 9.866861701011657715e-01 4.772673606872558594e+00 2.225270569324493408e-01
3.265525516377660036e+08 5.292770996093750000e+02 2.537429571151733398e+00 9.865028262138366699e-01 5.012238979339599609e+00 2.280647605657577515e-01
3.265526516377660036e+08 5.359583129882812500e+02 2.601108789443969727e+00 9.501508474349975586e-01 4.956193447113037109e+00 2.310837060213088989e-01
3.265527516377660036e+08 5.245593872070312500e+02 2.530880451202392578e+00 9.828700423240661621e-01 4.989101886749267578e+00 2.279578894376754761e-01
3.265528516377660036e+08 5.284508056640625000e+02 2.532757520675659180e+00 9.866910576820373535e-01 4.565144062042236328e+00 2.176346927881240845e-01
3.265529516377660036e+08 5.303788452148437500e+02 2.540409564971923828e+00 9.867702722549438477e-01 5.145749092102050781e+00 2.310509532690048218e-01
3.265530516377660036e+08 5.282039794921875000e+02 2.532274007797241211e+00 9.867945313453674316e-01 4.606162071228027344e+00 2.185987830162048340e-01
3.265531516377660036e+08 5.233024902343750000e+02 2.520731210708618164e+00 9.864866733551025391e-01 4.534956932067871094e+00 2.169364243745803833e-01
3.265532516377660036e+08 5.215723266601562500e+02 2.519255399703979492e+00 9.866725802421569824e-01 5.042503356933593750e+00 2.287325859069824219e-01
3.265533516377660036e+08 5.274036254882812500e+02 2.531876802444458008e+00 9.864137172698974609e-01 4.784370422363281250e+00 2.228303551673889160e-01
3.265534516377660036e+08 5.247770996093750000e+02 2.528289318084716797e+00 9.864289164543151855e-01 5.251310348510742188e+00 2.334492206573486328e-01
3.265535516377660036e+08 5.163662719726562500e+02 2.506322860717773438e+00 9.865132570266723633e-01 4.898036956787109375e+00 2.254504263401031494e-01
3.265536516377660036e+08 5.188675537109375000e+02 2.510278463363647461e+00 9.863245487213134766e-01 4.504564762115478516e+00 2.162260413169860840e-01
3.265537516377660036e+08 5.210744018554687500e+02 2.517524480819702148e+00 9.868302941322326660e-01 4.979454040527343750e+00 2.272799462080001831e-01
3.265538516377660036e+08 5.214963378906250000e+02 2.519447565078735352e+00 9.869224429130554199e-01 5.165701389312744141e+00 2.314806133508682251e-01
3.265539516377660036e+08 5.222320556640625000e+02 2.519678831100463867e+00 9.867836236953735352e-01 4.865571975708007812e+00 2.246712297201156616e-01
3.265540516377660036e+08 5.239349365234375000e+02 2.525109291076660156e+00 9.865455627441406250e-01 5.063906192779541016e+00 2.292322516441345215e-01
3.265541516377660036e+08 5.254567260742187500e+02 2.527899026870727539e+00 9.870180487632751465e-01 5.030366420745849609e+00 2.284171730279922485e-01
3.265542516377660036e+08 5.273840332031250000e+02 2.530582427978515625e+00 9.866150617599487305e-01 4.606999874114990234e+00 2.186385393142700195e-01
3.265543516377660036e+08 5.282246093750000000e+02 2.534449577331542969e+00 9.864518046379089355e-01 4.908719539642333984e+00 2.257031798362731934e-01
3.265544516377660036e+08 5.249553833007812500e+02 3.758202552795410156e+00 4.458717703819274902e-01 4.890492439270019531e+00 3.350910246372222900e-01
