2.950000315161769986e+08 2.051631622314453125e+02 3.064527034759521484e+00
2.950001315161769986e+08 1.987441253662109375e+02 3.015083789825439453e+00
2.950002315161769986e+08 1.974708251953125000e+02 3.005118608474731445e+00
2.950003315161769986e+08 2.016310424804687500e+02 3.036598205566406250e+00
2.950004315161769986e+08 1.954602813720703125e+02 2.990143775939941406e+00
2.950005315161769986e+08 nan nan
2.950006315161769986e+08 1.994724121093750000e+02 3.020230054855346680e+00
2.950007315161769986e+08 2.006897888183593750e+02 3.029991865158081055e+00
2.950008315161769986e+08 1.949122772216796875e+02 2.985956192016601562e+00
2.950009315161769986e+08 2.019506378173828125e+02 3.039688587188720703e+00
2.950010315161769986e+08 1.980515594482421875e+02 3.010124683380126953e+00
2.950011315161769986e+08 1.989787750244140625e+02 3.017255306243896484e+00
2.950012315161769986e+08 nan nan
2.950013315161769986e+08 2.030216217041015625e+02 3.048565149307250977e+00
2.950014315161769986e+08 2.006964874267578125e+02 3.029402494430541992e+00
2.950015315161769986e+08 1.948072509765625000e+02 2.984697341918945312e+00
2.950016315161769986e+08 1.972224884033203125e+02 3.002730607986450195e+00
2.950017315161769986e+08 2.002389068603515625e+02 3.026981830596923828e+00
2.950018315161769986e+08 1.982899475097656250e+02 3.010966777801513672e+00
2.950019315161769986e+08 2.019535064697265625e+02 3.039043188095092773e+00
2.950020315161769986e+08 2.008188171386718750e+02 3.030903816223144531e+00
2.950021315161769986e+08 2.024952545166015625e+02 3.043063640594482422e+00
2.950022315161769986e+08 nan nan
2.950023315161769986e+08 2.017796325683593750e+02 3.037802696228027344e+00
2.950024315161769986e+08 1.964570007324218750e+02 2.997335672378540039e+00
2.950025315161769986e+08 1.969203033447265625e+02 3.001261949539184570e+00
2.950026315161769986e+08 1.974841766357421875e+02 3.005321741104125977e+00
2.950027315161769986e+08 2.049173889160156250e+02 3.061197519302368164e+00
2.950028315161769986e+08 1.983097991943359375e+02 3.011615514755249023e+00
2.950029315161769986e+08 1.989015045166015625e+02 3.015736818313598633e+00
2.950030315161769986e+08 1.920091552734375000e+02 2.963471174240112305e+00
2.950031315161769986e+08 2.027981414794921875e+02 3.044866085052490234e+00
2.950032315161769986e+08 1.964968566894531250e+02 2.998292684555053711e+00
2.950033315161769986e+08 2.006632690429687500e+02 3.029246091842651367e+00
2.950034315161769986e+08 1.974485015869140625e+02 3.005126953125000000e+00
2.950035315161769986e+08 2.101725769042968750e+02 3.101186037063598633e+00
2.950036315161769986e+08 nan nan
2.950037315161769986e+08 nan nan
2.950038315161769986e+08 nan nan
2.950039315161769986e+08 nan nan
2.950040315161769986e+08 2.094160766601562500e+02 3.096434831619262695e+00
2.950041315161769986e+08 1.999812622070312500e+02 3.024469852447509766e+00
2.950042315161769986e+08 1.990982055664062500e+02 3.018372297286987305e+00
2.950043315161769986e+08 2.020373229980468750e+02 3.039616107940673828e+00
2.950044315161769986e+08 2.004895019531250000e+02 3.028694391250610352e+00
2.950045315161769986e+08 2.008053283691406250e+02 3.031045436859130859e+00
2.950046315161769986e+08 2.052560272216796875e+02 3.064205646514892578e+00
2.950047315161769986e+08 nan nan
2.950048315161769986e+08 nan nan
2.950049315161769986e+08 nan nan
2.950050315161769986e+08 nan nan
2.950051315161769986e+08 nan nan
2.950052315161769986e+08 nan nan
2.950053315161769986e+08 nan nan
2.950054315161769986e+08 nan nan
2.950055315161769986e+08 nan nan
2.950056315161769986e+08 nan nan
2.950057315161769986e+08 nan nan
2.950058315161769986e+08 nan nan
2.950059315161769986e+08 nan nan
2.950060315161769986e+08 nan nan
2.950061315161769986e+08 nan nan
2.950062315161769986e+08 nan nan
2.950063315161769986e+08 nan nan
2.950064315161769986e+08 nan nan
2.950065315161769986e+08 2.019013519287109375e+02 3.038602352142333984e+00
2.950066315161769986e+08 2.006871948242187500e+02 3.028917312622070312e+00
2.950067315161769986e+08 2.081419525146484375e+02 3.085023641586303711e+00
2.950068315161769986e+08 2.037213745117187500e+02 3.052198410034179688e+00
2.950069315161769986e+08 2.050216064453125000e+02 3.062071084976196289e+00
2.950070315161769986e+08 2.028350219726562500e+02 3.046450138092041016e+00
2.950071315161769986e+08 2.086854705810546875e+02 3.089687585830688477e+00
2.950072315161769986e+08 2.014497528076171875e+02 3.035589694976806641e+00
2.950073315161769986e+08 2.027275695800781250e+02 3.045179843902587891e+00
2.950074315161769986e+08 1.990814361572265625e+02 3.017077922821044922e+00
2.950075315161769986e+08 1.985445556640625000e+02 3.013443708419799805e+00
2.950076315161769986e+08 2.013489685058593750e+02 3.034071207046508789e+00
2.950077315161769986e+08 1.995478820800781250e+02 3.020680189132690430e+00
2.950078315161769986e+08 2.040672912597656250e+02 3.055324077606201172e+00
2.950079315161769986e+08 2.051566925048828125e+02 3.062381267547607422e+00
2.950080315161769986e+08 2.076927490234375000e+02 3.082770824432373047e+00
2.950081315161769986e+08 2.103871765136718750e+02 3.102664232254028320e+00
2.950082315161769986e+08 nan nan
2.950083315161769986e+08 nan nan
2.950084315161769986e+08 nan nan
2.950085315161769986e+08 nan nan
2.950086315161769986e+08 2.036223907470703125e+02 3.052428722381591797e+00
2.950087315161769986e+08 2.070092468261718750e+02 3.076695442199707031e+00
2.950088315161769986e+08 2.047845458984375000e+02 3.060579061508178711e+00
2.950089315161769986e+08 2.018880004882812500e+02 3.039089679718017578e+00
2.950090315161769986e+08 1.986273345947265625e+02 3.012965440750122070e+00
2.950091315161769986e+08 2.032589874267578125e+02 3.049380302429199219e+00
2.950092315161769986e+08 1.998223266601562500e+02 3.023103475570678711e+00
2.950093315161769986e+08 2.016742248535156250e+02 3.037248611450195312e+00
2.950094315161769986e+08 2.062010803222656250e+02 3.070454359054565430e+00
2.950095315161769986e+08 nan nan
2.950096315161769986e+08 nan nan
2.950097315161769986e+08 1.972070617675781250e+02 3.002495765686035156e+00
2.950098315161769986e+08 2.005532073974609375e+02 3.028965711593627930e+00
2.950099315161769986e+08 2.104071044921875000e+02 3.102283477783203125e+00
2.950100315161769986e+08 2.056817779541015625e+02 3.067486524581909180e+00
2.950101315161769986e+08 2.112288970947265625e+02 3.107988119125366211e+00
2.950102315161769986e+08 2.017871398925781250e+02 3.038260221481323242e+00
2.950103315161769986e+08 2.017096099853515625e+02 3.037437200546264648e+00
2.950104315161769986e+08 2.041266326904296875e+02 3.055527925491333008e+00
2.950105315161769986e+08 nan nan
2.950106315161769986e+08 nan nan
2.950107315161769986e+08 2.206844329833984375e+02 3.178030729293823242e+00
2.950108315161769986e+08 2.047223358154296875e+02 3.060333251953125000e+00
2.950109315161769986e+08 2.184662933349609375e+02 3.160871505737304688e+00
2.950110315161769986e+08 nan nan
2.950111315161769986e+08 2.210380249023437500e+02 3.179827213287353516e+00
2.950112315161769986e+08 nan nan
2.950113315161769986e+08 2.118509216308593750e+02 3.113099098205566406e+00
2.950114315161769986e+08 2.117290191650390625e+02 3.111979961395263672e+00
2.950115315161769986e+08 2.074929351806640625e+02 3.080483675003051758e+00
2.950116315161769986e+08 2.113905944824218750e+02 3.109357595443725586e+00
2.950117315161769986e+08 2.028704223632812500e+02 3.045608043670654297e+00
2.950118315161769986e+08 2.115637359619140625e+02 3.110894918441772461e+00
2.950119315161769986e+08 nan nan
2.950120315161769986e+08 nan nan
2.950121315161769986e+08 2.100364990234375000e+02 3.100528717041015625e+00
2.950122315161769986e+08 2.083903808593750000e+02 3.087010860443115234e+00
2.950123315161769986e+08 2.116000213623046875e+02 3.111764907836914062e+00
2.950124315161769986e+08 2.094890441894531250e+02 3.095146179199218750e+00
2.950125315161769986e+08 2.129803314208984375e+02 3.120276927947998047e+00
2.950126315161769986e+08 2.192242431640625000e+02 3.166869640350341797e+00
2.950127315161769986e+08 2.221513671875000000e+02 3.188264608383178711e+00
2.950128315161769986e+08 2.073714599609375000e+02 3.079698801040649414e+00
2.950129315161769986e+08 2.076892547607421875e+02 3.082379341125488281e+00
2.950130315161769986e+08 2.140823059082031250e+02 3.129710912704467773e+00
2.950131315161769986e+08 nan nan
2.950132315161769986e+08 2.160050811767578125e+02 3.143409490585327148e+00
2.950133315161769986e+08 2.067854461669921875e+02 3.075407743453979492e+00
2.950134315161769986e+08 2.058218536376953125e+02 3.067870378494262695e+00
2.950135315161769986e+08 2.084883270263671875e+02 3.088461637496948242e+00
2.950136315161769986e+08 2.134602050781250000e+02 3.123956441879272461e+00
2.950137315161769986e+08 2.087404937744140625e+02 3.089825153350830078e+00
2.950138315161769986e+08 2.079607086181640625e+02 3.083692550659179688e+00
2.950139315161769986e+08 2.210624237060546875e+02 3.179520368576049805e+00
2.950140315161769986e+08 2.094618377685546875e+02 3.094744205474853516e+00
2.950141315161769986e+08 2.046480712890625000e+02 3.059222936630249023e+00
2.950142315161769986e+08 2.084974822998046875e+02 3.088597536087036133e+00
2.950143315161769986e+08 2.132245635986328125e+02 3.122514963150024414e+00
2.950144315161769986e+08 2.007483673095703125e+02 3.029840469360351562e+00
2.950145315161769986e+08 2.112987365722656250e+02 3.108342647552490234e+00
2.950146315161769986e+08 2.166308746337890625e+02 3.147188901901245117e+00
2.950147315161769986e+08 2.128697509765625000e+02 3.119996547698974609e+00
2.950148315161769986e+08 2.201785583496093750e+02 3.173708915710449219e+00
2.950149315161769986e+08 2.284716491699218750e+02 3.233341217041015625e+00
2.950150315161769986e+08 nan nan
2.950151315161769986e+08 nan nan
2.950152315161769986e+08 2.175442352294921875e+02 3.153808832168579102e+00
2.950153315161769986e+08 2.131066741943359375e+02 3.122798204421997070e+00
2.950154315161769986e+08 2.123321075439453125e+02 3.116135597229003906e+00
2.950155315161769986e+08 2.089927825927734375e+02 3.091866254806518555e+00
2.950156315161769986e+08 2.102386779785156250e+02 3.100811481475830078e+00
2.950157315161769986e+08 2.069070281982421875e+02 3.076875925064086914e+00
2.950158315161769986e+08 2.103138122558593750e+02 3.101244926452636719e+00
2.950159315161769986e+08 2.095415191650390625e+02 3.096259355545043945e+00
2.950160315161769986e+08 2.021883239746093750e+02 3.040855646133422852e+00
2.950161315161769986e+08 2.080113067626953125e+02 3.084103822708129883e+00
2.950162315161769986e+08 2.040666046142578125e+02 3.054971456527709961e+00
2.950163315161769986e+08 2.121116790771484375e+02 3.114242315292358398e+00
2.950164315161769986e+08 2.108787841796875000e+02 3.106200933456420898e+00
2.950165315161769986e+08 2.086728210449218750e+02 3.089161872863769531e+00
2.950166315161769986e+08 2.102125091552734375e+02 3.100762844085693359e+00
2.950167315161769986e+08 2.119080047607421875e+02 3.113265991210937500e+00
2.950168315161769986e+08 2.168400268554687500e+02 3.149230718612670898e+00
2.950169315161769986e+08 2.068976745605468750e+02 3.076056480407714844e+00
2.950170315161769986e+08 2.148186187744140625e+02 3.134118556976318359e+00
2.950171315161769986e+08 2.079569091796875000e+02 3.083636283874511719e+00
2.950172315161769986e+08 2.088321228027343750e+02 3.090842723846435547e+00
2.950173315161769986e+08 2.080696411132812500e+02 3.084629535675048828e+00
2.950174315161769986e+08 2.101317596435546875e+02 3.100246429443359375e+00
2.950175315161769986e+08 2.142979125976562500e+02 3.130856275558471680e+00
2.950176315161769986e+08 nan nan
2.950177315161769986e+08 nan nan
2.950178315161769986e+08 nan nan
2.950179315161769986e+08 2.111431274414062500e+02 3.108072042465209961e+00
2.950180315161769986e+08 2.107641448974609375e+02 3.104849100112915039e+00
2.950181315161769986e+08 2.069536743164062500e+02 3.076549053192138672e+00
2.950182315161769986e+08 2.109309844970703125e+02 3.106295824050903320e+00
2.950183315161769986e+08 2.061817932128906250e+02 3.071529626846313477e+00
2.950184315161769986e+08 2.132107086181640625e+02 3.122312068939208984e+00
2.950185315161769986e+08 2.107996063232421875e+02 3.105371475219726562e+00
2.950186315161769986e+08 2.127229309082031250e+02 3.118514776229858398e+00
2.950187315161769986e+08 2.041483154296875000e+02 3.055510044097900391e+00
2.950188315161769986e+08 2.119148559570312500e+02 3.112694740295410156e+00
2.950189315161769986e+08 2.074359741210937500e+02 3.079638004302978516e+00
2.950190315161769986e+08 2.072556762695312500e+02 3.078658342361450195e+00
2.950191315161769986e+08 2.062280578613281250e+02 3.070856094360351562e+00
2.950192315161769986e+08 2.077584991455078125e+02 3.082049608230590820e+00
2.950193315161769986e+08 2.051848602294921875e+02 3.063826084136962891e+00
2.950194315161769986e+08 2.087788696289062500e+02 3.089716196060180664e+00
2.950195315161769986e+08 2.064454040527343750e+02 3.072730302810668945e+00
2.950196315161769986e+08 nan nan
2.950197315161769986e+08 2.162923583984375000e+02 3.145259857177734375e+00
2.950198315161769986e+08 2.020811614990234375e+02 3.040275812149047852e+00
2.950199315161769986e+08 2.080450744628906250e+02 3.084604501724243164e+00
2.950200315161769986e+08 2.185152130126953125e+02 3.161910057067871094e+00
2.950201315161769986e+08 nan nan
2.950202315161769986e+08 2.167723541259765625e+02 3.149576902389526367e+00
2.950203315161769986e+08 2.030116424560546875e+02 3.047384977340698242e+00
2.950204315161769986e+08 2.049249572753906250e+02 3.060969114303588867e+00
2.950205315161769986e+08 2.049054260253906250e+02 3.061018705368041992e+00
2.950206315161769986e+08 2.011693878173828125e+02 3.032742738723754883e+00
2.950207315161769986e+08 2.110857849121093750e+02 3.107228040695190430e+00
2.950208315161769986e+08 2.089823913574218750e+02 3.091712474822998047e+00
2.950209315161769986e+08 2.122431335449218750e+02 3.115165233612060547e+00
2.950210315161769986e+08 2.057473297119140625e+02 3.067100048065185547e+00
2.950211315161769986e+08 2.125656127929687500e+02 3.118219375610351562e+00
2.950212315161769986e+08 2.081435089111328125e+02 3.086063861846923828e+00
2.950213315161769986e+08 2.104068145751953125e+02 3.102616548538208008e+00
2.950214315161769986e+08 2.254138946533203125e+02 4.881879806518554688e+00
