2.950238316071770191e+08 2.011556549072265625e+02 3.033224821090698242e+00
2.950239316071770191e+08 2.021449127197265625e+02 3.039859056472778320e+00
2.950240316071770191e+08 1.981008758544921875e+02 3.009484052658081055e+00
2.950241316071770191e+08 1.988867797851562500e+02 3.015513420104980469e+00
2.950242316071770191e+08 1.988156890869140625e+02 3.016169548034667969e+00
2.950243316071770191e+08 1.971305694580078125e+02 3.002027273178100586e+00
2.950244316071770191e+08 1.963035583496093750e+02 2.995691776275634766e+00
2.950245316071770191e+08 2.022781982421875000e+02 3.040832042694091797e+00
2.950246316071770191e+08 1.960341644287109375e+02 2.994371652603149414e+00
2.950247316071770191e+08 2.020669403076171875e+02 3.040061712265014648e+00
2.950248316071770191e+08 2.050855255126953125e+02 3.062684297561645508e+00
2.950249316071770191e+08 2.005068969726562500e+02 3.029302835464477539e+00
2.950250316071770191e+08 1.994349822998046875e+02 3.020702362060546875e+00
2.950251316071770191e+08 nan nan
2.950252316071770191e+08 nan nan
2.950253316071770191e+08 nan nan
2.950254316071770191e+08 nan nan
2.950255316071770191e+08 nan nan
2.950256316071770191e+08 nan nan
2.950257316071770191e+08 nan nan
2.950258316071770191e+08 nan nan
2.950259316071770191e+08 nan nan
2.950260316071770191e+08 nan nan
2.950261316071770191e+08 nan nan
2.950262316071770191e+08 nan nan
2.950263316071770191e+08 nan nan
2.950264316071770191e+08 2.029586791992187500e+02 3.046589851379394531e+00
2.950265316071770191e+08 2.002400665283203125e+02 3.026307821273803711e+00
2.950266316071770191e+08 2.017920684814453125e+02 3.038678884506225586e+00
2.950267316071770191e+08 2.000561676025390625e+02 3.024564743041992188e+00
2.950268316071770191e+08 1.964750061035156250e+02 2.997261524200439453e+00
2.950269316071770191e+08 1.949291076660156250e+02 2.985513448715209961e+00
2.950270316071770191e+08 1.948982543945312500e+02 2.985040903091430664e+00
2.950271316071770191e+08 1.959109954833984375e+02 2.993188619613647461e+00
2.950272316071770191e+08 1.958207092285156250e+02 2.991460084915161133e+00
2.950273316071770191e+08 1.936976165771484375e+02 2.975740432739257812e+00
2.950274316071770191e+08 1.929222717285156250e+02 2.970144510269165039e+00
2.950275316071770191e+08 1.995394134521484375e+02 3.020552158355712891e+00
2.950276316071770191e+08 1.995632934570312500e+02 3.020221471786499023e+00
2.950277316071770191e+08 1.979344024658203125e+02 3.009039163589477539e+00
2.950278316071770191e+08 2.041674041748046875e+02 3.055453300476074219e+00
2.950279316071770191e+08 2.015575866699218750e+02 3.036525249481201172e+00
2.950280316071770191e+08 1.966386566162109375e+02 2.998362779617309570e+00
2.950281316071770191e+08 1.934095611572265625e+02 2.973772525787353516e+00
2.950282316071770191e+08 2.011104278564453125e+02 3.032543182373046875e+00
2.950283316071770191e+08 1.980294342041015625e+02 3.008745908737182617e+00
2.950284316071770191e+08 1.934171142578125000e+02 2.974240541458129883e+00
2.950285316071770191e+08 1.953834228515625000e+02 2.988618373870849609e+00
2.950286316071770191e+08 1.961982879638671875e+02 2.995481014251708984e+00
2.950287316071770191e+08 2.017259521484375000e+02 3.037338733673095703e+00
2.950288316071770191e+08 1.961600646972656250e+02 2.994199514389038086e+00
2.950289316071770191e+08 1.962816009521484375e+02 2.996054649353027344e+00
2.950290316071770191e+08 1.968571777343750000e+02 2.999603271484375000e+00
2.950291316071770191e+08 1.995857238769531250e+02 3.021253108978271484e+00
2.950292316071770191e+08 1.959424591064453125e+02 2.993319988250732422e+00
2.950293316071770191e+08 1.962684478759765625e+02 2.996551990509033203e+00
2.950294316071770191e+08 2.014935760498046875e+02 3.035216569900512695e+00
2.950295316071770191e+08 1.914464569091796875e+02 2.958665609359741211e+00
2.950296316071770191e+08 1.914260253906250000e+02 2.958349704742431641e+00
2.950297316071770191e+08 1.936987762451171875e+02 2.975407123565673828e+00
2.950298316071770191e+08 1.983346710205078125e+02 3.011298894882202148e+00
2.950299316071770191e+08 1.993448638916015625e+02 3.018990993499755859e+00
2.950300316071770191e+08 1.972530975341796875e+02 3.003544569015502930e+00
2.950301316071770191e+08 2.015018768310546875e+02 3.036030530929565430e+00
2.950302316071770191e+08 2.007741546630859375e+02 3.029884576797485352e+00
2.950303316071770191e+08 2.100964813232421875e+02 3.099725723266601562e+00
2.950304316071770191e+08 nan nan
2.950305316071770191e+08 nan nan
2.950306316071770191e+08 1.996557769775390625e+02 3.021275043487548828e+00
2.950307316071770191e+08 1.990363922119140625e+02 3.017088413238525391e+00
2.950308316071770191e+08 nan nan
2.950309316071770191e+08 1.965154724121093750e+02 2.997878789901733398e+00
2.950310316071770191e+08 2.024485626220703125e+02 3.042705535888671875e+00
2.950311316071770191e+08 2.025683135986328125e+02 3.044161558151245117e+00
2.950312316071770191e+08 2.001921997070312500e+02 3.024893522262573242e+00
2.950313316071770191e+08 1.981936492919921875e+02 3.010545969009399414e+00
2.950314316071770191e+08 1.981058502197265625e+02 3.009559869766235352e+00
2.950315316071770191e+08 2.008665771484375000e+02 3.031279325485229492e+00
2.950316316071770191e+08 1.919602966308593750e+02 2.963423013687133789e+00
2.950317316071770191e+08 1.972758941650390625e+02 3.003543615341186523e+00
2.950318316071770191e+08 1.969066162109375000e+02 3.000008344650268555e+00
2.950319316071770191e+08 1.986690979003906250e+02 3.013598918914794922e+00
2.950320316071770191e+08 1.999744873046875000e+02 3.024713039398193359e+00
2.950321316071770191e+08 1.987790679931640625e+02 3.014920234680175781e+00
2.950322316071770191e+08 1.966902923583984375e+02 2.998801469802856445e+00
2.950323316071770191e+08 1.965673522949218750e+02 2.997275352478027344e+00
2.950324316071770191e+08 1.930830383300781250e+02 2.971211671829223633e+00
2.950325316071770191e+08 1.968460235595703125e+02 3.000478506088256836e+00
2.950326316071770191e+08 1.987398834228515625e+02 3.014325857162475586e+00
2.950327316071770191e+08 1.924071807861328125e+02 2.966436386108398438e+00
2.950328316071770191e+08 1.956708679199218750e+02 3.030108213424682617e+00
2.950329316071770191e+08 1.994672088623046875e+02 3.020151138305664062e+00
2.950330316071770191e+08 1.943690643310546875e+02 2.980784177780151367e+00
2.950331316071770191e+08 1.939793548583984375e+02 2.978312015533447266e+00
2.950332316071770191e+08 1.991972045898437500e+02 3.017793178558349609e+00
2.950333316071770191e+08 1.922503356933593750e+02 2.964370250701904297e+00
2.950334316071770191e+08 1.933276672363281250e+02 2.973216295242309570e+00
2.950335316071770191e+08 1.926436920166015625e+02 2.967614889144897461e+00
2.950336316071770191e+08 nan nan
2.950337316071770191e+08 nan nan
2.950338316071770191e+08 nan nan
2.950339316071770191e+08 1.979682006835937500e+02 3.008857727050781250e+00
2.950340316071770191e+08 1.926215515136718750e+02 2.967978239059448242e+00
2.950341316071770191e+08 1.913781585693359375e+02 2.957963228225708008e+00
2.950342316071770191e+08 1.925782012939453125e+02 2.968367338180541992e+00
2.950343316071770191e+08 1.932451477050781250e+02 2.971596002578735352e+00
2.950344316071770191e+08 2.027011260986328125e+02 3.044782400131225586e+00
2.950345316071770191e+08 1.938729400634765625e+02 2.977029085159301758e+00
2.950346316071770191e+08 1.988012695312500000e+02 3.014563560485839844e+00
2.950347316071770191e+08 1.990816192626953125e+02 3.017081022262573242e+00
2.950348316071770191e+08 1.968043518066406250e+02 2.999494791030883789e+00
2.950349316071770191e+08 1.916061248779296875e+02 2.959719657897949219e+00
2.950350316071770191e+08 1.971402893066406250e+02 3.017256975173950195e+00
2.950351316071770191e+08 1.958462066650390625e+02 2.992547988891601562e+00
2.950352316071770191e+08 1.930151977539062500e+02 2.971223354339599609e+00
2.950353316071770191e+08 1.921784515380859375e+02 2.964672088623046875e+00
2.950354316071770191e+08 1.987793121337890625e+02 3.014923810958862305e+00
2.950355316071770191e+08 2.006726074218750000e+02 3.029732465744018555e+00
2.950356316071770191e+08 1.943824005126953125e+02 2.981339216232299805e+00
2.950357316071770191e+08 1.934403839111328125e+02 2.974246501922607422e+00
2.950358316071770191e+08 1.990466613769531250e+02 3.017937660217285156e+00
2.950359316071770191e+08 1.974786071777343750e+02 3.004541397094726562e+00
2.950360316071770191e+08 1.978289642333984375e+02 3.007436275482177734e+00
2.950361316071770191e+08 1.993588714599609375e+02 3.019202947616577148e+00
2.950362316071770191e+08 2.050855560302734375e+02 3.063709735870361328e+00
2.950363316071770191e+08 1.956057128906250000e+02 2.992018461227416992e+00
2.950364316071770191e+08 1.978112792968750000e+02 3.007862567901611328e+00
2.950365316071770191e+08 2.000422058105468750e+02 3.026776313781738281e+00
2.950366316071770191e+08 nan nan
2.950367316071770191e+08 nan nan
2.950368316071770191e+08 nan nan
2.950369316071770191e+08 nan nan
2.950370316071770191e+08 nan nan
2.950371316071770191e+08 nan nan
2.950372316071770191e+08 nan nan
2.950373316071770191e+08 nan nan
2.950374316071770191e+08 nan nan
2.950375316071770191e+08 nan nan
2.950376316071770191e+08 nan nan
2.950377316071770191e+08 nan nan
2.950378316071770191e+08 nan nan
2.950379316071770191e+08 nan nan
2.950380316071770191e+08 nan nan
2.950381316071770191e+08 nan nan
2.950382316071770191e+08 nan nan
2.950383316071770191e+08 nan nan
2.950384316071770191e+08 nan nan
2.950385316071770191e+08 nan nan
2.950386316071770191e+08 nan nan
2.950387316071770191e+08 nan nan
2.950388316071770191e+08 nan nan
2.950389316071770191e+08 nan nan
2.950390316071770191e+08 nan nan
2.950391316071770191e+08 nan nan
2.950392316071770191e+08 nan nan
2.950393316071770191e+08 nan nan
2.950394316071770191e+08 nan nan
2.950395316071770191e+08 nan nan
2.950396316071770191e+08 nan nan
2.950397316071770191e+08 nan nan
2.950398316071770191e+08 nan nan
2.950399316071770191e+08 nan nan
2.950400316071770191e+08 nan nan
2.950401316071770191e+08 nan nan
2.950402316071770191e+08 nan nan
2.950403316071770191e+08 nan nan
2.950404316071770191e+08 nan nan
2.950405316071770191e+08 nan nan
2.950406316071770191e+08 nan nan
2.950407316071770191e+08 1.873791656494140625e+02 2.927084922790527344e+00
2.950408316071770191e+08 1.918146972656250000e+02 2.961881399154663086e+00
2.950409316071770191e+08 2.016692962646484375e+02 3.038208007812500000e+00
2.950410316071770191e+08 nan nan
2.950411316071770191e+08 nan nan
2.950412316071770191e+08 nan nan
2.950413316071770191e+08 nan nan
2.950414316071770191e+08 nan nan
2.950415316071770191e+08 nan nan
2.950416316071770191e+08 nan nan
2.950417316071770191e+08 nan nan
2.950418316071770191e+08 nan nan
2.950419316071770191e+08 nan nan
2.950420316071770191e+08 nan nan
2.950421316071770191e+08 nan nan
2.950422316071770191e+08 nan nan
2.950423316071770191e+08 nan nan
2.950424316071770191e+08 nan nan
2.950425316071770191e+08 nan nan
2.950426316071770191e+08 nan nan
2.950427316071770191e+08 nan nan
2.950428316071770191e+08 nan nan
2.950429316071770191e+08 nan nan
2.950430316071770191e+08 nan nan
2.950431316071770191e+08 nan nan
2.950432316071770191e+08 nan nan
2.950433316071770191e+08 nan nan
2.950434316071770191e+08 nan nan
2.950435316071770191e+08 nan nan
2.950436316071770191e+08 nan nan
2.950437316071770191e+08 nan nan
2.950438316071770191e+08 nan nan
2.950439316071770191e+08 nan nan
2.950440316071770191e+08 nan nan
2.950441316071770191e+08 nan nan
2.950442316071770191e+08 nan nan
2.950443316071770191e+08 nan nan
2.950444316071770191e+08 nan nan
2.950445316071770191e+08 nan nan
2.950446316071770191e+08 nan nan
2.950447316071770191e+08 nan nan
2.950448316071770191e+08 nan nan
2.950449316071770191e+08 nan nan
2.950450316071770191e+08 nan nan
2.950451316071770191e+08 nan nan
2.950452316071770191e+08 nan nan
2.950453316071770191e+08 nan nan
2.950454316071770191e+08 nan nan
2.950455316071770191e+08 nan nan
2.950456316071770191e+08 nan nan
2.950457316071770191e+08 nan nan
2.950458316071770191e+08 nan nan
2.950459316071770191e+08 nan nan
2.950460316071770191e+08 nan nan
2.950461316071770191e+08 nan nan
2.950462316071770191e+08 nan nan
2.950463316071770191e+08 nan nan
2.950464316071770191e+08 nan nan
2.950465316071770191e+08 nan nan
2.950466316071770191e+08 nan nan
2.950467316071770191e+08 nan nan
2.950468316071770191e+08 nan nan
2.950469316071770191e+08 nan nan
2.950470316071770191e+08 nan nan
2.950471316071770191e+08 nan nan
2.950472316071770191e+08 nan nan
2.950473316071770191e+08 nan nan
2.950474316071770191e+08 nan nan
2.950475316071770191e+08 nan nan
2.950476316071770191e+08 nan nan
2.950477316071770191e+08 nan nan
