3.437519139425389767e+08 3.097577209472656250e+02 4.898965835571289062e+00 9.247397780418395996e-01 1.854765057563781738e+00 1.045041754841804504e-01
3.437520139425389767e+08 3.052272033691406250e+02 4.856620788574218750e+00 9.239969253540039062e-01 1.720651507377624512e+00 1.006935089826583862e-01
3.437521139425389767e+08 3.098171386718750000e+02 4.874550342559814453e+00 9.245939254760742188e-01 1.529016256332397461e+00 9.482555836439132690e-02
3.437522139425389767e+08 3.000675964355468750e+02 4.820246219635009766e+00 9.239537119865417480e-01 1.751767277717590332e+00 1.014771535992622375e-01
3.437523139425389767e+08 3.008434143066406250e+02 4.840508937835693359e+00 9.245239496231079102e-01 1.954372167587280273e+00 1.072601079940795898e-01
3.437524139425389767e+08 3.017826538085937500e+02 4.831686019897460938e+00 9.267087578773498535e-01 1.824105978012084961e+00 1.037697568535804749e-01
3.437525139425389767e+08 3.052803955078125000e+02 4.867737770080566406e+00 9.245795607566833496e-01 1.877867579460144043e+00 1.053055897355079651e-01
3.437526139425389767e+08 3.051924438476562500e+02 4.856256484985351562e+00 9.249696135520935059e-01 1.752082943916320801e+00 1.014954447746276855e-01
3.437527139425389767e+08 3.059416198730468750e+02 4.873053550720214844e+00 9.229883551597595215e-01 1.828580498695373535e+00 1.038563922047615051e-01
3.437528139425389767e+08 3.012393188476562500e+02 4.835717678070068359e+00 9.252677559852600098e-01 1.879883408546447754e+00 1.052532643079757690e-01
3.437529139425389767e+08 2.993452148437500000e+02 4.820509433746337891e+00 9.248846769332885742e-01 1.855587005615234375e+00 1.045504808425903320e-01
3.437530139425389767e+08 3.129608764648437500e+02 4.910797595977783203e+00 9.251706600189208984e-01 1.714350104331970215e+00 1.004969850182533264e-01
3.437531139425389767e+08 3.040832214355468750e+02 4.840218544006347656e+00 9.270696640014648438e-01 1.723790526390075684e+00 1.007049158215522766e-01
3.437532139425389767e+08 3.039017028808593750e+02 4.854017734527587891e+00 9.252076148986816406e-01 1.855701088905334473e+00 1.045569181442260742e-01
3.437533139425389767e+08 3.064542846679687500e+02 4.877401351928710938e+00 9.230373501777648926e-01 1.836733579635620117e+00 1.039845645427703857e-01
3.437534139425389767e+08 3.020319824218750000e+02 4.837573051452636719e+00 9.241057038307189941e-01 1.788413047790527344e+00 1.025725230574607849e-01
3.437535139425389767e+08 3.054376525878906250e+02 4.867567539215087891e+00 9.254014492034912109e-01 1.888355374336242676e+00 1.057276055216789246e-01
3.437536139425389767e+08 3.050141601562500000e+02 4.848304271697998047e+00 9.251344799995422363e-01 1.672867178916931152e+00 9.926640242338180542e-02
3.437537139425389767e+08 3.031488952636718750e+02 4.852106094360351562e+00 9.255775809288024902e-01 1.916124463081359863e+00 1.061243191361427307e-01
3.437538139425389767e+08 3.091346130371093750e+02 4.875938415527343750e+00 9.250538349151611328e-01 1.628240823745727539e+00 9.800858050584793091e-02
3.437539139425389767e+08 2.992410583496093750e+02 4.810575962066650391e+00 9.251696467399597168e-01 1.748692631721496582e+00 1.014694347977638245e-01
3.437540139425389767e+08 3.066944885253906250e+02 4.866857528686523438e+00 9.239746332168579102e-01 1.709900856018066406e+00 1.004088371992111206e-01
3.437541139425389767e+08 3.064736633300781250e+02 4.876686573028564453e+00 9.270704984664916992e-01 1.962649345397949219e+00 1.075525209307670593e-01
3.437542139425389767e+08 3.032151184082031250e+02 4.841665744781494141e+00 9.254568815231323242e-01 1.771957159042358398e+00 1.021339148283004761e-01
3.437543139425389767e+08 3.046365966796875000e+02 4.858541488647460938e+00 9.264985918998718262e-01 1.886478900909423828e+00 1.054573729634284973e-01
3.437544139425389767e+08 3.015733032226562500e+02 4.847733497619628906e+00 9.212960004806518555e-01 1.868135929107666016e+00 1.047598570585250854e-01
3.437545139425389767e+08 3.154293518066406250e+02 4.938783645629882812e+00 9.246076345443725586e-01 1.821108102798461914e+00 1.034319922327995300e-01
3.437546139425389767e+08 3.013094787597656250e+02 4.835724353790283203e+00 9.240602850914001465e-01 1.832890987396240234e+00 1.039337068796157837e-01
3.437547139425389767e+08 3.029183349609375000e+02 4.851593494415283203e+00 9.252846240997314453e-01 1.921910524368286133e+00 1.062818989157676697e-01
3.437548139425389767e+08 3.023685913085937500e+02 4.824176788330078125e+00 9.255527853965759277e-01 1.633298397064208984e+00 9.795872122049331665e-02
3.437549139425389767e+08 3.064952697753906250e+02 4.861391544342041016e+00 9.253074526786804199e-01 1.703911185264587402e+00 1.002300754189491272e-01
3.437550139425389767e+08 3.018427734375000000e+02 4.838241100311279297e+00 9.260563254356384277e-01 1.880362272262573242e+00 1.051154509186744690e-01
3.437551139425389767e+08 2.994505310058593750e+02 4.813558101654052734e+00 9.232774376869201660e-01 1.703829050064086914e+00 1.002252399921417236e-01
3.437552139425389767e+08 3.022242126464843750e+02 4.836105346679687500e+00 9.240811467170715332e-01 1.750357508659362793e+00 1.017374694347381592e-01
3.437553139425389767e+08 3.060264282226562500e+02 4.867880344390869141e+00 9.246109724044799805e-01 1.808896422386169434e+00 1.030714362859725952e-01
3.437554139425389767e+08 3.037587890625000000e+02 4.855080604553222656e+00 9.244931340217590332e-01 1.859041690826416016e+00 1.045792624354362488e-01
3.437555139425389767e+08 2.979844665527343750e+02 4.805500984191894531e+00 9.241234064102172852e-01 1.770753979682922363e+00 1.020645648241043091e-01
3.437556139425389767e+08 2.999699096679687500e+02 4.831337451934814453e+00 9.249150156974792480e-01 1.934435009956359863e+00 1.066488549113273621e-01
3.437557139425389767e+08 3.010003356933593750e+02 4.828595638275146484e+00 9.243043661117553711e-01 1.779889941215515137e+00 1.024211570620536804e-01
3.437558139425389767e+08 3.073246765136718750e+02 4.878993988037109375e+00 9.230294227600097656e-01 1.773112893104553223e+00 1.022005304694175720e-01
3.437559139425389767e+08 2.945930786132812500e+02 4.772225379943847656e+00 9.242745041847229004e-01 1.681786656379699707e+00 9.962044656276702881e-02
3.437560139425389767e+08 2.920313415527343750e+02 4.759079456329345703e+00 9.244852066040039062e-01 1.769964814186096191e+00 1.020190715789794922e-01
3.437561139425389767e+08 3.020301208496093750e+02 4.840804576873779297e+00 9.234858751296997070e-01 1.809117197990417480e+00 1.032517775893211365e-01
3.437562139425389767e+08 2.929203491210937500e+02 4.762629032135009766e+00 9.256309866905212402e-01 1.766078472137451172e+00 1.021349579095840454e-01
3.437563139425389767e+08 3.026488647460937500e+02 4.830011844635009766e+00 9.238408207893371582e-01 1.623731493949890137e+00 9.791469573974609375e-02
3.437564139425389767e+08 2.964067993164062500e+02 4.792742252349853516e+00 9.219512343406677246e-01 1.689867854118347168e+00 9.974974393844604492e-02
3.437565139425389767e+08 3.038900146484375000e+02 4.845021724700927734e+00 9.240142703056335449e-01 1.701553225517272949e+00 1.000913679599761963e-01
3.437566139425389767e+08 2.889313049316406250e+02 4.736279964447021484e+00 9.262761473655700684e-01 1.840150833129882812e+00 1.041780263185501099e-01
3.437567139425389767e+08 2.964238586425781250e+02 4.783784389495849609e+00 9.264807701110839844e-01 1.723311185836791992e+00 1.006769090890884399e-01
3.437568139425389767e+08 3.013276672363281250e+02 4.813946247100830078e+00 9.243901371955871582e-01 1.564777374267578125e+00 9.594266116619110107e-02
3.437569139425389767e+08 2.941750793457031250e+02 4.774398803710937500e+00 9.250001311302185059e-01 1.773049950599670410e+00 1.023670881986618042e-01
3.437570139425389767e+08 2.970199584960937500e+02 4.786458492279052734e+00 9.237151145935058594e-01 1.609283804893493652e+00 9.739828854799270630e-02
3.437571139425389767e+08 2.961190795898437500e+02 4.794539451599121094e+00 9.251466393470764160e-01 1.845148205757141113e+00 1.041277423501014709e-01
3.437572139425389767e+08 2.915752868652343750e+02 4.755425453186035156e+00 9.262786507606506348e-01 1.825912237167358398e+00 1.037048473954200745e-01
3.437573139425389767e+08 2.972600708007812500e+02 4.798180580139160156e+00 9.207123517990112305e-01 1.635618209838867188e+00 9.809786081314086914e-02
3.437574139425389767e+08 2.922482299804687500e+02 4.767245292663574219e+00 9.262751340866088867e-01 1.909840583801269531e+00 1.059388965368270874e-01
3.437575139425389767e+08 2.888216857910156250e+02 4.741766452789306641e+00 9.240121245384216309e-01 1.846783638000488281e+00 1.042200326919555664e-01
3.437576139425389767e+08 2.924301757812500000e+02 4.755091190338134766e+00 9.255151152610778809e-01 1.714711427688598633e+00 1.003458946943283081e-01
3.437577139425389767e+08 2.959301147460937500e+02 4.786058425903320312e+00 9.240704774856567383e-01 1.720810294151306152e+00 1.005308106541633606e-01
3.437578139425389767e+08 2.985861511230468750e+02 4.795178890228271484e+00 9.254609942436218262e-01 1.625949382781982422e+00 9.769382327795028687e-02
3.437579139425389767e+08 2.881848144531250000e+02 4.714194774627685547e+00 9.254838824272155762e-01 1.610851407051086426e+00 9.731509536504745483e-02
3.437580139425389767e+08 2.905315551757812500e+02 4.734876155853271484e+00 9.258633852005004883e-01 1.655221343040466309e+00 9.874222427606582642e-02
3.437581139425389767e+08 2.910101623535156250e+02 4.746399402618408203e+00 9.261749386787414551e-01 1.763584494590759277e+00 1.019907221198081970e-01
3.437582139425389767e+08 2.882391052246093750e+02 4.729391098022460938e+00 9.241586923599243164e-01 1.752937555313110352e+00 1.015449464321136475e-01
3.437583139425389767e+08 2.905164184570312500e+02 4.737992763519287109e+00 9.240429401397705078e-01 1.637351155281066895e+00 9.820179641246795654e-02
3.437584139425389767e+08 2.983999633789062500e+02 4.806859016418457031e+00 9.237852692604064941e-01 1.736803054809570312e+00 1.011205837130546570e-01
3.437585139425389767e+08 2.914086608886718750e+02 4.756293296813964844e+00 9.269174337387084961e-01 1.873517036437988281e+00 1.050616204738616943e-01
3.437586139425389767e+08 2.941517333984375000e+02 4.774312496185302734e+00 9.246307611465454102e-01 1.762177228927612305e+00 1.019093394279479980e-01
3.437587139425389767e+08 2.972003784179687500e+02 4.784480571746826172e+00 9.264081120491027832e-01 1.654961347579956055e+00 9.872671961784362793e-02
3.437588139425389767e+08 2.896638793945312500e+02 4.732501506805419922e+00 9.249100685119628906e-01 1.678579568862915039e+00 9.943047165870666504e-02
3.437589139425389767e+08 3.005677795410156250e+02 4.819994926452636719e+00 9.245900511741638184e-01 1.721503376960754395e+00 1.005713045597076416e-01
3.437590139425389767e+08 2.988224792480468750e+02 4.819860935211181641e+00 9.244000315666198730e-01 1.881600975990295410e+00 1.053494289517402649e-01
3.437591139425389767e+08 2.905313415527343750e+02 4.753227710723876953e+00 9.248859286308288574e-01 1.853885293006896973e+00 1.044545993208885193e-01
3.437592139425389767e+08 2.880610656738281250e+02 4.719596385955810547e+00 9.267514348030090332e-01 1.730431914329528809e+00 1.009208410978317261e-01
3.437593139425389767e+08 2.882762451171875000e+02 4.728126525878906250e+00 9.262227416038513184e-01 1.799466729164123535e+00 1.028686687350273132e-01
3.437594139425389767e+08 2.920355224609375000e+02 4.756610393524169922e+00 9.249987602233886719e-01 1.755144596099853516e+00 1.016727983951568604e-01
3.437595139425389767e+08 2.852056274414062500e+02 4.718711853027343750e+00 9.229162335395812988e-01 1.872459173202514648e+00 1.050022989511489868e-01
3.437596139425389767e+08 2.871643676757812500e+02 4.712081432342529297e+00 9.243067502975463867e-01 1.645497918128967285e+00 9.851338714361190796e-02
3.437597139425389767e+08 2.898450927734375000e+02 4.745788097381591797e+00 9.228619933128356934e-01 1.761565804481506348e+00 1.018739789724349976e-01
3.437598139425389767e+08 2.941511535644531250e+02 4.775352954864501953e+00 9.260591268539428711e-01 1.821857452392578125e+00 1.034745499491691589e-01
3.437599139425389767e+08 2.938184814453125000e+02 4.779038906097412109e+00 9.245101213455200195e-01 1.849949836730957031e+00 1.043987125158309937e-01
3.437600139425389767e+08 2.974285278320312500e+02 4.809863567352294922e+00 9.236727356910705566e-01 1.864757180213928223e+00 1.047351956367492676e-01
3.437601139425389767e+08 2.891401367187500000e+02 4.705536842346191406e+00 9.245835542678833008e-01 1.382607817649841309e+00 9.019139409065246582e-02
3.437602139425389767e+08 2.732951049804687500e+02 4.608803272247314453e+00 9.241651296615600586e-01 1.706559538841247559e+00 1.003858521580696106e-01
3.437603139425389767e+08 2.889104309082031250e+02 4.738372802734375000e+00 9.239442944526672363e-01 1.793610453605651855e+00 1.027018353343009949e-01
3.437604139425389767e+08 2.856438598632812500e+02 4.712420940399169922e+00 9.255190491676330566e-01 1.834613680839538574e+00 1.040313988924026489e-01
3.437605139425389767e+08 2.851280517578125000e+02 4.716958999633789062e+00 9.248729944229125977e-01 1.920307993888854980e+00 1.063560247421264648e-01
3.437606139425389767e+08 2.875230712890625000e+02 4.715053081512451172e+00 9.241518974304199219e-01 1.643006682395935059e+00 9.836423397064208984e-02
3.437607139425389767e+08 2.799846496582031250e+02 4.662471294403076172e+00 9.241951107978820801e-01 1.719767332077026367e+00 1.008145436644554138e-01
3.437608139425389767e+08 2.888955688476562500e+02 4.717519283294677734e+00 9.236874580383300781e-01 1.526752352714538574e+00 9.486777335405349731e-02
3.437609139425389767e+08 2.894268493652343750e+02 4.736309528350830078e+00 9.263542890548706055e-01 1.795288920402526855e+00 1.027979478240013123e-01
3.437610139425389767e+08 2.941763305664062500e+02 5.718420028686523438e+00 6.406374573707580566e-01 1.578416705131530762e+00 1.157351285219192505e-01
