3.596117183612220287e+08 2.787373352050781250e+02 4.659039497375488281e+00 9.235857725143432617e-01 1.384938597679138184e+00 8.724293112754821777e-02
3.596118183612220287e+08 2.904331359863281250e+02 4.754898071289062500e+00 9.239715337753295898e-01 1.444447278976440430e+00 8.906843513250350952e-02
3.596119183612220287e+08 2.785462951660156250e+02 4.649603843688964844e+00 9.252238869667053223e-01 1.338309526443481445e+00 8.567649126052856445e-02
3.596120183612220287e+08 2.801885375976562500e+02 4.657756805419921875e+00 9.247135519981384277e-01 1.262189149856567383e+00 8.322628587484359741e-02
3.596121183612220287e+08 2.797095947265625000e+02 4.652364253997802734e+00 9.244691133499145508e-01 1.235115051269531250e+00 8.234100788831710815e-02
3.596122183612220287e+08 2.842111511230468750e+02 4.696225166320800781e+00 9.247229099273681641e-01 1.344494938850402832e+00 8.589663356542587280e-02
3.596123183612220287e+08 2.791646118164062500e+02 4.659645557403564453e+00 9.246317148208618164e-01 1.383075833320617676e+00 8.712558448314666748e-02
3.596124183612220287e+08 2.746754760742187500e+02 4.622665405273437500e+00 9.240548610687255859e-01 1.350979447364807129e+00 8.613530546426773071e-02
3.596125183612220287e+08 2.818845825195312500e+02 4.679383277893066406e+00 9.214563369750976562e-01 1.261169791221618652e+00 8.334044367074966431e-02
3.596126183612220287e+08 2.854854736328125000e+02 4.707808494567871094e+00 9.234781265258789062e-01 1.324356317520141602e+00 8.530928939580917358e-02
3.596127183612220287e+08 2.790961303710937500e+02 4.658001899719238281e+00 9.235264658927917480e-01 1.335257053375244141e+00 8.565678447484970093e-02
3.596128183612220287e+08 2.823875122070312500e+02 4.685507297515869141e+00 9.253409504890441895e-01 1.409420967102050781e+00 8.791726082563400269e-02
3.596129183612220287e+08 2.747435302734375000e+02 4.635529994964599609e+00 9.227917790412902832e-01 1.462812423706054688e+00 8.969078958034515381e-02
3.596130183612220287e+08 2.745612487792968750e+02 4.621268749237060547e+00 9.240670204162597656e-01 1.345470190048217773e+00 8.595893532037734985e-02
3.596131183612220287e+08 2.807345581054687500e+02 4.675741672515869141e+00 9.227557182312011719e-01 1.369396567344665527e+00 8.678198605775833130e-02
3.596132183612220287e+08 2.842668457031250000e+02 4.703313827514648438e+00 9.210610389709472656e-01 1.311313033103942871e+00 8.499979972839355469e-02
3.596133183612220287e+08 2.793739013671875000e+02 4.682989597320556641e+00 9.230092167854309082e-01 1.599923491477966309e+00 9.378917515277862549e-02
3.596134183612220287e+08 2.722812194824218750e+02 4.611089229583740234e+00 9.228600859642028809e-01 1.407722234725952148e+00 8.798263967037200928e-02
3.596135183612220287e+08 2.725469055175781250e+02 4.601064682006835938e+00 9.238821864128112793e-01 1.290835618972778320e+00 8.420483022928237915e-02
3.596136183612220287e+08 2.841260986328125000e+02 4.698023319244384766e+00 9.237948656082153320e-01 1.345880627632141113e+00 8.598515391349792480e-02
3.596137183612220287e+08 2.733918457031250000e+02 4.619565486907958984e+00 9.242305755615234375e-01 1.444070816040039062e+00 8.904521912336349487e-02
3.596138183612220287e+08 2.738422241210937500e+02 4.611273765563964844e+00 9.232694506645202637e-01 1.269686937332153320e+00 8.353926986455917358e-02
3.596139183612220287e+08 2.698323364257812500e+02 4.574532032012939453e+00 9.244393706321716309e-01 1.251608252525329590e+00 8.288978040218353271e-02
3.596140183612220287e+08 2.770044860839843750e+02 4.649970054626464844e+00 9.241561293601989746e-01 1.460649609565734863e+00 8.955817669630050659e-02
3.596141183612220287e+08 2.759255676269531250e+02 4.628962993621826172e+00 9.240995049476623535e-01 1.306980729103088379e+00 8.471897989511489868e-02
3.596142183612220287e+08 2.783819580078125000e+02 4.649066925048828125e+00 9.235717058181762695e-01 1.296735882759094238e+00 8.441031724214553833e-02
3.596143183612220287e+08 2.719946594238281250e+02 4.604126453399658203e+00 9.244644045829772949e-01 1.399712681770324707e+00 8.765340596437454224e-02
3.596144183612220287e+08 2.730256652832031250e+02 4.607171535491943359e+00 9.238831400871276855e-01 1.318310737609863281e+00 8.509659767150878906e-02
3.596145183612220287e+08 2.720716552734375000e+02 4.592902183532714844e+00 9.253739118576049805e-01 1.283232212066650391e+00 8.388751000165939331e-02
3.596146183612220287e+08 2.643529052734375000e+02 4.541174411773681641e+00 9.254192709922790527e-01 1.414789557456970215e+00 8.808095008134841919e-02
3.596147183612220287e+08 2.665263671875000000e+02 4.560613155364990234e+00 9.231533408164978027e-01 1.368783712387084961e+00 8.674314618110656738e-02
3.596148183612220287e+08 2.730820007324218750e+02 4.604461193084716797e+00 9.237089753150939941e-01 1.274565696716308594e+00 8.367934077978134155e-02
3.596149183612220287e+08 2.710616760253906250e+02 4.582244396209716797e+00 9.252980351448059082e-01 1.250430822372436523e+00 8.281180262565612793e-02
3.596150183612220287e+08 2.652455749511718750e+02 4.551159858703613281e+00 9.243682622909545898e-01 1.416411519050598145e+00 8.818193525075912476e-02
3.596151183612220287e+08 2.651952514648437500e+02 4.548959732055664062e+00 9.250599741935729980e-01 1.415341377258300781e+00 8.811530470848083496e-02
3.596152183612220287e+08 2.773276062011718750e+02 4.643090248107910156e+00 9.243496060371398926e-01 1.350537776947021484e+00 8.610714226961135864e-02
3.596153183612220287e+08 2.707409973144531250e+02 4.582713127136230469e+00 9.232420325279235840e-01 1.225757837295532227e+00 8.208281546831130981e-02
3.596154183612220287e+08 2.708391723632812500e+02 4.576587200164794922e+00 9.216895699501037598e-01 1.095628857612609863e+00 7.766707241535186768e-02
3.596155183612220287e+08 2.687726135253906250e+02 4.572457790374755859e+00 9.238595962524414062e-01 1.312879085540771484e+00 8.492308855056762695e-02
3.596156183612220287e+08 2.750852355957031250e+02 4.612526416778564453e+00 9.255795478820800781e-01 1.233611106872558594e+00 8.224073797464370728e-02
3.596157183612220287e+08 2.774529724121093750e+02 4.640003204345703125e+00 9.250527024269104004e-01 1.322079896926879883e+00 8.516265451908111572e-02
3.596158183612220287e+08 2.701847839355468750e+02 4.584446430206298828e+00 9.217148423194885254e-01 1.255282402038574219e+00 8.313310891389846802e-02
3.596159183612220287e+08 2.624414978027343750e+02 4.509646415710449219e+00 9.224757552146911621e-01 1.138759255409240723e+00 7.914923876523971558e-02
3.596160183612220287e+08 2.633463439941406250e+02 4.535215377807617188e+00 9.208083152770996094e-01 1.306138873100280762e+00 8.484283089637756348e-02
3.596161183612220287e+08 2.699095153808593750e+02 4.589094161987304688e+00 9.236174225807189941e-01 1.395610332489013672e+00 8.756837993860244751e-02
3.596162183612220287e+08 2.678582153320312500e+02 4.561899662017822266e+00 9.247201681137084961e-01 1.300608277320861816e+00 8.448358625173568726e-02
3.596163183612220287e+08 2.702819519042968750e+02 4.595520019531250000e+00 9.233477115631103516e-01 1.428950190544128418e+00 8.861972391605377197e-02
3.596164183612220287e+08 2.676060485839843750e+02 4.558286666870117188e+00 9.235624670982360840e-01 1.247314214706420898e+00 8.278714865446090698e-02
3.596165183612220287e+08 2.651835632324218750e+02 4.549328327178955078e+00 9.238215088844299316e-01 1.384273171424865723e+00 8.720101416110992432e-02
3.596166183612220287e+08 2.729458312988281250e+02 4.624316215515136719e+00 9.207264780998229980e-01 1.438574552536010742e+00 8.904553204774856567e-02
3.596167183612220287e+08 2.594176330566406250e+02 4.492928028106689453e+00 9.210708737373352051e-01 1.195597529411315918e+00 8.116245269775390625e-02
3.596168183612220287e+08 2.678320007324218750e+02 4.562929153442382812e+00 9.217684864997863770e-01 1.227720260620117188e+00 8.221422880887985229e-02
3.596169183612220287e+08 2.638942260742187500e+02 4.528994083404541016e+00 9.246085286140441895e-01 1.289763450622558594e+00 8.413489162921905518e-02
3.596170183612220287e+08 2.742392578125000000e+02 4.607508182525634766e+00 9.224693179130554199e-01 1.160776972770690918e+00 7.991117984056472778e-02
3.596171183612220287e+08 2.682474365234375000e+02 4.563000202178955078e+00 9.242837429046630859e-01 1.262800574302673340e+00 8.326660841703414917e-02
3.596172183612220287e+08 2.703966369628906250e+02 4.600480556488037109e+00 9.231922030448913574e-01 1.473197817802429199e+00 8.998987823724746704e-02
3.596173183612220287e+08 2.654362182617187500e+02 4.551262378692626953e+00 9.233369827270507812e-01 1.368498682975769043e+00 8.672507852315902710e-02
3.596174183612220287e+08 2.744351196289062500e+02 4.603417396545410156e+00 9.251728653907775879e-01 1.173815846443176270e+00 8.024039864540100098e-02
3.596175183612220287e+08 2.698575744628906250e+02 4.573636531829833984e+00 9.231047630310058594e-01 1.198438644409179688e+00 8.116851001977920532e-02
3.596176183612220287e+08 2.654600830078125000e+02 4.540439128875732422e+00 9.231703877449035645e-01 1.231357574462890625e+00 8.227354288101196289e-02
3.596177183612220287e+08 2.689867858886718750e+02 4.591830253601074219e+00 9.204154610633850098e-01 1.422521829605102539e+00 8.856233954429626465e-02
3.596178183612220287e+08 2.577266235351562500e+02 4.485104084014892578e+00 9.232152700424194336e-01 1.330233335494995117e+00 8.551064133644104004e-02
3.596179183612220287e+08 2.603534851074218750e+02 4.507279396057128906e+00 9.242731928825378418e-01 1.367119669914245605e+00 8.663769066333770752e-02
3.596180183612220287e+08 2.679657897949218750e+02 4.581368923187255859e+00 9.198511838912963867e-01 1.379240632057189941e+00 8.723083883523941040e-02
3.596181183612220287e+08 2.722762451171875000e+02 4.612558364868164062e+00 9.234909415245056152e-01 1.445235013961791992e+00 8.911701291799545288e-02
3.596182183612220287e+08 2.680622253417968750e+02 4.576215267181396484e+00 9.256133437156677246e-01 1.480276226997375488e+00 9.008673578500747681e-02
3.596183183612220287e+08 2.682703247070312500e+02 4.561549663543701172e+00 9.233282804489135742e-01 1.214643836021423340e+00 8.170578628778457642e-02
3.596184183612220287e+08 2.553580932617187500e+02 4.460906505584716797e+00 9.242829084396362305e-01 1.306691646575927734e+00 8.470024168491363525e-02
3.596185183612220287e+08 2.557177276611328125e+02 4.488655090332031250e+00 9.216986894607543945e-01 1.525113463401794434e+00 9.163518995046615601e-02
3.596186183612220287e+08 2.632679138183593750e+02 4.542674541473388672e+00 9.205311536788940430e-01 1.394745707511901855e+00 8.768691122531890869e-02
3.596187183612220287e+08 2.588354492187500000e+02 4.499679565429687500e+00 9.239895939826965332e-01 1.416967511177062988e+00 8.821654319763183594e-02
3.596188183612220287e+08 2.650931091308593750e+02 4.548341751098632812e+00 9.228567481040954590e-01 1.352754354476928711e+00 8.624846488237380981e-02
3.596189183612220287e+08 2.661669921875000000e+02 4.536223411560058594e+00 9.229483008384704590e-01 1.105172634124755859e+00 7.795286923646926880e-02
3.596190183612220287e+08 2.713247375488281250e+02 4.591257095336914062e+00 9.252556562423706055e-01 1.332760334014892578e+00 8.549661934375762939e-02
3.596191183612220287e+08 2.666327209472656250e+02 4.543799877166748047e+00 9.236239790916442871e-01 1.170311212539672852e+00 8.018840104341506958e-02
3.596192183612220287e+08 2.626712341308593750e+02 4.511472702026367188e+00 9.259334206581115723e-01 1.238619923591613770e+00 8.239177614450454712e-02
3.596193183612220287e+08 2.655441894531250000e+02 4.543193817138671875e+00 9.232563376426696777e-01 1.258693337440490723e+00 8.317679166793823242e-02
3.596194183612220287e+08 2.586964111328125000e+02 4.494650363922119141e+00 9.227950572967529297e-01 1.336334824562072754e+00 8.572591841220855713e-02
3.596195183612220287e+08 2.673604431152343750e+02 4.557262420654296875e+00 9.230064749717712402e-01 1.242553949356079102e+00 8.265346288681030273e-02
3.596196183612220287e+08 2.663583984375000000e+02 4.547968864440917969e+00 9.241577982902526855e-01 1.262969493865966797e+00 8.327773958444595337e-02
3.596197183612220287e+08 2.595500488281250000e+02 4.505390644073486328e+00 9.222549796104431152e-01 1.364631175994873047e+00 8.665416389703750610e-02
3.596198183612220287e+08 2.662285461425781250e+02 4.545874118804931641e+00 9.256255030632019043e-01 1.293850898742675781e+00 8.422252535820007324e-02
3.596199183612220287e+08 2.631385192871093750e+02 4.538727283477783203e+00 9.239515662193298340e-01 1.460981011390686035e+00 8.957849442958831787e-02
3.596200183612220287e+08 2.670808410644531250e+02 4.561856269836425781e+00 9.240596890449523926e-01 1.356462717056274414e+00 8.630965650081634521e-02
3.596201183612220287e+08 2.719548645019531250e+02 4.598780632019042969e+00 9.236218929290771484e-01 1.313158631324768066e+00 8.494117110967636108e-02
3.596202183612220287e+08 2.654745788574218750e+02 4.543992519378662109e+00 9.236165285110473633e-01 1.285694003105163574e+00 8.404844999313354492e-02
3.596203183612220287e+08 2.621660156250000000e+02 4.522438526153564453e+00 9.250527620315551758e-01 1.393403887748718262e+00 8.742993324995040894e-02
3.596204183612220287e+08 2.630487976074218750e+02 4.528296947479248047e+00 9.246898889541625977e-01 1.366495609283447266e+00 8.659814298152923584e-02
3.596205183612220287e+08 2.618090515136718750e+02 4.515669822692871094e+00 9.247633218765258789e-01 1.338985800743103027e+00 8.571977913379669189e-02
3.596206183612220287e+08 2.635950317382812500e+02 4.534632205963134766e+00 9.234287738800048828e-01 1.351886153221130371e+00 8.619310706853866577e-02
3.596207183612220287e+08 2.656520690917968750e+02 4.538944721221923828e+00 9.250738024711608887e-01 1.250749111175537109e+00 8.283288776874542236e-02
3.596208183612220287e+08 2.670760803222656250e+02 5.523992061614990234e+00 6.330687403678894043e-01 1.482130050659179688e+00 1.089683622121810913e-01
