3.892602326420339942e+08 4.271545715332031250e+02 7.034240722656250000e+00 9.241327643394470215e-01 2.393115520477294922e+00 1.160831525921821594e-01
3.892603326420339942e+08 4.440833740234375000e+02 7.165950775146484375e+00 9.261625409126281738e-01 2.501864671707153320e+00 1.185997575521469116e-01
3.892604326420339942e+08 4.422642822265625000e+02 7.168424129486083984e+00 9.253670573234558105e-01 2.618697881698608398e+00 1.214392036199569702e-01
3.892605326420339942e+08 4.179495849609375000e+02 6.972408294677734375e+00 9.265491366386413574e-01 2.547358274459838867e+00 1.196853294968605042e-01
3.892606326420339942e+08 4.281985778808593750e+02 7.039023399353027344e+00 9.270976185798645020e-01 2.465226173400878906e+00 1.177930608391761780e-01
3.892607326420339942e+08 4.399021911621093750e+02 7.136721611022949219e+00 9.264851808547973633e-01 2.530723810195922852e+00 1.192994639277458191e-01
3.892608326420339942e+08 4.450999450683593750e+02 7.167774200439453125e+00 9.256960153579711914e-01 2.433676719665527344e+00 1.169550418853759766e-01
3.892609326420339942e+08 4.353147888183593750e+02 7.113305568695068359e+00 9.258391857147216797e-01 2.606565237045288086e+00 1.211373656988143921e-01
3.892610326420339942e+08 4.247181091308593750e+02 7.033008098602294922e+00 9.230431914329528809e-01 2.509311199188232422e+00 1.188193261623382568e-01
3.892611326420339942e+08 4.501716003417968750e+02 7.217503547668457031e+00 9.254921674728393555e-01 2.536093473434448242e+00 1.196856498718261719e-01
3.892612326420339942e+08 4.285929260253906250e+02 7.030812740325927734e+00 9.256027936935424805e-01 2.315541505813598633e+00 1.140785440802574158e-01
3.892613326420339942e+08 4.466041870117187500e+02 7.203372001647949219e+00 9.273645877838134766e-01 2.713657617568969727e+00 1.234756931662559509e-01
3.892614326420339942e+08 4.347641601562500000e+02 7.075588226318359375e+00 9.280138611793518066e-01 2.380586147308349609e+00 1.157480552792549133e-01
3.892615326420339942e+08 4.355354003906250000e+02 7.101918697357177734e+00 9.247847795486450195e-01 2.453572273254394531e+00 1.175047978758811951e-01
3.892616326420339942e+08 4.438490295410156250e+02 7.166966438293457031e+00 9.230111241340637207e-01 2.416612863540649414e+00 1.165394186973571777e-01
3.892617326420339942e+08 4.272780151367187500e+02 7.031572818756103516e+00 9.254094958305358887e-01 2.404220819473266602e+00 1.164848804473876953e-01
3.892618326420339942e+08 4.399485473632812500e+02 7.127879142761230469e+00 9.234703183174133301e-01 2.343845367431640625e+00 1.147786006331443787e-01
3.892619326420339942e+08 nan nan 0.000000000000000000e+00 nan nan
3.892620326420339942e+08 4.364893493652343750e+02 7.095743656158447266e+00 9.264597892761230469e-01 2.391688108444213867e+00 1.160139143466949463e-01
3.892621326420339942e+08 4.430426940917968750e+02 7.155598163604736328e+00 9.266559481620788574e-01 2.495595932006835938e+00 1.184357404708862305e-01
3.892622326420339942e+08 4.322410278320312500e+02 7.081299304962158203e+00 9.270153641700744629e-01 2.567146301269531250e+00 1.200860440731048584e-01
3.892623326420339942e+08 4.370965576171875000e+02 7.116744518280029297e+00 9.260350465774536133e-01 2.524337291717529297e+00 1.191308423876762390e-01
3.892624326420339942e+08 4.293928833007812500e+02 7.048163414001464844e+00 9.249867200851440430e-01 2.394794702529907227e+00 1.161646097898483276e-01
3.892625326420339942e+08 4.256470642089843750e+02 7.053931236267089844e+00 9.261589646339416504e-01 2.737524986267089844e+00 1.243046075105667114e-01
3.892626326420339942e+08 4.396933898925781250e+02 7.152113914489746094e+00 9.229301810264587402e-01 2.559623241424560547e+00 1.199969872832298279e-01
3.892627326420339942e+08 4.367601928710937500e+02 7.098520278930664062e+00 9.250350594520568848e-01 2.349441766738891602e+00 1.149149537086486816e-01
3.892628326420339942e+08 4.331800231933593750e+02 7.097266674041748047e+00 9.268631935119628906e-01 2.641628503799438477e+00 1.219790652394294739e-01
3.892629326420339942e+08 4.255786743164062500e+02 7.028223037719726562e+00 9.250286221504211426e-01 2.475928068161010742e+00 1.179013401269912720e-01
3.892630326420339942e+08 4.333730468750000000e+02 7.081154823303222656e+00 9.259319901466369629e-01 2.452837467193603516e+00 1.176045611500740051e-01
3.892631326420339942e+08 4.353704223632812500e+02 7.100885868072509766e+00 9.259820580482482910e-01 2.496513605117797852e+00 1.184792965650558472e-01
3.892632326420339942e+08 4.314561157226562500e+02 7.071549415588378906e+00 9.259263277053833008e-01 2.495832443237304688e+00 1.184469610452651978e-01
3.892633326420339942e+08 4.312482604980468750e+02 7.073598384857177734e+00 9.259218573570251465e-01 2.527934789657592773e+00 1.193006187677383423e-01
3.892634326420339942e+08 4.288410644531250000e+02 7.055863857269287109e+00 9.259461164474487305e-01 2.532731294631958008e+00 1.193940937519073486e-01
3.892635326420339942e+08 4.355514831542968750e+02 7.102041721343994141e+00 9.268082976341247559e-01 2.523071527481079102e+00 1.192039176821708679e-01
3.892636326420339942e+08 4.298495788574218750e+02 7.069052219390869141e+00 9.234884977340698242e-01 2.498688459396362305e+00 1.185825094580650330e-01
3.892637326420339942e+08 4.272218933105468750e+02 7.031814575195312500e+00 9.254063963890075684e-01 2.409997701644897461e+00 1.164916381239891052e-01
3.892638326420339942e+08 4.309993896484375000e+02 7.071180820465087891e+00 9.239595532417297363e-01 2.456382989883422852e+00 1.177745461463928223e-01
3.892639326420339942e+08 nan nan 0.000000000000000000e+00 nan nan
3.892640326420339942e+08 nan nan 0.000000000000000000e+00 nan nan
3.892641326420339942e+08 4.298234558105468750e+02 7.050913810729980469e+00 9.243890047073364258e-01 2.370012998580932617e+00 1.155073642730712891e-01
3.892642326420339942e+08 4.370602111816406250e+02 7.119973659515380859e+00 9.264714121818542480e-01 2.570842266082763672e+00 1.203907206654548645e-01
3.892643326420339942e+08 4.372440795898437500e+02 7.119224071502685547e+00 9.279998540878295898e-01 2.604447364807128906e+00 1.210389360785484314e-01
3.892644326420339942e+08 4.476711730957031250e+02 7.190420150756835938e+00 9.255662560462951660e-01 2.461025238037109375e+00 1.175923347473144531e-01
3.892645326420339942e+08 4.361443481445312500e+02 7.102144241333007812e+00 9.257934093475341797e-01 2.449253559112548828e+00 1.172979697585105896e-01
3.892646326420339942e+08 4.382910766601562500e+02 7.106842517852783203e+00 9.257116913795471191e-01 2.344218015670776367e+00 1.149347424507141113e-01
3.892647326420339942e+08 4.225693664550781250e+02 6.975347518920898438e+00 9.268216490745544434e-01 2.271657228469848633e+00 1.130191683769226074e-01
3.892648326420339942e+08 4.386068115234375000e+02 7.116820335388183594e+00 9.244061112403869629e-01 2.367372035980224609e+00 1.155159249901771545e-01
3.892649326420339942e+08 4.233766479492187500e+02 7.034455776214599609e+00 9.253963232040405273e-01 2.691516160964965820e+00 1.229785084724426270e-01
3.892650326420339942e+08 4.310704956054687500e+02 7.070667743682861328e+00 9.259186983108520508e-01 2.513648271560668945e+00 1.188914775848388672e-01
3.892651326420339942e+08 4.453684082031250000e+02 7.172724723815917969e+00 9.273235797882080078e-01 2.517325639724731445e+00 1.189324557781219482e-01
3.892652326420339942e+08 4.395886230468750000e+02 7.124359130859375000e+00 9.261410236358642578e-01 2.428817749023437500e+00 1.169920340180397034e-01
3.892653326420339942e+08 4.284849853515625000e+02 7.039867401123046875e+00 9.258510470390319824e-01 2.411370515823364258e+00 1.162866130471229553e-01
3.892654326420339942e+08 4.311049804687500000e+02 7.066802501678466797e+00 9.267023801803588867e-01 2.503548860549926758e+00 1.186795905232429504e-01
3.892655326420339942e+08 4.296338195800781250e+02 7.039671421051025391e+00 9.250135421752929688e-01 2.304214239120483398e+00 1.139360591769218445e-01
3.892656326420339942e+08 4.278744812011718750e+02 7.033460140228271484e+00 9.245728254318237305e-01 2.352624893188476562e+00 1.150706410408020020e-01
3.892657326420339942e+08 4.304144592285156250e+02 7.037653446197509766e+00 9.259485602378845215e-01 2.265349864959716797e+00 1.128451079130172729e-01
3.892658326420339942e+08 4.326951293945312500e+02 7.064970970153808594e+00 9.249624609947204590e-01 2.321214675903320312e+00 1.142195090651512146e-01
3.892659326420339942e+08 4.399913024902343750e+02 7.152270793914794922e+00 9.250668287277221680e-01 2.615365028381347656e+00 1.211544498801231384e-01
3.892660326420339942e+08 4.261574401855468750e+02 7.035481452941894531e+00 9.261019825935363770e-01 2.537487506866455078e+00 1.196183040738105774e-01
3.892661326420339942e+08 4.406232299804687500e+02 7.121799468994140625e+00 9.267584085464477539e-01 2.357581377029418945e+00 1.151753887534141541e-01
3.892662326420339942e+08 4.358318786621093750e+02 7.103768825531005859e+00 9.252371191978454590e-01 2.465750455856323242e+00 1.179528459906578064e-01
3.892663326420339942e+08 4.343533630371093750e+02 7.075528144836425781e+00 9.252330660820007324e-01 2.312946557998657227e+00 1.142282858490943909e-01
3.892664326420339942e+08 4.245157470703125000e+02 7.021089553833007812e+00 9.253134131431579590e-01 2.493909835815429688e+00 1.184892281889915466e-01
3.892665326420339942e+08 4.230035705566406250e+02 6.991788864135742188e+00 9.257965087890625000e-01 2.353136777877807617e+00 1.149582490324974060e-01
3.892666326420339942e+08 4.377876586914062500e+02 7.099132061004638672e+00 9.260903000831604004e-01 2.322033166885375977e+00 1.142597869038581848e-01
3.892667326420339942e+08 4.296853942871093750e+02 7.040313243865966797e+00 9.272603988647460938e-01 2.382230758666992188e+00 1.158280298113822937e-01
3.892668326420339942e+08 4.387510986328125000e+02 7.101349830627441406e+00 9.271262288093566895e-01 2.312641382217407227e+00 1.139356642961502075e-01
3.892669326420339942e+08 4.306421508789062500e+02 7.057548046112060547e+00 9.269726276397705078e-01 2.461402177810668945e+00 1.176103502511978149e-01
3.892670326420339942e+08 4.247822570800781250e+02 7.049803733825683594e+00 9.239650368690490723e-01 2.684689044952392578e+00 1.227948218584060669e-01
3.892671326420339942e+08 4.335466308593750000e+02 7.078639507293701172e+00 9.256145358085632324e-01 2.407870531082153320e+00 1.163888201117515564e-01
3.892672326420339942e+08 4.218949279785156250e+02 7.005892276763916016e+00 9.269743561744689941e-01 2.591337919235229492e+00 1.205599531531333923e-01
3.892673326420339942e+08 4.247864074707031250e+02 8.404188156127929688e+00 6.414701938629150391e-01 2.267076492309570312e+00 1.357263177633285522e-01
