4.059841309018229842e+08 2.962634887695312500e+02 4.821126937866210938e+00 9.269491434097290039e-01 1.958741188049316406e+00 1.110700294375419617e-01
4.059842309018229842e+08 2.822151489257812500e+02 4.690104484558105469e+00 9.281226992607116699e-01 1.717202305793762207e+00 1.039298102259635925e-01
4.059843309018229842e+08 2.904398803710937500e+02 4.766349792480468750e+00 9.275093674659729004e-01 1.850385427474975586e+00 1.079166755080223083e-01
4.059844309018229842e+08 2.922229309082031250e+02 4.787445545196533203e+00 9.268674850463867188e-01 1.920947313308715820e+00 1.099931299686431885e-01
4.059845309018229842e+08 2.900137939453125000e+02 4.772430896759033203e+00 9.267267584800720215e-01 1.940053820610046387e+00 1.105448231101036072e-01
4.059846309018229842e+08 2.970307006835937500e+02 4.832551479339599609e+00 9.274935126304626465e-01 2.045469999313354492e+00 1.134622618556022644e-01
4.059847309018229842e+08 2.870520629882812500e+02 4.753649711608886719e+00 9.275290369987487793e-01 2.013931512832641602e+00 1.125821992754936218e-01
4.059848309018229842e+08 2.956156921386718750e+02 4.817406177520751953e+00 9.268775582313537598e-01 1.971315622329711914e+00 1.114253476262092590e-01
4.059849309018229842e+08 2.867478027343750000e+02 4.751703739166259766e+00 9.277620911598205566e-01 2.026049613952636719e+00 1.129073277115821838e-01
4.059850309018229842e+08 2.809563903808593750e+02 4.708530902862548828e+00 9.269586205482482910e-01 2.021507501602172852e+00 1.128295436501502991e-01
4.059851309018229842e+08 3.009953613281250000e+02 4.832420825958251953e+00 9.294038414955139160e-01 1.733596086502075195e+00 1.043502241373062134e-01
4.059852309018229842e+08 2.927647399902343750e+02 4.779194355010986328e+00 9.285780787467956543e-01 1.823107361793518066e+00 1.070565506815910339e-01
4.059853309018229842e+08 2.841611938476562500e+02 4.712593555450439453e+00 9.257901906967163086e-01 1.734070062637329102e+00 1.045683547854423523e-01
4.059854309018229842e+08 2.882557373046875000e+02 4.755699157714843750e+00 9.254432916641235352e-01 1.860867619514465332e+00 1.083438992500305176e-01
4.059855309018229842e+08 2.913325500488281250e+02 4.770758628845214844e+00 9.284008145332336426e-01 1.848544955253601074e+00 1.078093275427818298e-01
4.059856309018229842e+08 2.950054931640625000e+02 4.822774887084960938e+00 9.256655573844909668e-01 2.055824995040893555e+00 1.138616129755973816e-01
4.059857309018229842e+08 2.925657043457031250e+02 4.801823139190673828e+00 9.248490929603576660e-01 2.000920057296752930e+00 1.123828664422035217e-01
4.059858309018229842e+08 2.802471008300781250e+02 4.710423946380615234e+00 9.267350435256958008e-01 2.103979825973510742e+00 1.151246577501296997e-01
4.059859309018229842e+08 2.952228088378906250e+02 4.798259735107421875e+00 9.269818067550659180e-01 1.775878548622131348e+00 1.057520285248756409e-01
4.059860309018229842e+08 2.923416137695312500e+02 4.789423465728759766e+00 9.255432486534118652e-01 1.892100214958190918e+00 1.092404574155807495e-01
4.059861309018229842e+08 2.869837036132812500e+02 4.754285335540771484e+00 9.259737133979797363e-01 1.979535341262817383e+00 1.117116436362266541e-01
4.059862309018229842e+08 2.903926086425781250e+02 4.775355815887451172e+00 9.261596798896789551e-01 1.922385573387145996e+00 1.100754737854003906e-01
4.059863309018229842e+08 2.910168762207031250e+02 4.745402812957763672e+00 9.283022880554199219e-01 1.565839290618896484e+00 9.923103451728820801e-02
4.059864309018229842e+08 2.825993041992187500e+02 4.718969821929931641e+00 9.278171062469482422e-01 2.019749641418457031e+00 1.127314344048500061e-01
4.059865309018229842e+08 2.857078552246093750e+02 4.742898941040039062e+00 9.280484914779663086e-01 2.025410413742065430e+00 1.128717064857482910e-01
4.059866309018229842e+08 2.845840454101562500e+02 4.736841678619384766e+00 9.272781014442443848e-01 2.033407211303710938e+00 1.131417974829673767e-01
4.059867309018229842e+08 2.884089355468750000e+02 4.778690814971923828e+00 9.261649250984191895e-01 2.149307012557983398e+00 1.163915023207664490e-01
4.059868309018229842e+08 2.921983947753906250e+02 4.801222801208496094e+00 9.257208108901977539e-01 2.055738687515258789e+00 1.138568297028541565e-01
4.059869309018229842e+08 2.901219482421875000e+02 4.768513679504394531e+00 9.265768527984619141e-01 1.877389430999755859e+00 1.087542548775672913e-01
4.059870309018229842e+08 2.944517211914062500e+02 4.792162895202636719e+00 9.266803264617919922e-01 1.763814568519592285e+00 1.054080873727798462e-01
4.059871309018229842e+08 2.862615661621093750e+02 4.760925292968750000e+00 9.253036975860595703e-01 2.107085704803466797e+00 1.152945980429649353e-01
4.059872309018229842e+08 2.936669921875000000e+02 4.810370445251464844e+00 9.283026456832885742e-01 2.112922191619873047e+00 1.152693554759025574e-01
4.059873309018229842e+08 2.896600646972656250e+02 4.759065151214599609e+00 9.268429279327392578e-01 1.813851833343505859e+00 1.068822443485260010e-01
4.059874309018229842e+08 2.872388916015625000e+02 4.767685413360595703e+00 9.248346090316772461e-01 2.082989454269409180e+00 1.146647930145263672e-01
4.059875309018229842e+08 2.858646850585937500e+02 4.737442493438720703e+00 9.263122081756591797e-01 1.890619516372680664e+00 1.091549694538116455e-01
4.059876309018229842e+08 2.940514831542968750e+02 4.795728206634521484e+00 9.270729422569274902e-01 1.857523679733276367e+00 1.081492081284523010e-01
4.059877309018229842e+08 2.967192077636718750e+02 4.818646907806396484e+00 9.283537268638610840e-01 1.930437684059143066e+00 1.101758927106857300e-01
4.059878309018229842e+08 2.939422912597656250e+02 4.793591022491455078e+00 9.258608818054199219e-01 1.803091287612915039e+00 1.066190227866172791e-01
4.059879309018229842e+08 2.817769775390625000e+02 4.699632167816162109e+00 9.277781248092651367e-01 1.862397670745849609e+00 1.082496643066406250e-01
4.059880309018229842e+08 2.932615966796875000e+02 4.795567512512207031e+00 9.249366521835327148e-01 1.861785531044006348e+00 1.083973497152328491e-01
4.059881309018229842e+08 2.959423217773437500e+02 4.818008422851562500e+00 9.273685812950134277e-01 1.963832855224609375e+00 1.111801415681838989e-01
4.059882309018229842e+08 2.908676757812500000e+02 4.796188831329345703e+00 9.229320287704467773e-01 2.030233621597290039e+00 1.133165881037712097e-01
4.059883309018229842e+08 2.887827453613281250e+02 4.766947269439697266e+00 9.262228608131408691e-01 1.972754597663879395e+00 1.115066781640052795e-01
4.059884309018229842e+08 2.960921325683593750e+02 4.824132442474365234e+00 9.259415268898010254e-01 1.979517459869384766e+00 1.117106378078460693e-01
4.059885309018229842e+08 2.958343811035156250e+02 4.821976661682128906e+00 9.280312657356262207e-01 2.044223785400390625e+00 1.133931353688240051e-01
4.059886309018229842e+08 2.904024963378906250e+02 4.788541316986083984e+00 9.273754358291625977e-01 2.121199846267700195e+00 1.155491173267364502e-01
4.059887309018229842e+08 2.919432067871093750e+02 4.786596775054931641e+00 9.258360266685485840e-01 1.904138684272766113e+00 1.095708683133125305e-01
4.059888309018229842e+08 2.959962158203125000e+02 4.827544689178466797e+00 9.286679625511169434e-01 2.118371725082397461e+00 1.153950542211532593e-01
4.059889309018229842e+08 2.961069641113281250e+02 4.812648773193359375e+00 9.284746050834655762e-01 1.917674541473388672e+00 1.098057255148887634e-01
4.059890309018229842e+08 2.946243896484375000e+02 4.812663078308105469e+00 9.243849515914916992e-01 1.926099658012390137e+00 1.102881431579589844e-01
4.059891309018229842e+08 2.989343566894531250e+02 4.845251083374023438e+00 9.268324375152587891e-01 2.002864122390747070e+00 1.123150438070297241e-01
4.059892309018229842e+08 3.028335571289062500e+02 4.868235588073730469e+00 9.266009926795959473e-01 1.915287852287292480e+00 1.098492965102195740e-01
4.059893309018229842e+08 2.887387390136718750e+02 4.759956359863281250e+00 9.273271560668945312e-01 1.926261782646179199e+00 1.101170554757118225e-01
4.059894309018229842e+08 2.927567749023437500e+02 4.788650512695312500e+00 9.275385737419128418e-01 1.906897544860839844e+00 1.095484048128128052e-01
4.059895309018229842e+08 2.899821472167968750e+02 4.769502639770507812e+00 9.239372611045837402e-01 1.819641947746276855e+00 1.072234287858009338e-01
4.059896309018229842e+08 2.939245605468750000e+02 4.798501014709472656e+00 9.255273342132568359e-01 1.854346632957458496e+00 1.081476956605911255e-01
4.059897309018229842e+08 2.968764953613281250e+02 4.833202362060546875e+00 9.253796339035034180e-01 1.999808907508850098e+00 1.123204603791236877e-01
4.059898309018229842e+08 2.845568847656250000e+02 4.727694511413574219e+00 9.253997206687927246e-01 1.867114186286926270e+00 1.085238084197044373e-01
4.059899309018229842e+08 2.976741027832031250e+02 4.837048530578613281e+00 9.250700473785400391e-01 1.962497353553771973e+00 1.112830191850662231e-01
4.059900309018229842e+08 2.901462707519531250e+02 4.778533458709716797e+00 9.263793230056762695e-01 1.991224050521850586e+00 1.120151057839393616e-01
4.059901309018229842e+08 2.898406372070312500e+02 4.794131755828857422e+00 9.247384071350097656e-01 2.158772468566894531e+00 1.167330443859100342e-01
4.059902309018229842e+08 2.903637390136718750e+02 4.778899669647216797e+00 9.268537759780883789e-01 1.990243196487426758e+00 1.119599267840385437e-01
4.059903309018229842e+08 2.948007812500000000e+02 4.818820953369140625e+00 9.279965758323669434e-01 2.101043224334716797e+00 1.149639636278152466e-01
4.059904309018229842e+08 2.873986816406250000e+02 4.758800029754638672e+00 9.256820082664489746e-01 1.986400485038757324e+00 1.119209900498390198e-01
4.059905309018229842e+08 2.907922973632812500e+02 4.788249969482421875e+00 9.268901348114013672e-01 2.065677165985107422e+00 1.140579357743263245e-01
4.059906309018229842e+08 2.964762573242187500e+02 4.807221412658691406e+00 9.290578961372375488e-01 1.834709644317626953e+00 1.073682606220245361e-01
4.059907309018229842e+08 2.923661193847656250e+02 4.795991897583007812e+00 9.278844594955444336e-01 2.044622182846069336e+00 1.134152263402938843e-01
4.059908309018229842e+08 2.937635192871093750e+02 5.492124557495117188e+00 7.070232033729553223e-01 1.890729546546936035e+00 1.249429211020469666e-01
4.059909309018229842e+08 2.949378967285156250e+02 5.033668518066406250e+00 8.406032919883728027e-01 1.743097901344299316e+00 1.100233644247055054e-01
4.059910309018229842e+08 2.860308532714843750e+02 4.755484104156494141e+00 9.258865118026733398e-01 2.080739736557006836e+00 1.145409494638442993e-01
4.059911309018229842e+08 2.981268615722656250e+02 4.828020095825195312e+00 9.268013238906860352e-01 1.864335060119628906e+00 1.083622723817825317e-01
4.059912309018229842e+08 2.909661560058593750e+02 4.763014316558837891e+00 9.288897514343261719e-01 1.803617358207702637e+00 1.064641699194908142e-01
4.059913309018229842e+08 2.936895751953125000e+02 4.805051326751708984e+00 9.269625544548034668e-01 2.002544879913330078e+00 1.122971475124359131e-01
4.059914309018229842e+08 2.873265380859375000e+02 4.762123107910156250e+00 9.282190203666687012e-01 2.113086223602294922e+00 1.152783036231994629e-01
4.059915309018229842e+08 2.898890686035156250e+02 4.772728919982910156e+00 9.260865449905395508e-01 1.935243964195251465e+00 1.104502081871032715e-01
4.059916309018229842e+08 2.871335754394531250e+02 4.759070396423339844e+00 9.254096746444702148e-01 2.006033658981323242e+00 1.124927848577499390e-01
4.059917309018229842e+08 2.913559875488281250e+02 4.792291641235351562e+00 9.279146790504455566e-01 2.094887018203735352e+00 1.147991046309471130e-01
4.059918309018229842e+08 2.867556457519531250e+02 4.767708778381347656e+00 9.281508326530456543e-01 2.232696771621704102e+00 1.184992417693138123e-01
4.059919309018229842e+08 2.945802001953125000e+02 4.807284832000732422e+00 9.275019764900207520e-01 1.963665127754211426e+00 1.111706420779228210e-01
4.059920309018229842e+08 2.903229675292968750e+02 4.776783466339111328e+00 9.278819561004638672e-01 2.000611066818237305e+00 1.121886968612670898e-01
4.059921309018229842e+08 2.810235900878906250e+02 4.700776576995849609e+00 9.267241358757019043e-01 1.914677143096923828e+00 1.098142638802528381e-01
4.059922309018229842e+08 2.908710937500000000e+02 4.782608509063720703e+00 9.263520240783691406e-01 1.972219228744506836e+00 1.114764213562011719e-01
4.059923309018229842e+08 2.960733337402343750e+02 5.784348487854003906e+00 6.426491141319274902e-01 1.917012214660644531e+00 1.319725662469863892e-01
