4.061565299316409826e+08 2.338487243652343750e+02 3.753457307815551758e+00 9.276024699211120605e-01 1.109290421009063721e-01 2.420670166611671448e-02
4.061566299316409826e+08 2.424191589355468750e+02 3.822069406509399414e+00 9.254390597343444824e-01 5.293390527367591858e-02 1.673917099833488464e-02
4.061567299316409826e+08 2.400739746093750000e+02 3.805793762207031250e+00 9.256904721260070801e-01 9.508439898490905762e-02 2.241160720586776733e-02
4.061568299316409826e+08 2.348186340332031250e+02 3.757890939712524414e+00 9.283810853958129883e-01 8.448567241430282593e-02 2.112141810357570648e-02
4.061569299316409826e+08 2.379910736083984375e+02 3.782957315444946289e+00 9.274508357048034668e-01 5.297064781188964844e-02 1.675079017877578735e-02
4.061570299316409826e+08 2.330787048339843750e+02 3.745024204254150391e+00 9.271804094314575195e-01 6.350602954626083374e-02 1.833261176943778992e-02
4.061571299316409826e+08 2.332290649414062500e+02 3.743673086166381836e+00 9.286147952079772949e-01 6.864076107740402222e-02 1.903752237558364868e-02
4.061572299316409826e+08 2.388172454833984375e+02 3.790062189102172852e+00 9.275122880935668945e-01 6.344510614871978760e-02 1.831502467393875122e-02
4.061573299316409826e+08 2.282128753662109375e+02 3.709245920181274414e+00 9.263490438461303711e-01 9.004030376672744751e-02 2.183798141777515411e-02
4.061574299316409826e+08 2.358312835693359375e+02 3.766659736633300781e+00 9.276959300041198730e-01 7.392288744449615479e-02 1.975672319531440735e-02
4.061575299316409826e+08 2.428799743652343750e+02 3.822805881500244141e+00 9.278240799903869629e-01 8.441023528575897217e-02 2.110255882143974304e-02
4.061576299316409826e+08 2.403396759033203125e+02 3.804976463317871094e+00 9.274459481239318848e-01 1.057148799300193787e-01 2.363856509327888489e-02
4.061577299316409826e+08 2.382961883544921875e+02 3.787897825241088867e+00 9.263845086097717285e-01 5.822590366005897522e-02 1.755577139556407928e-02
4.061578299316409826e+08 2.350157012939453125e+02 3.759692192077636719e+00 9.284358620643615723e-01 8.967518061399459839e-02 2.174942567944526672e-02
4.061579299316409826e+08 2.334269409179687500e+02 3.748794078826904297e+00 9.277225136756896973e-01 9.501537680625915527e-02 2.239534072577953339e-02
4.061580299316409826e+08 2.325724792480468750e+02 3.744036912918090820e+00 9.263424277305603027e-01 8.442411571741104126e-02 2.110602892935276031e-02
4.061581299316409826e+08 2.265278167724609375e+02 3.691404342651367188e+00 9.280770421028137207e-01 7.919438928365707397e-02 2.044790238142013550e-02
4.061582299316409826e+08 2.338929901123046875e+02 3.752794504165649414e+00 9.265682697296142578e-01 6.365164369344711304e-02 1.837464794516563416e-02
4.061583299316409826e+08 2.374635620117187500e+02 3.780281305313110352e+00 9.267031550407409668e-01 5.277445912361145020e-02 1.668874919414520264e-02
4.061584299316409826e+08 2.340869140625000000e+02 3.751444101333618164e+00 9.278229475021362305e-01 5.813340842723846436e-02 1.752788200974464417e-02
4.061585299316409826e+08 2.338039855957031250e+02 3.750387191772460938e+00 9.273999333381652832e-01 6.346856802701950073e-02 1.832179725170135498e-02
4.061586299316409826e+08 2.314047241210937500e+02 3.739499092102050781e+00 9.234316945075988770e-01 6.879616528749465942e-02 1.908062398433685303e-02
4.061587299316409826e+08 2.328762969970703125e+02 3.749054193496704102e+00 9.261037707328796387e-01 1.162197440862655640e-01 2.477813325822353363e-02
4.061588299316409826e+08 2.367914581298828125e+02 3.776925325393676758e+00 9.275942444801330566e-01 1.109233200550079346e-01 2.420545183122158051e-02
4.061589299316409826e+08 2.363852844238281250e+02 3.772579908370971680e+00 9.261018633842468262e-01 4.744836315512657166e-02 1.581612043082714081e-02
4.061590299316409826e+08 2.325376129150390625e+02 3.744460344314575195e+00 9.259997606277465820e-01 8.458359539508819580e-02 2.114589884877204895e-02
4.061591299316409826e+08 2.295050201416015625e+02 3.717634201049804688e+00 9.259698987007141113e-01 4.753325134515762329e-02 1.584441773593425751e-02
4.061592299316409826e+08 2.317490844726562500e+02 3.737274646759033203e+00 9.267582297325134277e-01 9.486193209886550903e-02 2.235917188227176666e-02
4.061593299316409826e+08 2.310375366210937500e+02 3.732878446578979492e+00 9.248933196067810059e-01 5.814336240291595459e-02 1.753088273108005524e-02
4.061594299316409826e+08 2.317143859863281250e+02 3.734406471252441406e+00 9.273598194122314453e-01 7.402844727039337158e-02 1.978493295609951019e-02
4.061595299316409826e+08 2.308177337646484375e+02 3.724878787994384766e+00 9.278161525726318359e-01 5.292570590972900391e-02 1.673657819628715515e-02
4.061596299316409826e+08 2.289990386962890625e+02 3.713349342346191406e+00 9.269370436668395996e-01 7.378369569778442383e-02 1.971952058374881744e-02
4.061597299316409826e+08 2.284463958740234375e+02 3.707499027252197266e+00 9.286944270133972168e-01 1.058493703603744507e-01 2.366863936185836792e-02
4.061598299316409826e+08 2.308124237060546875e+02 3.725666046142578125e+00 9.280925393104553223e-01 7.383888214826583862e-02 1.973427087068557739e-02
4.061599299316409826e+08 2.245177459716796875e+02 3.680076122283935547e+00 9.253566265106201172e-01 7.384526729583740234e-02 1.973597891628742218e-02
4.061600299316409826e+08 2.301058349609375000e+02 3.720368146896362305e+00 9.275496006011962891e-01 6.336799263954162598e-02 1.829276420176029205e-02
4.061601299316409826e+08 2.288315887451171875e+02 3.713316202163696289e+00 9.266399741172790527e-01 8.470289409160614014e-02 2.117572352290153503e-02
4.061602299316409826e+08 2.310303497314453125e+02 3.729151725769042969e+00 9.279403090476989746e-01 9.539408981800079346e-02 2.248460240662097931e-02
4.061603299316409826e+08 2.315446166992187500e+02 3.732921361923217773e+00 9.270732402801513672e-01 6.348418444395065308e-02 1.832630485296249390e-02
4.061604299316409826e+08 2.355709533691406250e+02 3.767909288406372070e+00 9.270823597908020020e-01 1.056289523839950562e-01 2.361935004591941833e-02
4.061605299316409826e+08 2.296141357421875000e+02 3.713784456253051758e+00 9.286824464797973633e-01 5.812240764498710632e-02 1.752456463873386383e-02
4.061606299316409826e+08 2.259799652099609375e+02 3.689941883087158203e+00 9.267563819885253906e-01 8.464902639389038086e-02 2.116225659847259521e-02
4.061607299316409826e+08 2.342474975585937500e+02 3.756736755371093750e+00 9.263620376586914062e-01 7.410562783479690552e-02 1.980556175112724304e-02
4.061608299316409826e+08 2.321442718505859375e+02 3.738385915756225586e+00 9.270887374877929688e-01 7.371591031551361084e-02 1.970140635967254639e-02
4.061609299316409826e+08 2.345332641601562500e+02 3.757374048233032227e+00 9.270071983337402344e-01 6.894396245479583740e-02 1.912161335349082947e-02
4.061610299316409826e+08 2.304946289062500000e+02 3.732940196990966797e+00 9.244381189346313477e-01 1.112324073910713196e-01 2.427290193736553192e-02
4.061611299316409826e+08 2.376983032226562500e+02 3.784217834472656250e+00 9.260274171829223633e-01 6.336963176727294922e-02 1.829323545098304749e-02
4.061612299316409826e+08 2.311168518066406250e+02 3.733895063400268555e+00 9.259188771247863770e-01 9.506245702505111694e-02 2.240643464028835297e-02
4.061613299316409826e+08 2.311337432861328125e+02 3.730192422866821289e+00 9.276513457298278809e-01 8.977042883634567261e-02 2.177252620458602905e-02
4.061614299316409826e+08 2.311187591552734375e+02 3.732241392135620117e+00 9.255319237709045410e-01 5.809091031551361084e-02 1.751506887376308441e-02
4.061615299316409826e+08 2.305998077392578125e+02 3.724279880523681641e+00 9.281052947044372559e-01 7.913962751626968384e-02 2.043376490473747253e-02
4.061616299316409826e+08 2.307266845703125000e+02 3.724475383758544922e+00 9.278241395950317383e-01 5.814739316701889038e-02 1.753209903836250305e-02
4.061617299316409826e+08 2.257165069580078125e+02 3.683266639709472656e+00 9.283209443092346191e-01 6.341446936130523682e-02 1.830618083477020264e-02
4.061618299316409826e+08 2.267454833984375000e+02 3.692023038864135742e+00 9.286568164825439453e-01 7.924886047840118408e-02 2.046196907758712769e-02
4.061619299316409826e+08 2.332946014404296875e+02 3.747506618499755859e+00 9.268034696578979492e-01 6.335528939962387085e-02 1.828909665346145630e-02
4.061620299316409826e+08 2.330983734130859375e+02 3.745916843414306641e+00 9.269869327545166016e-01 6.872397661209106445e-02 1.906060241162776947e-02
4.061621299316409826e+08 2.315082855224609375e+02 3.730109214782714844e+00 9.286677241325378418e-01 7.386223226785659790e-02 1.974051073193550110e-02
4.061622299316409826e+08 2.244124755859375000e+02 3.674253702163696289e+00 9.283961057662963867e-01 8.972611278295516968e-02 2.176177874207496643e-02
4.061623299316409826e+08 2.241970672607421875e+02 3.672202825546264648e+00 9.285434484481811523e-01 8.970499038696289062e-02 2.175665460526943207e-02
4.061624299316409826e+08 2.317119140625000000e+02 3.739125251770019531e+00 9.265590310096740723e-01 1.213020458817481995e-01 2.529322542250156403e-02
4.061625299316409826e+08 2.257278137207031250e+02 3.689416408538818359e+00 9.254484772682189941e-01 6.856933981180191040e-02 1.901771314442157745e-02
4.061626299316409826e+08 2.167531585693359375e+02 3.609710693359375000e+00 9.280576705932617188e-01 5.804919824004173279e-02 1.750249229371547699e-02
4.061627299316409826e+08 2.284713439941406250e+02 3.712267637252807617e+00 9.264079928398132324e-01 1.057589873671531677e-01 2.364842966198921204e-02
4.061628299316409826e+08 2.303769836425781250e+02 3.727219104766845703e+00 9.261063337326049805e-01 8.997579663991928101e-02 2.182233519852161407e-02
4.061629299316409826e+08 2.277379760742187500e+02 3.701192617416381836e+00 9.270391464233398438e-01 4.768314212560653687e-02 1.589437946677207947e-02
4.061630299316409826e+08 2.237648620605468750e+02 3.669422388076782227e+00 9.270890951156616211e-01 5.808168649673461914e-02 1.751228794455528259e-02
4.061631299316409826e+08 2.301233978271484375e+02 3.724881410598754883e+00 9.267719388008117676e-01 1.057406216859817505e-01 2.364432252943515778e-02
4.061632299316409826e+08 2.270425872802734375e+02 3.694593429565429688e+00 9.280471801757812500e-01 6.346065551042556763e-02 1.831951364874839783e-02
4.061633299316409826e+08 2.265817565917968750e+02 3.690692901611328125e+00 9.275939464569091797e-01 4.761713370680809021e-02 1.587237790226936340e-02
4.061634299316409826e+08 2.273761749267578125e+02 3.759785890579223633e+00 8.985608220100402832e-01 9.756283462047576904e-02 2.299578115344047546e-02
4.061635299316409826e+08 2.236299743652343750e+02 4.358523845672607422e+00 6.573048830032348633e-01 8.258016407489776611e-02 2.489885687828063965e-02
4.061636299316409826e+08 2.216473388671875000e+02 3.653738975524902344e+00 9.267838597297668457e-01 7.408057898283004761e-02 1.979886740446090698e-02
4.061637299316409826e+08 2.208838348388671875e+02 3.643307447433471680e+00 9.283434748649597168e-01 5.804418399930000305e-02 1.750097982585430145e-02
4.061638299316409826e+08 2.185124053955078125e+02 3.628880500793457031e+00 9.264549612998962402e-01 7.932502776384353638e-02 2.048163488507270813e-02
4.061639299316409826e+08 2.255200347900390625e+02 3.685893774032592773e+00 9.269143342971801758e-01 8.481828868389129639e-02 2.120457217097282410e-02
4.061640299316409826e+08 2.214731597900390625e+02 3.648605346679687500e+00 9.290242791175842285e-01 8.451800048351287842e-02 2.112950012087821960e-02
4.061641299316409826e+08 2.222920989990234375e+02 3.661496400833129883e+00 9.266178607940673828e-01 1.056957617402076721e-01 2.363429032266139984e-02
4.061642299316409826e+08 2.235267181396484375e+02 3.669125318527221680e+00 9.273395538330078125e-01 8.999209105968475342e-02 2.182628773152828217e-02
4.061643299316409826e+08 2.231365203857421875e+02 3.669973373413085938e+00 9.267368316650390625e-01 1.323087960481643677e-01 2.646175958216190338e-02
4.061644299316409826e+08 2.247358245849609375e+02 3.678222656250000000e+00 9.262980222702026367e-01 4.758562520146369934e-02 1.586187444627285004e-02
4.061645299316409826e+08 2.270976562500000000e+02 3.697842359542846680e+00 9.273452758789062500e-01 8.448655158281326294e-02 2.112163789570331573e-02
4.061646299316409826e+08 2.168178405761718750e+02 3.614406585693359375e+00 9.261139631271362305e-01 6.348644196987152100e-02 1.832695677876472473e-02
4.061647299316409826e+08 2.238768157958984375e+02 4.400840282440185547e+00 6.452751159667968750e-01 7.582913339138031006e-02 2.397927828133106232e-02
