422016071.9610980153083801	153.7379913330078125	2.7338056564331055	0.9293893575668335	0.0933889374136925	0.0352977029979229
422016171.9610980153083801	153.5894622802734375	2.7421998977661133	0.9275289773941040	0.1737388819456100	0.0481864959001541
422016271.9610980153083801	159.1708068847656250	2.7823984622955322	0.9294854402542114	0.1066915169358253	0.0377211496233940
422016371.9610980153083801	159.4661254882812500	2.7904679775238037	0.9273475408554077	0.1336719542741776	0.0422707833349705
422016471.9610980153083801	152.6540069580078125	2.7328617572784424	0.9290235638618469	0.1868011355400085	0.0499247051775455
422016571.9610980153083801	154.6438903808593750	2.7559311389923096	0.9284078478813171	0.2403341382741928	0.0566473007202148
422016671.9610980153083801	160.2501831054687500	3.1229715347290039	0.7469521760940552	0.1990374624729156	0.0574571676552296
422016771.9610980153083801	154.1966552734375000	2.9405794143676758	0.8079394698143005	0.1380803734064102	0.0460267886519432
422016871.9610980153083801	nan	nan	0.0000000000000000	nan	nan
422016971.9610980153083801	nan	nan	0.0000000000000000	nan	nan
422017071.9610980153083801	158.9416809082031250	2.7908537387847900	0.9285880923271179	0.2135903239250183	0.0533975809812546
422017171.9610980153083801	150.7996826171875000	2.7170269489288330	0.9301787614822388	0.2132203876972198	0.0533050969243050
422017271.9610980153083801	160.8070678710937500	2.8027989864349365	0.9268761277198792	0.1337406337261200	0.0422925017774105
422017371.9610980153083801	162.5171661376953125	2.8154659271240234	0.9297033548355103	0.1599978953599930	0.0461874157190323
422017471.9610980153083801	153.9167175292968750	2.7414970397949219	0.9299339652061462	0.1732904165983200	0.0480621121823788
422017571.9610980153083801	158.3864593505859375	2.7762947082519531	0.9297669529914856	0.1199914813041687	0.0399971604347229
422017671.9610980153083801	156.4821929931640625	2.7616040706634521	0.9292451739311218	0.1333983093500137	0.0421842522919178
422017771.9610980153083801	158.1427612304687500	2.7721326351165771	0.9288479089736938	0.0800729244947433	0.0326896347105503
422017871.9610980153083801	157.4260864257812500	2.7748084068298340	0.9259557127952576	0.1338735222816467	0.0423345267772675
422017971.9610980153083801	154.6989440917968750	2.7518916130065918	0.9283554553985596	0.1869392246007919	0.0499616079032421
422018071.9610980153083801	157.7229309082031250	2.7748303413391113	0.9284162521362305	0.1468701213598251	0.0442830100655556
422018171.9610980153083801	155.5525665283203125	2.7610173225402832	0.9265062808990479	0.1739342212677002	0.0482406727969646
422018271.9610980153083801	153.7761230468750000	2.7437338829040527	0.9283778071403503	0.1869338750839233	0.0499601773917675
422018371.9610980153083801	157.7911224365234375	2.7781362533569336	0.9273774027824402	0.1604026257991791	0.0463042519986629
422018471.9610980153083801	158.6505889892578125	2.7840662002563477	0.9306454062461853	0.1997124403715134	0.0515655279159546
422018571.9610980153083801	nan	nan	0.0000000000000000	nan	nan
422018671.9610980153083801	nan	nan	0.0000000000000000	nan	nan
422018771.9610980153083801	nan	nan	0.0000000000000000	nan	nan
422018871.9610980153083801	nan	nan	0.0000000000000000	nan	nan
422018971.9610980153083801	nan	nan	0.0000000000000000	nan	nan
422019071.9610980153083801	nan	nan	0.0000000000000000	nan	nan
422019171.9610980153083801	nan	nan	0.0000000000000000	nan	nan
422019271.9610980153083801	nan	nan	0.0000000000000000	nan	nan
422019371.9610980153083801	nan	nan	0.0000000000000000	nan	nan
422019471.9610980153083801	nan	nan	0.0000000000000000	nan	nan
422019571.9610980153083801	nan	nan	0.0000000000000000	nan	nan
422019671.9610980153083801	nan	nan	0.0000000000000000	nan	nan
422019771.9610980153083801	nan	nan	0.0000000000000000	nan	nan
422019871.9610980153083801	nan	nan	0.0000000000000000	nan	nan
422019971.9610980153083801	nan	nan	0.0000000000000000	nan	nan
422020071.9610980153083801	nan	nan	0.0000000000000000	nan	nan
422020171.9610980153083801	nan	nan	0.0000000000000000	nan	nan
422020271.9610980153083801	nan	nan	0.0000000000000000	nan	nan
422020371.9610980153083801	nan	nan	0.0000000000000000	nan	nan
422020471.9610980153083801	nan	nan	0.0000000000000000	nan	nan
422020571.9610980153083801	nan	nan	0.0000000000000000	nan	nan
422020671.9610980153083801	nan	nan	0.0000000000000000	nan	nan
422020771.9610980153083801	nan	nan	0.0000000000000000	nan	nan
422020871.9610980153083801	nan	nan	0.0000000000000000	nan	nan
422020971.9610980153083801	nan	nan	0.0000000000000000	nan	nan
422021071.9610980153083801	nan	nan	0.0000000000000000	nan	nan
422021171.9610980153083801	nan	nan	0.0000000000000000	nan	nan
422021271.9610980153083801	nan	nan	0.0000000000000000	nan	nan
422021371.9610980153083801	nan	nan	0.0000000000000000	nan	nan
422021471.9610980153083801	nan	nan	0.0000000000000000	nan	nan
422021571.9610980153083801	nan	nan	0.0000000000000000	nan	nan
422021671.9610980153083801	nan	nan	0.0000000000000000	nan	nan
422021771.9610980153083801	nan	nan	0.0000000000000000	nan	nan
422021871.9610980153083801	nan	nan	0.0000000000000000	nan	nan
422021971.9610980153083801	158.4861907958984375	2.7896785736083984	0.9275074601173401	0.2271155714988708	0.0550836138427258
422022071.9610980153083801	nan	nan	0.0000000000000000	nan	nan
422022171.9610980153083801	nan	nan	0.0000000000000000	nan	nan
422022271.9610980153083801	nan	nan	0.0000000000000000	nan	nan
422022371.9610980153083801	nan	nan	0.0000000000000000	nan	nan
422022471.9610980153083801	165.2611999511718750	2.8376548290252686	0.9290719628334045	0.1334236264228821	0.0421922542154789
422022571.9610980153083801	158.8110504150390625	2.7852170467376709	0.9300557971000671	0.1865145713090897	0.0498481169342995
422022671.9610980153083801	nan	nan	0.0000000000000000	nan	nan
422022771.9610980153083801	166.5625305175781250	2.8486847877502441	0.9290934801101685	0.1334214657545090	0.0421915724873543
422022871.9610980153083801	161.2245330810546875	2.8094205856323242	0.9285996556282043	0.2002363055944443	0.0517007894814014
422022971.9610980153083801	163.5914916992187500	2.8251898288726807	0.9293630719184875	0.1600562334060669	0.0462042540311813
422023071.9610980153083801	159.1100769042968750	2.7905204296112061	0.9275260567665100	0.1737384498119354	0.0481863766908646
422023171.9610980153083801	157.9452056884765625	2.7749950885772705	0.9273152947425842	0.1068996042013168	0.0377947166562080
422023271.9610980153083801	nan	nan	0.0000000000000000	nan	nan
422023371.9610980153083801	nan	nan	0.0000000000000000	nan	nan
422023471.9610980153083801	nan	nan	0.0000000000000000	nan	nan
422023571.9610980153083801	157.0682067871093750	2.7701792716979980	0.9277110695838928	0.1469829380512238	0.0443170219659805
422023671.9610980153083801	159.7653350830078125	2.7931385040283203	0.9272976517677307	0.1336762905120850	0.0422721542418003
422023771.9610980153083801	166.3835906982421875	2.8537631034851074	0.9284198880195618	0.2002781927585602	0.0517116039991379
422023871.9610980153083801	162.0253448486328125	2.8201062679290771	0.9297767281532288	0.2666420340538025	0.0596229694783688
422023971.9610980153083801	159.5282745361328125	2.7926588058471680	0.9292501807212830	0.1867574304342270	0.0499130226671696
422024071.9610980153083801	167.4219360351562500	2.8567063808441162	0.9286165237426758	0.1334910690784454	0.0422135852277279
422024171.9610980153083801	163.7927093505859375	2.8250365257263184	0.9276616573333740	0.1069002822041512	0.0377949588000774
422024271.9610980153083801	161.0448760986328125	2.8063383102416992	0.9288659095764160	0.1868340671062469	0.0499335043132305
422024371.9610980153083801	169.0791473388671875	2.8760795593261719	0.9272927641868591	0.1737849712371826	0.0481992773711681
422024471.9610980153083801	162.6040496826171875	2.8154063224792480	0.9280238151550293	0.1202168911695480	0.0400722958147526
422024571.9610980153083801	164.6604003906250000	2.8388090133666992	0.9293419122695923	0.2134172469377518	0.0533543117344379
422024671.9610980153083801	163.2952423095703125	2.8222625255584717	0.9281554818153381	0.1335547715425491	0.0422337278723717
422024771.9610980153083801	162.2315521240234375	2.8130955696105957	0.9289146065711975	0.1467922031879425	0.0442595146596432
422024871.9610980153083801	164.5797882080078125	2.8395280838012695	0.9284331798553467	0.2136232703924179	0.0534058175981045
422024971.9610980153083801	168.6172790527343750	2.8808174133300781	0.9267223477363586	0.2675239145755768	0.0598201677203178
422025071.9610980153083801	168.3066101074218750	2.8658413887023926	0.9296813607215881	0.1733378767967224	0.0480752773582935
422025171.9610980153083801	171.0594329833984375	2.8889422416687012	0.9296863079071045	0.1733343303203583	0.0480742901563644
422025271.9610980153083801	166.2765960693359375	2.8506693840026855	0.9298279285430908	0.1999710053205490	0.0516322925686836
422025371.9610980153083801	168.5778656005859375	2.8719851970672607	0.9293259978294373	0.2134191095829010	0.0533547773957253
422025471.9610980153083801	168.2910003662109375	2.8672382831573486	0.9287000894546509	0.1735202074050903	0.0481258444488049
422025571.9610980153083801	166.4559326171875000	2.8448917865753174	0.9288034439086914	0.0934229269623756	0.0353105477988720
422025671.9610980153083801	170.2633056640625000	3.4651412963867188	0.6404190659523010	0.0967267155647278	0.0432575009763241
