5.7889461924e+08 1.8057519531e+02 2.7348592281e+00
5.7889471924e+08 1.8029315186e+02 2.7421629429e+00
5.7889481924e+08 1.7940786743e+02 2.7187142372e+00
5.7889491924e+08 1.7907458496e+02 2.7208828926e+00
5.7889501924e+08 1.8316036987e+02 2.7445323467e+00
5.7889511924e+08 1.7751890564e+02 2.7044105530e+00
5.7889521924e+08 1.8746615601e+02 2.7857487202e+00
5.7889531924e+08 1.7868753052e+02 2.7134118080e+00
5.7889541924e+08 1.8086981201e+02 2.7346210480e+00
5.7889551924e+08 1.8156193542e+02 2.7491238117e+00
5.7889561924e+08 1.8121578979e+02 2.7370383739e+00
5.7889571924e+08 1.8130763245e+02 2.7374889851e+00
5.7889581924e+08 1.7992916870e+02 2.7275784016e+00
5.7889591924e+08 1.7937808228e+02 2.7305152416e+00
5.7889601924e+08 1.8067848206e+02 2.7329781055e+00
5.7889611924e+08 1.8454975891e+02 2.7548561096e+00
5.7889621924e+08 1.8133009338e+02 2.7378280163e+00
5.7889631924e+08 1.7836517334e+02 2.7157521248e+00
5.7889641924e+08 1.8199665833e+02 2.7407083511e+00
5.7889651924e+08 1.8315274048e+02 2.7515828609e+00
5.7889661924e+08 1.7549661255e+02 2.6940226555e+00
5.7889671924e+08 1.7209117126e+02 2.6775703430e+00
5.7889681924e+08 1.8168029785e+02 2.7428033352e+00
5.7889691924e+08 1.8668302917e+02 2.7753262520e+00
5.7889701924e+08 1.7821986389e+02 2.7245607376e+00
5.7889711924e+08 1.7645733643e+02 2.7084221840e+00
5.7889721924e+08 1.8006291199e+02 2.7330534458e+00
5.7889731924e+08 1.8212332153e+02 2.7413728237e+00
5.7889741924e+08 1.7704002380e+02 2.7179439068e+00
5.7889751924e+08 1.7579879761e+02 2.6913547516e+00
5.7889761924e+08 1.7943507385e+02 2.7238461971e+00
5.7889771924e+08 1.8435618591e+02 2.7628135681e+00
5.7889781924e+08 1.8111634827e+02 2.7455253601e+00
5.7889791924e+08 1.7933479309e+02 2.7254655361e+00
5.7889801924e+08 1.7855436707e+02 2.7224123478e+00
5.7889811924e+08 1.8202046204e+02 2.7547714710e+00
5.7889821924e+08 1.7769285583e+02 2.7366175652e+00
5.7889831924e+08 1.8159922791e+02 2.7422041893e+00
5.7889841924e+08 1.8224421692e+02 2.7397637367e+00
5.7889851924e+08 1.8369607544e+02 2.7460594177e+00
5.7889861924e+08 1.8302059937e+02 2.7458560467e+00
5.7889871924e+08 1.7605328369e+02 2.7006583214e+00
5.7889881924e+08 1.8067002869e+02 2.7378573418e+00
5.7889891924e+08 1.7676290894e+02 2.7013864517e+00
5.7889901924e+08 1.7923063660e+02 2.7295355797e+00
5.7889911924e+08 1.8049905396e+02 2.7390258312e+00
5.7889921924e+08 1.7717401123e+02 2.6969079971e+00
5.7889931924e+08 1.7824693298e+02 2.7123725414e+00
5.7889941924e+08 1.8077772522e+02 2.7407317162e+00
5.7889951924e+08 1.8602542114e+02 2.7800147533e+00
5.7889961924e+08 1.7873872375e+02 2.7211239338e+00
5.7889971924e+08 1.7971290588e+02 2.7208387852e+00
5.7889981924e+08 1.7732716370e+02 2.7248251438e+00
5.7889991924e+08 1.8061553955e+02 2.7323384285e+00
5.7890001924e+08 1.8172294617e+02 2.7431347370e+00
5.7890011924e+08 1.8307685852e+02 2.7535524368e+00
5.7890021924e+08 1.8203555298e+02 2.7359831333e+00
5.7890031924e+08 1.7876483154e+02 2.7161686420e+00
5.7890041924e+08 1.8165101624e+02 2.7379877567e+00
5.7890051924e+08 1.8121034241e+02 2.7350764275e+00
5.7890061924e+08 1.7952124023e+02 2.7292358875e+00
5.7890071924e+08 1.7781837463e+02 2.7045574188e+00
5.7890081924e+08 1.7907440186e+02 2.7183630466e+00
5.7890091924e+08 1.8141921997e+02 2.7435469627e+00
5.7890101924e+08 1.8209553528e+02 2.7509293556e+00
5.7890111924e+08 1.7996054077e+02 2.7252292633e+00
5.7890121924e+08 1.8125944519e+02 2.7420713902e+00
5.7890131924e+08 1.7717326355e+02 2.7041864395e+00
5.7890141924e+08 1.7960244751e+02 2.7254452705e+00
5.7890151924e+08 1.7803147888e+02 2.7226350307e+00
5.7890161924e+08 1.7897358704e+02 2.7177722454e+00
5.7890171924e+08 1.7958728027e+02 2.7296094894e+00
5.7890181924e+08 1.8004840088e+02 2.7331480980e+00
5.7890191924e+08 1.7704797363e+02 2.6984641552e+00
5.7890201924e+08 1.8124191284e+02 2.7418062687e+00
5.7890211924e+08 1.8222442627e+02 2.7472641468e+00
5.7890221924e+08 1.8085580444e+02 2.7319042683e+00
5.7890231924e+08 1.8796885681e+02 2.7778387070e+00
5.7890241924e+08 1.7760795593e+02 2.7098824978e+00
5.7890251924e+08 1.7845367432e+02 2.7114241123e+00
5.7890261924e+08 1.7920700073e+02 2.7366988659e+00
5.7890271924e+08 1.7775483704e+02 2.7133862972e+00
5.7890281924e+08 1.8408938599e+02 2.7538449764e+00
5.7890291924e+08 1.7980426025e+02 2.7168748379e+00
5.7890301924e+08 1.8173606873e+02 2.7339534760e+00
5.7890311924e+08 1.8070541382e+02 2.7305672169e+00
5.7890321924e+08 1.7702253723e+02 2.7078919411e+00
5.7890331924e+08 1.7871984863e+02 2.7233533859e+00
5.7890341924e+08 1.7654519653e+02 2.7069213390e+00
5.7890351924e+08 1.7618226624e+02 2.6991474628e+00
5.7890361924e+08 1.8232122803e+02 2.7381129265e+00
5.7890371924e+08 1.8117897034e+02 2.7342913151e+00
5.7890381924e+08 1.8043370056e+02 2.7242434025e+00
5.7890391924e+08 1.8114479065e+02 2.7387788296e+00
5.7890401924e+08 1.8504000854e+02 2.7584888935e+00
5.7890411924e+08 1.7813470459e+02 2.7213778496e+00
5.7890421924e+08 1.7859558105e+02 2.7173714638e+00
5.7890431924e+08 1.8215197754e+02 2.7343046665e+00
5.7890441924e+08 1.7829243469e+02 2.7054827213e+00
5.7890451924e+08 1.8053605652e+02 2.7295665741e+00
5.7890461924e+08 1.8031277466e+02 2.7277498245e+00
5.7890471924e+08 1.7959231567e+02 2.7174310684e+00
5.7890481924e+08 1.7752770996e+02 2.7020125389e+00
5.7890491924e+08 1.7880218506e+02 2.7189416885e+00
5.7890501924e+08 1.8347714233e+02 2.7589414120e+00
5.7890511924e+08 1.7966517639e+02 2.7204277515e+00
5.7890521924e+08 1.7833039856e+02 2.7177431583e+00
5.7890531924e+08 1.7657113647e+02 2.7044694424e+00
5.7890541924e+08 1.8460961914e+02 2.7601006031e+00
5.7890551924e+08 1.7764932251e+02 2.7199726105e+00
5.7890561924e+08 1.7765742493e+02 2.7100064754e+00
5.7890571924e+08 1.7862266541e+02 2.7221884727e+00
5.7890581924e+08 1.7899366760e+02 2.7133471966e+00
5.7890591924e+08 1.8287756348e+02 2.7471299171e+00
5.7890601924e+08 1.7971641541e+02 2.7186865807e+00
5.7890611924e+08 1.7948960876e+02 2.7196404934e+00
5.7890621924e+08 1.7820605469e+02 2.7290585041e+00
5.7890631924e+08 1.8400608826e+02 2.7535231113e+00
5.7890641924e+08 1.8187348938e+02 2.7519497871e+00
5.7890651924e+08 1.8382250977e+02 2.7613267899e+00
5.7890661924e+08 1.8412219238e+02 2.7682893276e+00
5.7890671924e+08 1.8330484009e+02 2.7597687244e+00
5.7890681924e+08 1.8217033386e+02 2.7489407063e+00
5.7890691924e+08 1.7999804688e+02 2.7326984406e+00
5.7890701924e+08 1.8024322510e+02 2.7326531410e+00
5.7890711924e+08 1.8373042297e+02 2.7559113503e+00
5.7890721924e+08 1.8147663879e+02 2.7412910461e+00
5.7890731924e+08 1.7740625000e+02 2.7105925083e+00
5.7890741924e+08 1.8186225891e+02 2.7346143723e+00
5.7890751924e+08 1.8726887512e+02 2.7772746086e+00
5.7890761924e+08 1.8568977356e+02 2.7750134468e+00
5.7890771924e+08 1.8884460449e+02 2.7890129089e+00
5.7890781924e+08 1.8165493774e+02 2.7383580208e+00
5.7890791924e+08 1.7994075012e+02 2.7227284908e+00
5.7890801924e+08 1.8612983704e+02 2.7710857391e+00
5.7890811924e+08 1.8571861267e+02 2.7776014805e+00
5.7890821924e+08 1.8523446655e+02 2.7645037174e+00
5.7890831924e+08 1.8034115601e+02 2.7328820229e+00
5.7890841924e+08 1.8365657043e+02 2.7551133633e+00
5.7890851924e+08 1.8034501648e+02 2.7332544327e+00
5.7890861924e+08 1.8258856201e+02 2.7474510670e+00
5.7890871924e+08 1.7814768982e+02 2.7165365219e+00
5.7890881924e+08 1.7761776733e+02 2.7169697285e+00
5.7890891924e+08 1.8453547668e+02 2.7546427250e+00
5.7890901924e+08 1.7804669189e+02 2.7203507423e+00
5.7890911924e+08 1.8114569092e+02 2.7319064140e+00
5.7890921924e+08 1.8157273865e+02 2.7421171665e+00
5.7890931924e+08 1.7899317932e+02 2.7180697918e+00
5.7890941924e+08 1.8037046814e+02 2.7283105850e+00
5.7890951924e+08 1.8546546936e+02 2.7664113045e+00
5.7890961924e+08 1.8394160461e+02 2.7550442219e+00
5.7890971924e+08 1.8477005005e+02 2.7612650394e+00
5.7890981924e+08 1.8541276550e+02 2.7708804607e+00
5.7890991924e+08 1.8870170593e+02 2.7924168110e+00
5.7891001924e+08 1.8717311096e+02 2.7838540077e+00
5.7891011924e+08 1.8574131775e+02 2.7683711052e+00
5.7891021924e+08 1.8710304260e+02 2.7877283096e+00
5.7891031924e+08 1.8470870972e+02 2.7538223267e+00
5.7891041924e+08 1.8944731140e+02 2.7961030006e+00
5.7891051924e+08 1.8355085754e+02 2.7615957260e+00
5.7891061924e+08 1.8482743835e+02 2.7593338490e+00
5.7891071924e+08 1.8963032532e+02 2.7969770432e+00
5.7891081924e+08 1.8608062744e+02 2.7780642509e+00
5.7891091924e+08 1.8659828186e+02 2.7774538994e+00
5.7891101924e+08 1.8538490295e+02 2.7775614262e+00
5.7891111924e+08 1.8585877991e+02 2.7833817005e+00
5.7891121924e+08 1.8475770569e+02 2.7753055096e+00
5.7891131924e+08 1.8321633911e+02 2.7519173622e+00
5.7891141924e+08 1.8213499451e+02 2.7437336445e+00
5.7891151924e+08 1.9087304688e+02 2.8037238121e+00
5.7891161924e+08 1.9236729431e+02 2.8193213940e+00
5.7891171924e+08 1.8510206604e+02 2.7615880966e+00
5.7891181924e+08 1.8497140503e+02 2.7673761845e+00
5.7891191924e+08 1.9014369202e+02 2.8030347824e+00
5.7891201924e+08 1.8578259277e+02 2.7662053108e+00
5.7891211924e+08 1.9504434204e+02 2.8409190178e+00
5.7891221924e+08 1.9290148926e+02 2.8235142231e+00
5.7891231924e+08 1.8792073059e+02 2.7820513248e+00
5.7891241924e+08 1.9065194702e+02 2.8047332764e+00
5.7891251924e+08 1.9128330994e+02 2.8115987778e+00
5.7891261924e+08 1.8539205933e+02 2.7659318447e+00
5.7891271924e+08 1.9049053955e+02 2.8057103157e+00
5.7891281924e+08 1.9152465820e+02 2.8181893826e+00
5.7891291924e+08 1.8719902039e+02 2.7839312553e+00
5.7891301924e+08 1.9375466919e+02 2.8248000145e+00
5.7891311924e+08 1.9050141907e+02 2.8009858131e+00
5.7891321924e+08 1.9459146118e+02 2.8331067562e+00
5.7891331924e+08 1.9043792725e+02 2.8098127842e+00
5.7891341924e+08 2.0041986084e+02 2.8726353645e+00
5.7891351924e+08 1.9244192505e+02 2.8195068836e+00
5.7891361924e+08 1.9560987854e+02 2.8473408222e+00
5.7891371924e+08 1.9704655457e+02 2.8573777676e+00
5.7891381924e+08 1.8959762573e+02 2.8038299084e+00
5.7891391924e+08 1.9706828308e+02 2.8510947227e+00
5.7891401924e+08 1.9406349182e+02 2.8338553905e+00
5.7891411924e+08 1.9406964111e+02 2.8432946205e+00
5.7891421924e+08 1.9116572571e+02 2.8059048653e+00
5.7891431924e+08 1.9277529907e+02 2.8271212578e+00
5.7891441924e+08 1.9766535950e+02 2.8576514721e+00
5.7891451924e+08 1.9483386230e+02 2.8348338604e+00
5.7891461924e+08 1.8816070557e+02 2.7908368111e+00
5.7891471924e+08 1.9128817749e+02 2.8043558598e+00
5.7891481924e+08 1.9203056335e+02 2.8213613033e+00
5.7891491924e+08 1.9101094055e+02 2.8188474178e+00
5.7891501924e+08 1.8739582825e+02 2.7782411575e+00
5.7891511924e+08 1.9837945557e+02 2.8649868965e+00
5.7891521924e+08 1.9722656250e+02 2.8635733128e+00
5.7891531924e+08 1.9731587219e+02 2.8573842049e+00
5.7891541924e+08 1.9714164734e+02 2.8515596390e+00
5.7891551924e+08 1.9819926453e+02 2.8569934368e+00
5.7891561924e+08 1.9582635498e+02 2.8465785980e+00
5.7891571924e+08 1.9307975769e+02 2.8221859932e+00
5.7891581924e+08 1.9117416382e+02 2.8224573135e+00
5.7891591924e+08 1.9480148315e+02 2.8322467804e+00
5.7891601924e+08 1.9681484985e+02 2.8447060585e+00
5.7891611924e+08 1.9605657959e+02 2.8414995670e+00
5.7891621924e+08 1.9576535034e+02 2.8414778709e+00
5.7891631924e+08 1.9671228027e+02 2.8507328033e+00
5.7891641924e+08 1.9679203796e+02 2.8605823517e+00
5.7891651924e+08 1.9641500854e+02 2.9043233395e+00
5.7891661924e+08 1.9429421997e+02 2.8314373493e+00
5.7891671924e+08 1.9876679993e+02 2.8744487762e+00
5.7891681924e+08 1.9826655579e+02 2.8618607521e+00
5.7891691924e+08 1.9982460022e+02 2.8685264587e+00
5.7891701924e+08 1.9830067444e+02 2.8668367863e+00
5.7891711924e+08 1.9887451172e+02 2.8658638000e+00
5.7891721924e+08 2.0045977783e+02 2.8773782253e+00
5.7891731924e+08 1.9287893677e+02 2.8207573891e+00
5.7891741924e+08 1.9486509705e+02 2.8443324566e+00
5.7891751924e+08 1.9460023499e+02 2.8335347176e+00
5.7891761924e+08 1.9863877869e+02 2.8690283298e+00
5.7891771924e+08 1.9846762085e+02 2.8632721901e+00
5.7891781924e+08 1.9864601135e+02 2.8786699772e+00
5.7891791924e+08 1.9993431091e+02 2.8713035583e+00
5.7891801924e+08 1.9523298645e+02 2.8400506973e+00
5.7891811924e+08 1.9638893127e+02 2.8574404716e+00
5.7891821924e+08 1.9423724365e+02 2.8448345661e+00
5.7891831924e+08 1.9838305664e+02 2.8719031811e+00
5.7891841924e+08 2.0083941650e+02 2.8777809143e+00
5.7891851924e+08 1.9610624695e+02 2.8485412598e+00
5.7891861924e+08 1.9707235718e+02 2.8646316528e+00
5.7891871924e+08 1.9801325989e+02 2.8578958511e+00
5.7891881924e+08 1.9913351440e+02 2.8681075573e+00
5.7891891924e+08 2.0258062744e+02 2.8926637173e+00
5.7891901924e+08 1.9819390869e+02 2.8590147495e+00
5.7891911924e+08 1.9684753418e+02 2.8586909771e+00
5.7891921924e+08 2.0171447754e+02 2.8912236691e+00
5.7891931924e+08 2.0244522095e+02 2.8913197517e+00
5.7891941924e+08 2.0229035950e+02 2.8902871609e+00
5.7891951924e+08 1.9473149109e+02 2.8411836624e+00
5.7891961924e+08 1.9666310120e+02 2.8503193855e+00
5.7891971924e+08 1.9735890198e+02 2.8580074310e+00
5.7891981924e+08 2.0259848022e+02 2.8973548412e+00
5.7891991924e+08 1.9721717834e+02 2.8610444069e+00
5.7892001924e+08 2.0119331360e+02 2.8804872036e+00
5.7892011924e+08 2.0205059814e+02 2.8868498802e+00
5.7892021924e+08 2.0014932251e+02 2.8779704571e+00
5.7892031924e+08 1.9847273254e+02 2.8702137470e+00
5.7892041924e+08 1.9520402527e+02 2.8444478512e+00
5.7892051924e+08 1.9812843323e+02 2.8655447960e+00
5.7892061924e+08 1.9737040710e+02 2.8485734463e+00
5.7892071924e+08 2.0092800903e+02 2.8719060421e+00
5.7892081924e+08 1.9817915344e+02 2.8677675724e+00
5.7892091924e+08 1.9755209351e+02 2.8497121334e+00
5.7892101924e+08 1.9863044739e+02 2.8620383739e+00
5.7892111924e+08 2.0154341125e+02 2.8964664936e+00
5.7892121924e+08 2.0417567444e+02 2.9039173126e+00
5.7892131924e+08 1.9770167542e+02 2.8509802818e+00
5.7892141924e+08 1.9643960571e+02 2.8464710712e+00
5.7892151924e+08 1.9761988831e+02 2.8617832661e+00
5.7892161924e+08 2.0262022400e+02 2.8953006268e+00
5.7892171924e+08 2.0592469788e+02 2.9117317200e+00
5.7892181924e+08 2.0202267456e+02 2.8906004429e+00
5.7892191924e+08 1.9986323547e+02 2.8777236938e+00
5.7892201924e+08 2.0110496521e+02 2.8774349689e+00
5.7892211924e+08 2.0633740234e+02 2.9123055935e+00
5.7892221924e+08 2.0531188965e+02 2.9141938686e+00
5.7892231924e+08 2.0092523193e+02 2.8967993259e+00
5.7892241924e+08 1.9699343872e+02 3.2343349457e+00
