5.1513274160e+08 5.2991101074e+02 8.6801681519e+00
5.1513284160e+08 5.3470263672e+02 9.7885961533e+00
5.1513294160e+08 5.4387371826e+02 9.0188188553e+00
5.1513304160e+08 5.3153552246e+02 1.0204786301e+01
5.1513314160e+08 5.3865185547e+02 9.2624750137e+00
5.1513324160e+08 5.4787420654e+02 9.0265502930e+00
5.1513334160e+08 5.4962976074e+02 9.6168947220e+00
5.1513344160e+08 5.3063220215e+02 9.6262760162e+00
5.1513354160e+08 5.0857550049e+02 9.5450038910e+00
5.1513364160e+08 5.2749389648e+02 9.6489200592e+00
5.1513374160e+08 5.0170117188e+02 1.0154702187e+01
5.1513384160e+08 5.2745874023e+02 9.3000736237e+00
5.1513394160e+08 5.1650415039e+02 1.0489483833e+01
5.1513404160e+08 5.3286181641e+02 9.5232810974e+00
5.1513414160e+08 5.4134539795e+02 1.0184893608e+01
5.1513424160e+08 5.1640905762e+02 9.7015094757e+00
5.1513434160e+08 5.4665240479e+02 9.0305938721e+00
5.1513444160e+08 5.4226037598e+02 9.7816638947e+00
5.1513454160e+08 5.4014025879e+02 9.4332351685e+00
5.1513464160e+08 5.3802746582e+02 8.9848394394e+00
5.1513474160e+08 5.3956933594e+02 9.6739540100e+00
5.1513484160e+08 5.2988079834e+02 9.9686174393e+00
5.1513494160e+08 5.4300073242e+02 9.2613945007e+00
5.1513504160e+08 5.3871319580e+02 1.0377633095e+01
5.1513514160e+08 5.2192742920e+02 9.4245777130e+00
5.1513524160e+08 5.2104077148e+02 1.0827779770e+01
5.1513534160e+08 5.3711315918e+02 8.9325294495e+00
5.1513544160e+08 5.0834945679e+02 1.0043830872e+01
5.1513554160e+08 5.3853881836e+02 9.5605335236e+00
5.1513564160e+08 5.3187670898e+02 9.3766546249e+00
5.1513574160e+08 5.4126580811e+02 1.0193297386e+01
5.1513584160e+08 5.3381036377e+02 9.5502395630e+00
5.1513594160e+08 5.5206762695e+02 1.0301882744e+01
5.1513604160e+08 5.5376165771e+02 9.2755775452e+00
5.1513614160e+08 5.4548339844e+02 9.8088150024e+00
5.1513624160e+08 5.2209930420e+02 9.9776887894e+00
5.1513634160e+08 5.3623455811e+02 9.8306140900e+00
5.1513644160e+08 5.4568011475e+02 1.0314606667e+01
5.1513654160e+08 5.4152551270e+02 9.6214456558e+00
5.1513664160e+08 5.2938055420e+02 1.0259933472e+01
5.1513674160e+08 5.3903192139e+02 9.6065788269e+00
5.1513684160e+08 5.4690826416e+02 1.0250763893e+01
5.1513694160e+08 5.3956457520e+02 9.7491884232e+00
5.1513704160e+08 5.3629730225e+02 9.7684144974e+00
5.1513714160e+08 5.3929516602e+02 9.6535367966e+00
5.1513724160e+08 5.5212469482e+02 9.3736705780e+00
5.1513734160e+08 5.3794110107e+02 9.9903068542e+00
5.1513744160e+08 5.3813854980e+02 9.5603303909e+00
5.1513754160e+08 5.2863378906e+02 1.0464987755e+01
5.1513764160e+08 5.3318310547e+02 9.6065158844e+00
5.1513774160e+08 5.4046105957e+02 9.7795791626e+00
5.1513784160e+08 5.5465032959e+02 9.0799579620e+00
5.1513794160e+08 5.4155767822e+02 9.5418939590e+00
5.1513804160e+08 5.3792871094e+02 9.4516429901e+00
5.1513814160e+08 5.3574914551e+02 9.0700368881e+00
5.1513824160e+08 5.1570288086e+02 1.0108809471e+01
5.1513834160e+08 5.2512402344e+02 9.5277328491e+00
5.1513844160e+08 5.3252453613e+02 9.7870512009e+00
5.1513854160e+08 5.3867279053e+02 1.0010493279e+01
5.1513864160e+08 5.3488085938e+02 9.1906347275e+00
5.1513874160e+08 5.4188922119e+02 9.8969326019e+00
5.1513884160e+08 5.3438989258e+02 9.1027164459e+00
5.1513894160e+08 5.2718267822e+02 9.4577207565e+00
5.1513904160e+08 5.3026617432e+02 9.5888051987e+00
5.1513914160e+08 5.1839660645e+02 9.0346689224e+00
5.1513924160e+08 5.2997460938e+02 9.3040618896e+00
5.1513934160e+08 5.2888787842e+02 9.9808378220e+00
5.1513944160e+08 5.1892364502e+02 8.7766427994e+00
5.1513954160e+08 5.2274133301e+02 9.0660266876e+00
5.1513964160e+08 5.2372174072e+02 1.0178807259e+01
5.1513974160e+08 5.2248010254e+02 9.3793792725e+00
5.1513984160e+08 5.2808111572e+02 9.3788280487e+00
5.1513994160e+08 5.2394012451e+02 8.8691911697e+00
5.1514004160e+08 5.2307928467e+02 9.7983598709e+00
5.1514014160e+08 5.2549481201e+02 9.2829856873e+00
5.1514024160e+08 5.4510534668e+02 9.0895109177e+00
5.1514034160e+08 5.3345867920e+02 9.4300241470e+00
5.1514044160e+08 5.2567730713e+02 9.7884187698e+00
5.1514054160e+08 5.2302667236e+02 9.0024194717e+00
5.1514064160e+08 5.1863836670e+02 8.9558000565e+00
5.1514074160e+08 5.1558721924e+02 9.0252046585e+00
5.1514084160e+08 5.1322058105e+02 9.4022397995e+00
5.1514094160e+08 5.1659741211e+02 9.1898260117e+00
5.1514104160e+08 5.1472253418e+02 9.0213832855e+00
5.1514114160e+08 4.9853982544e+02 9.4435796738e+00
5.1514124160e+08 5.0541174316e+02 9.0007162094e+00
5.1514134160e+08 4.9713751221e+02 9.2649965286e+00
5.1514144160e+08 5.1601800537e+02 9.1719446182e+00
5.1514154160e+08 5.0912780762e+02 8.9102191925e+00
5.1514164160e+08 5.1586248779e+02 9.3691377640e+00
5.1514174160e+08 5.2160021973e+02 9.2709016800e+00
5.1514184160e+08 5.0896429443e+02 9.6454048157e+00
5.1514194160e+08 4.9799542236e+02 9.1134853363e+00
5.1514204160e+08 4.9379275513e+02 9.4429950714e+00
5.1514214160e+08 4.9838031006e+02 9.1260099411e+00
5.1514224160e+08 5.1003594971e+02 9.5648069382e+00
5.1514234160e+08 4.8818957520e+02 9.5607757568e+00
5.1514244160e+08 5.2155169678e+02 8.6714153290e+00
5.1514254160e+08 4.9692681885e+02 9.1103696823e+00
5.1514264160e+08 5.0897451782e+02 9.4681463242e+00
5.1514274160e+08 5.0734509277e+02 9.2025794983e+00
5.1514284160e+08 5.0970779419e+02 8.8340950012e+00
5.1514294160e+08 5.0681991577e+02 9.2074050903e+00
5.1514304160e+08 5.1208679199e+02 8.7376976013e+00
5.1514314160e+08 5.1944598389e+02 9.1761007309e+00
5.1514324160e+08 4.9683325195e+02 9.3312034607e+00
5.1514334160e+08 nan nan
5.1514344160e+08 5.4084704590e+02 1.5171724319e+01
5.1514354160e+08 4.9847457886e+02 9.5495615005e+00
5.1514364160e+08 5.0026617432e+02 9.0242109299e+00
5.1514374160e+08 5.1047479248e+02 9.0837678909e+00
5.1514384160e+08 5.0217565918e+02 9.0904645920e+00
5.1514394160e+08 5.0380587769e+02 9.3501396179e+00
5.1514404160e+08 5.0095361328e+02 9.4777593613e+00
5.1514414160e+08 4.9512152100e+02 9.3066205978e+00
5.1514424160e+08 5.1821643066e+02 8.9635925293e+00
5.1514434160e+08 5.0371411133e+02 9.2784376144e+00
5.1514444160e+08 5.1224536133e+02 9.5584297180e+00
5.1514454160e+08 5.2450640869e+02 9.3641157150e+00
5.1514464160e+08 5.1825860596e+02 9.0090599060e+00
5.1514474160e+08 5.0838381958e+02 8.7270154953e+00
5.1514484160e+08 5.1384027100e+02 9.5109214783e+00
5.1514494160e+08 5.1481597900e+02 9.8577289581e+00
5.1514504160e+08 5.1330499268e+02 9.3070983887e+00
5.1514514160e+08 5.3226098633e+02 8.9700040817e+00
5.1514524160e+08 5.1794714355e+02 9.9143857956e+00
5.1514534160e+08 5.0855407715e+02 9.1641674042e+00
5.1514544160e+08 5.2266058350e+02 9.0174398422e+00
5.1514554160e+08 5.1202838135e+02 9.0842733383e+00
5.1514564160e+08 5.4359649658e+02 1.4298232079e+01
