5.1530329594e+08 4.2226858521e+02 5.1768908501e+00
5.1530339594e+08 4.2552700806e+02 5.6730785370e+00
5.1530349594e+08 4.1956045532e+02 5.8650288582e+00
5.1530359594e+08 4.1968313599e+02 5.8902544975e+00
5.1530369594e+08 4.1781289673e+02 5.6617736816e+00
5.1530379594e+08 4.2441696167e+02 5.6069440842e+00
5.1530389594e+08 4.1761044312e+02 5.7985243797e+00
5.1530399594e+08 4.1630453491e+02 5.7193675041e+00
5.1530409594e+08 4.2684677124e+02 5.7333383560e+00
5.1530419594e+08 4.1704537964e+02 5.7553548813e+00
5.1530429594e+08 4.2879925537e+02 5.6765279770e+00
5.1530439594e+08 4.2844039917e+02 5.7309470177e+00
5.1530449594e+08 4.2810107422e+02 5.4711723328e+00
5.1530459594e+08 4.2420657349e+02 5.8388648033e+00
5.1530469594e+08 4.2189822388e+02 5.4042921066e+00
5.1530479594e+08 4.2577590942e+02 5.5882148743e+00
5.1530489594e+08 4.2715261841e+02 5.6001796722e+00
5.1530499594e+08 4.2240310669e+02 5.6977257729e+00
5.1530509594e+08 4.0979956055e+02 5.7464160919e+00
5.1530519594e+08 4.1573199463e+02 5.6395578384e+00
5.1530529594e+08 4.0876861572e+02 5.8593339920e+00
5.1530539594e+08 4.0830920410e+02 5.7101864815e+00
5.1530549594e+08 4.1326522827e+02 5.7848320007e+00
5.1530559594e+08 4.2284948730e+02 5.4645643234e+00
5.1530569594e+08 4.1589187622e+02 5.6510977745e+00
5.1530579594e+08 4.0962319946e+02 5.5951824188e+00
5.1530589594e+08 4.1828564453e+02 5.4221639633e+00
5.1530599594e+08 4.1547781372e+02 5.3398189545e+00
5.1530609594e+08 4.1309182739e+02 5.5861368179e+00
5.1530619594e+08 4.0799780273e+02 5.7936406136e+00
5.1530629594e+08 4.0633676147e+02 5.5367918015e+00
5.1530639594e+08 4.0361941528e+02 5.5846724510e+00
5.1530649594e+08 4.1275457764e+02 5.4716262817e+00
5.1530659594e+08 4.0325872803e+02 5.4901647568e+00
5.1530669594e+08 4.1028182983e+02 5.7516193390e+00
5.1530679594e+08 3.9841571045e+02 5.7558002472e+00
5.1530689594e+08 4.0518341064e+02 5.3811893463e+00
5.1530699594e+08 4.0208242798e+02 5.1544804573e+00
5.1530709594e+08 4.0181472778e+02 5.2942652702e+00
5.1530719594e+08 4.0601269531e+02 5.3784070015e+00
5.1530729594e+08 4.0083721924e+02 5.1913433075e+00
5.1530739594e+08 3.9690014648e+02 5.5662679672e+00
5.1530749594e+08 3.9310174561e+02 5.6053409576e+00
5.1530759594e+08 3.9824960327e+02 5.5775489807e+00
5.1530769594e+08 3.9006503296e+02 5.5190691948e+00
5.1530779594e+08 4.0082891846e+02 5.0183057785e+00
5.1530789594e+08 4.0331524658e+02 5.2597126961e+00
5.1530799594e+08 3.9774804688e+02 5.2693848610e+00
5.1530809594e+08 3.9880413818e+02 5.3644595146e+00
5.1530819594e+08 3.8505148315e+02 5.1703042984e+00
5.1530829594e+08 3.9213677979e+02 5.3479766846e+00
5.1530839594e+08 4.0248492432e+02 5.2944903374e+00
5.1530849594e+08 3.9005651855e+02 5.0723433495e+00
5.1530859594e+08 3.9736517334e+02 5.2778391838e+00
5.1530869594e+08 3.9095355225e+02 5.2730827332e+00
5.1530879594e+08 3.9169692993e+02 5.0820527077e+00
5.1530889594e+08 3.8330892944e+02 5.3614811897e+00
5.1530899594e+08 3.9222259521e+02 5.2162308693e+00
5.1530909594e+08 3.9036859131e+02 4.9958109856e+00
5.1530919594e+08 3.9235226440e+02 5.2749238014e+00
5.1530929594e+08 3.9054174805e+02 4.9311742783e+00
5.1530939594e+08 3.7835638428e+02 5.3836231232e+00
5.1530949594e+08 3.8172290039e+02 5.5633530617e+00
5.1530959594e+08 3.8439202881e+02 5.0085668564e+00
5.1530969594e+08 3.8184216309e+02 5.4839334488e+00
5.1530979594e+08 3.8586929321e+02 5.1533942223e+00
5.1530989594e+08 3.8438452148e+02 4.9949522018e+00
5.1530999594e+08 3.7565155029e+02 5.3655934334e+00
5.1531009594e+08 3.7865133667e+02 5.2477526665e+00
5.1531019594e+08 3.8435455322e+02 5.2674431801e+00
5.1531029594e+08 3.6520605469e+02 5.0242271423e+00
5.1531039594e+08 3.7194601440e+02 5.3412032127e+00
5.1531049594e+08 3.7524765015e+02 5.1211504936e+00
5.1531059594e+08 3.7334878540e+02 5.5297966003e+00
5.1531069594e+08 3.7605743408e+02 4.9720106125e+00
5.1531079594e+08 3.6737677002e+02 5.3126044273e+00
5.1531089594e+08 3.7371017456e+02 5.4059400558e+00
5.1531099594e+08 3.7033203125e+02 4.9044809341e+00
5.1531109594e+08 3.7209848022e+02 5.1883130074e+00
5.1531119594e+08 3.7601937866e+02 4.8898301125e+00
5.1531129594e+08 3.7442599487e+02 5.4232616425e+00
5.1531139594e+08 3.7161279297e+02 4.9093236923e+00
5.1531149594e+08 3.7022467041e+02 4.8908214569e+00
5.1531159594e+08 3.7466308594e+02 5.3205323219e+00
5.1531169594e+08 3.7657015991e+02 4.9067578316e+00
5.1531179594e+08 3.6137335205e+02 5.2897677422e+00
5.1531189594e+08 3.6846945190e+02 4.9736986160e+00
5.1531199594e+08 3.6146749878e+02 5.3144111633e+00
5.1531209594e+08 3.5768875122e+02 5.0674672127e+00
5.1531219594e+08 3.6149377441e+02 4.8095784187e+00
5.1531229594e+08 3.7462304688e+02 4.9892058372e+00
5.1531239594e+08 3.7083786011e+02 5.1662220955e+00
5.1531249594e+08 3.5905133057e+02 5.0214614868e+00
5.1531259594e+08 3.6093844604e+02 4.9529099464e+00
5.1531269594e+08 3.7077767944e+02 5.0786666870e+00
5.1531279594e+08 3.6217980957e+02 4.8675379753e+00
5.1531289594e+08 3.7316564941e+02 5.2768468857e+00
5.1531299594e+08 3.6768563843e+02 4.8647856712e+00
5.1531309594e+08 3.6696072388e+02 4.7403211594e+00
5.1531319594e+08 3.6544433594e+02 4.8005671501e+00
5.1531329594e+08 3.6389596558e+02 5.1662893295e+00
5.1531339594e+08 3.5070178223e+02 5.1134724617e+00
5.1531349594e+08 3.6681649780e+02 4.8219199181e+00
5.1531359594e+08 3.6508044434e+02 5.3285489082e+00
5.1531369594e+08 3.6388922119e+02 5.0051469803e+00
5.1531379594e+08 3.5983389282e+02 4.9352302551e+00
5.1531389594e+08 3.5736437988e+02 5.1586728096e+00
5.1531399594e+08 3.6283676147e+02 4.9707493782e+00
5.1531409594e+08 3.6899707031e+02 4.7775540352e+00
5.1531419594e+08 3.6861181641e+02 4.6658720970e+00
5.1531429594e+08 3.5790551758e+02 5.1661043167e+00
5.1531439594e+08 3.6256546021e+02 4.8810148239e+00
5.1531449594e+08 3.6211877441e+02 4.8128280640e+00
5.1531459594e+08 3.5945611572e+02 5.0755496025e+00
5.1531469594e+08 3.5276437378e+02 4.9302973747e+00
5.1531479594e+08 3.5265206909e+02 4.9540615082e+00
5.1531489594e+08 3.6507708740e+02 5.3867120743e+00
5.1531499594e+08 3.7007266235e+02 4.8091607094e+00
5.1531509594e+08 3.5657199097e+02 4.8546452522e+00
5.1531519594e+08 3.6074176025e+02 4.7788023949e+00
5.1531529594e+08 3.4992999268e+02 5.3053746223e+00
5.1531539594e+08 3.5118847656e+02 5.0115184784e+00
5.1531549594e+08 3.5132110596e+02 4.8301520348e+00
5.1531559594e+08 3.5473928833e+02 4.9772768021e+00
5.1531569594e+08 3.6024990845e+02 5.1478028297e+00
5.1531579594e+08 3.6095462036e+02 4.7674798965e+00
5.1531589594e+08 3.5471502686e+02 4.8578972816e+00
5.1531599594e+08 3.5180761719e+02 5.0474910736e+00
5.1531609594e+08 3.5378634644e+02 4.9909424782e+00
5.1531619594e+08 3.5366131592e+02 4.8663973808e+00
5.1531629594e+08 3.5826925659e+02 4.7400145531e+00
5.1531639594e+08 3.5323431396e+02 4.8777227402e+00
5.1531649594e+08 3.5806549072e+02 4.7415351868e+00
5.1531659594e+08 3.6640048218e+02 5.0353999138e+00
5.1531669594e+08 3.5463354492e+02 4.7521967888e+00
5.1531679594e+08 3.4340420532e+02 4.7370424271e+00
5.1531689594e+08 3.5474761963e+02 4.7498140335e+00
5.1531699594e+08 3.6019595337e+02 4.7903079987e+00
5.1531709594e+08 3.5770080566e+02 5.2194418907e+00
5.1531719594e+08 3.5550335693e+02 4.8086051941e+00
5.1531729594e+08 3.5405737305e+02 4.9076242447e+00
5.1531739594e+08 3.5046203613e+02 4.8681106567e+00
5.1531749594e+08 3.4777618408e+02 4.8665032387e+00
5.1531759594e+08 3.4301812744e+02 5.4660210609e+00
5.1531769594e+08 3.4558648682e+02 5.0769510269e+00
5.1531779594e+08 3.5420190430e+02 4.9612259865e+00
5.1531789594e+08 3.4556506348e+02 5.0385069847e+00
5.1531799594e+08 3.6080847168e+02 7.8440718651e+00
