5.154754238867759705e+08 4.681148986816406250e+02 5.044587612152099609e+00 8.521600365638732910e-01
5.154755238867759705e+08 4.581412048339843750e+02 5.015777111053466797e+00 8.436123132705688477e-01
5.154756238867759705e+08 4.655535583496093750e+02 5.493854999542236328e+00 7.145544290542602539e-01
5.154757238867759705e+08 4.651837768554687500e+02 5.022341251373291016e+00 8.543427586555480957e-01
5.154758238867759705e+08 4.611974487304687500e+02 5.445104598999023438e+00 7.206003665924072266e-01
5.154759238867759705e+08 4.611915588378906250e+02 5.454165935516357422e+00 7.181988358497619629e-01
5.154760238867759705e+08 4.649780883789062500e+02 5.043692111968994141e+00 8.467503190040588379e-01
5.154761238867759705e+08 4.720812377929687500e+02 5.554281234741210938e+00 7.088935375213623047e-01
5.154762238867759705e+08 4.650569763183593750e+02 5.184288501739501953e+00 8.015817999839782715e-01
5.154763238867759705e+08 4.648445129394531250e+02 5.289501190185546875e+00 7.696589827537536621e-01
5.154764238867759705e+08 4.776283264160156250e+02 5.560965061187744141e+00 7.155001759529113770e-01
5.154765238867759705e+08 4.660663757324218750e+02 5.177237033843994141e+00 8.055114150047302246e-01
5.154766238867759705e+08 4.681714782714843750e+02 5.308831214904785156e+00 7.695328593254089355e-01
5.154767238867759705e+08 4.625440979003906250e+02 5.439436912536621094e+00 7.242112159729003906e-01
5.154768238867759705e+08 4.735597229003906250e+02 5.526345252990722656e+00 7.183213829994201660e-01
5.154769238867759705e+08 4.634947814941406250e+02 5.008486747741699219e+00 8.559567928314208984e-01
5.154770238867759705e+08 4.685819396972656250e+02 5.499803543090820312e+00 7.176476120948791504e-01
5.154771238867759705e+08 4.718129577636718750e+02 5.530112743377685547e+00 7.146968841552734375e-01
5.154772238867759705e+08 4.703176574707031250e+02 5.056010246276855469e+00 8.523057699203491211e-01
5.154773238867759705e+08 4.769416198730468750e+02 5.574167728424072266e+00 7.110910415649414062e-01
5.154774238867759705e+08 4.687224731445312500e+02 5.515527248382568359e+00 7.137756347656250000e-01
5.154775238867759705e+08 4.733014221191406250e+02 5.067049026489257812e+00 8.539798855781555176e-01
5.154776238867759705e+08 4.731040039062500000e+02 5.507542610168457031e+00 7.225383520126342773e-01
5.154777238867759705e+08 4.647458190917968750e+02 5.496199131011962891e+00 7.127062678337097168e-01
5.154778238867759705e+08 4.666651916503906250e+02 5.044807910919189453e+00 8.494467139244079590e-01
5.154779238867759705e+08 4.671825866699218750e+02 5.485646724700927734e+00 7.192022800445556641e-01
5.154780238867759705e+08 4.556595764160156250e+02 5.150751113891601562e+00 7.956450581550598145e-01
5.154781238867759705e+08 4.626260070800781250e+02 5.288276672363281250e+00 7.663403749465942383e-01
5.154782238867759705e+08 4.742359619140625000e+02 5.543303012847900391e+00 7.149526476860046387e-01
5.154783238867759705e+08 4.638280639648437500e+02 5.290967464447021484e+00 7.675503492355346680e-01
5.154784238867759705e+08 4.752088928222656250e+02 5.201077461242675781e+00 8.138003945350646973e-01
5.154785238867759705e+08 4.707133483886718750e+02 5.508151054382324219e+00 7.187284231185913086e-01
5.154786238867759705e+08 4.691656188964843750e+02 5.082242965698242188e+00 8.414636850357055664e-01
5.154787238867759705e+08 4.787317810058593750e+02 5.510678768157958984e+00 7.303013801574707031e-01
5.154788238867759705e+08 4.569244079589843750e+02 5.445367336273193359e+00 7.138549685478210449e-01
5.154789238867759705e+08 4.650795288085937500e+02 5.040642261505126953e+00 8.479601740837097168e-01
5.154790238867759705e+08 4.560519104003906250e+02 5.421128273010253906e+00 7.188775539398193359e-01
5.154791238867759705e+08 4.612013549804687500e+02 5.015725612640380859e+00 8.492646813392639160e-01
5.154792238867759705e+08 4.764865722656250000e+02 5.574181556701660156e+00 7.104090452194213867e-01
5.154793238867759705e+08 4.644736328125000000e+02 5.475395202636718750e+00 7.177118659019470215e-01
5.154794238867759705e+08 4.718443603515625000e+02 5.058121204376220703e+00 8.543589115142822266e-01
5.154795238867759705e+08 4.800107116699218750e+02 5.589839935302734375e+00 7.116594910621643066e-01
5.154796238867759705e+08 4.756273498535156250e+02 5.553121089935302734e+00 7.145169377326965332e-01
5.154797238867759705e+08 4.683155822753906250e+02 5.085282325744628906e+00 8.389353156089782715e-01
5.154798238867759705e+08 4.596193237304687500e+02 5.396466732025146484e+00 7.311379313468933105e-01
5.154799238867759705e+08 4.633927917480468750e+02 5.439271926879882812e+00 7.255840301513671875e-01
5.154800238867759705e+08 4.717821655273437500e+02 5.073513031005859375e+00 8.490709066390991211e-01
5.154801238867759705e+08 4.729771423339843750e+02 5.527456283569335938e+00 7.171493172645568848e-01
5.154802238867759705e+08 4.810482788085937500e+02 5.563948154449462891e+00 7.198508977890014648e-01
5.154803238867759705e+08 4.605937805175781250e+02 5.176518440246582031e+00 7.962741255760192871e-01
5.154804238867759705e+08 4.659120788574218750e+02 5.296507835388183594e+00 7.693868875503540039e-01
5.154805238867759705e+08 4.766110229492187500e+02 5.571445465087890625e+00 7.112926840782165527e-01
5.154806238867759705e+08 4.672069396972656250e+02 5.442582130432128906e+00 7.306666970252990723e-01
5.154807238867759705e+08 4.707006530761718750e+02 5.123884201049804688e+00 8.305508494377136230e-01
5.154808238867759705e+08 4.668300476074218750e+02 5.434137344360351562e+00 7.323481440544128418e-01
5.154809238867759705e+08 4.735435485839843750e+02 5.497037887573242188e+00 7.259764075279235840e-01
5.154810238867759705e+08 4.817865600585937500e+02 5.561338424682617188e+00 7.216324210166931152e-01
5.154811238867759705e+08 4.727582397460937500e+02 5.099662780761718750e+00 8.421244025230407715e-01
5.154812238867759705e+08 4.791034851074218750e+02 5.500400066375732422e+00 7.336024641990661621e-01
5.154813238867759705e+08 4.655409240722656250e+02 5.493705749511718750e+00 7.145738005638122559e-01
5.154814238867759705e+08 4.825682373046875000e+02 5.414600849151611328e+00 7.625105381011962891e-01
5.154815238867759705e+08 4.718390197753906250e+02 5.204880714416503906e+00 8.068491220474243164e-01
5.154816238867759705e+08 4.858371276855468750e+02 5.609216213226318359e+00 7.153298854827880859e-01
5.154817238867759705e+08 4.812467041015625000e+02 5.288744449615478516e+00 7.970445156097412109e-01
5.154818238867759705e+08 4.762995605468750000e+02 5.361164569854736328e+00 7.676830291748046875e-01
5.154819238867759705e+08 4.772463684082031250e+02 5.551253318786621094e+00 7.174317240715026855e-01
5.154820238867759705e+08 4.825322570800781250e+02 5.564018726348876953e+00 7.220532894134521484e-01
5.154821238867759705e+08 4.811773986816406250e+02 5.417784690856933594e+00 7.594194412231445312e-01
5.154822238867759705e+08 4.756354064941406250e+02 5.237843513488769531e+00 8.031361699104309082e-01
5.154823238867759705e+08 4.794601135253906250e+02 5.533010005950927734e+00 7.255204319953918457e-01
5.154824238867759705e+08 4.832973022460937500e+02 5.600083827972412109e+00 7.139130830764770508e-01
5.154825238867759705e+08 4.706763610839843750e+02 5.495691299438476562e+00 7.219344377517700195e-01
5.154826238867759705e+08 4.797145690917968750e+02 5.121929645538330078e+00 8.471020460128784180e-01
5.154827238867759705e+08 4.846523132324218750e+02 5.600765228271484375e+00 7.157404422760009766e-01
5.154828238867759705e+08 4.867478332519531250e+02 5.601096153259277344e+00 7.187501788139343262e-01
5.154829238867759705e+08 4.865666503906250000e+02 5.580201148986816406e+00 7.238734960556030273e-01
5.154830238867759705e+08 4.715032653808593750e+02 5.101284027099609375e+00 8.393551111221313477e-01
5.154831238867759705e+08 4.675142822265625000e+02 5.461004257202148438e+00 7.262227535247802734e-01
5.154832238867759705e+08 4.788143920898437500e+02 5.559347152709960938e+00 7.176945805549621582e-01
5.154833238867759705e+08 4.708979492187500000e+02 5.225430011749267578e+00 7.989189624786376953e-01
5.154834238867759705e+08 4.635789489746093750e+02 5.271687984466552734e+00 7.727594971656799316e-01
5.154835238867759705e+08 4.708043212890625000e+02 5.506954193115234375e+00 7.191799283027648926e-01
5.154836238867759705e+08 4.703508300781250000e+02 5.216790199279785156e+00 8.006362318992614746e-01
5.154837238867759705e+08 4.680223083496093750e+02 5.309871196746826172e+00 7.689862847328186035e-01
5.154838238867759705e+08 4.605513000488281250e+02 5.478485107421875000e+00 7.108485698699951172e-01
5.154839238867759705e+08 4.737815856933593750e+02 5.234916210174560547e+00 8.009008765220642090e-01
5.154840238867759705e+08 4.615028381347656250e+02 5.262389183044433594e+00 7.720198631286621094e-01
5.154841238867759705e+08 4.663488464355468750e+02 5.484939098358154297e+00 7.181040048599243164e-01
5.154842238867759705e+08 4.648745422363281250e+02 5.348688125610351562e+00 7.527681589126586914e-01
5.154843238867759705e+08 4.569926147460937500e+02 5.111889362335205078e+00 8.101516366004943848e-01
5.154844238867759705e+08 4.542116699218750000e+02 5.393920421600341797e+00 7.232179641723632812e-01
5.154845238867759705e+08 4.739251403808593750e+02 5.231076240539550781e+00 8.023200035095214844e-01
5.154846238867759705e+08 4.745593872070312500e+02 5.351757526397705078e+00 7.675695419311523438e-01
5.154847238867759705e+08 4.776257324218750000e+02 5.565463542938232422e+00 7.143401503562927246e-01
5.154848238867759705e+08 4.750578918457031250e+02 5.134335994720458984e+00 8.348298668861389160e-01
5.154849238867759705e+08 4.686865844726562500e+02 5.473577976226806641e+00 7.247028350830078125e-01
5.154850238867759705e+08 4.684511718750000000e+02 5.484684944152832031e+00 7.214080095291137695e-01
5.154851238867759705e+08 4.673992309570312500e+02 5.198461532592773438e+00 8.012320399284362793e-01
5.154852238867759705e+08 4.620475463867187500e+02 5.283045291900634766e+00 7.668986916542053223e-01
5.154853238867759705e+08 4.719737243652343750e+02 5.544962882995605469e+00 7.111161947250366211e-01
5.154854238867759705e+08 4.728695373535156250e+02 5.229629039764404297e+00 8.009760975837707520e-01
5.154855238867759705e+08 4.796013183593750000e+02 5.359092235565185547e+00 7.736026644706726074e-01
5.154856238867759705e+08 4.773642578125000000e+02 5.554127693176269531e+00 7.168663740158081055e-01
5.154857238867759705e+08 4.636694335937500000e+02 5.316904544830322266e+00 7.598201036453247070e-01
5.154858238867759705e+08 4.640855102539062500e+02 5.137197971343994141e+00 8.146393895149230957e-01
5.154859238867759705e+08 4.593494262695312500e+02 5.430481910705566406e+00 7.215833067893981934e-01
5.154860238867759705e+08 4.677614135742187500e+02 5.496992111206054688e+00 7.171238660812377930e-01
5.154861238867759705e+08 4.838939208984375000e+02 5.154228210449218750e+00 8.438065648078918457e-01
5.154862238867759705e+08 4.766727600097656250e+02 5.495357513427734375e+00 7.312206625938415527e-01
5.154863238867759705e+08 4.828081359863281250e+02 5.566459178924560547e+00 7.218326330184936523e-01
5.154864238867759705e+08 4.663515625000000000e+02 5.309400558471679688e+00 7.663770914077758789e-01
5.154865238867759705e+08 4.673771362304687500e+02 5.179667949676513672e+00 8.070188164710998535e-01
5.154866238867759705e+08 4.745834655761718750e+02 5.499853134155273438e+00 7.268260121345520020e-01
5.154867238867759705e+08 4.652096862792968750e+02 5.476846694946289062e+00 7.184683084487915039e-01
5.154868238867759705e+08 4.615997009277343750e+02 5.002927303314208984e+00 8.543525934219360352e-01
5.154869238867759705e+08 4.740438842773437500e+02 5.499511718750000000e+00 7.260897159576416016e-01
5.154870238867759705e+08 4.617631835937500000e+02 5.437778949737548828e+00 7.234295010566711426e-01
5.154871238867759705e+08 4.640076904296875000e+02 5.026369571685791016e+00 8.508173823356628418e-01
5.154872238867759705e+08 4.642194519042968750e+02 5.462161540985107422e+00 7.207992076873779297e-01
5.154873238867759705e+08 4.636013183593750000e+02 5.472341537475585938e+00 7.171637415885925293e-01
5.154874238867759705e+08 4.689925231933593750e+02 5.079771995544433594e+00 8.419717550277709961e-01
5.154875238867759705e+08 4.574713745117187500e+02 5.406768321990966797e+00 7.249506711959838867e-01
5.154876238867759705e+08 4.548721008300781250e+02 5.251360416412353516e+00 7.641271948814392090e-01
5.154877238867759705e+08 4.630302124023437500e+02 5.147004604339599609e+00 8.096926808357238770e-01
5.154878238867759705e+08 4.599313049316406250e+02 5.438501358032226562e+00 7.203682065010070801e-01
5.154879238867759705e+08 4.540206298828125000e+02 4.950825214385986328e+00 8.581050038337707520e-01
5.154880238867759705e+08 4.590874023437500000e+02 5.446064472198486328e+00 7.170506715774536133e-01
5.154881238867759705e+08 4.610806274414062500e+02 5.280626296997070312e+00 7.659951448440551758e-01
5.154882238867759705e+08 4.505766296386718750e+02 5.074524402618408203e+00 8.105839490890502930e-01
5.154883238867759705e+08 4.396996459960937500e+02 5.149470329284667969e+00 7.681587934494018555e-01
5.154884238867759705e+08 4.410098876953125000e+02 5.014715194702148438e+00 8.124111294746398926e-01
5.154885238867759705e+08 4.417858886718750000e+02 5.295503139495849609e+00 7.298228144645690918e-01
5.154886238867759705e+08 4.595346679687500000e+02 4.989639282226562500e+00 8.550667166709899902e-01
5.154887238867759705e+08 4.375548095703125000e+02 5.285958766937255859e+00 7.254456877708435059e-01
5.154888238867759705e+08 4.484046936035156250e+02 4.930203914642333984e+00 8.545951247215270996e-01
5.154889238867759705e+08 4.555384521484375000e+02 5.416555404663085938e+00 7.192810773849487305e-01
5.154890238867759705e+08 4.486593017578125000e+02 4.931215286254882812e+00 8.547296524047851562e-01
5.154891238867759705e+08 4.403899536132812500e+02 5.168554306030273438e+00 7.636937499046325684e-01
5.154892238867759705e+08 4.495190734863281250e+02 5.092086791992187500e+00 8.031128644943237305e-01
5.154893238867759705e+08 4.473787841796875000e+02 4.942883968353271484e+00 8.482708930969238281e-01
5.154894238867759705e+08 4.549285583496093750e+02 5.361012458801269531e+00 7.332796454429626465e-01
5.154895238867759705e+08 4.436996154785156250e+02 5.174361705780029297e+00 7.677070498466491699e-01
5.154896238867759705e+08 4.482626342773437500e+02 5.068108081817626953e+00 8.084642887115478516e-01
5.154897238867759705e+08 4.465758666992187500e+02 4.969936847686767578e+00 8.375553488731384277e-01
5.154898238867759705e+08 4.350378112792968750e+02 5.262853622436523438e+00 7.276196479797363281e-01
5.154899238867759705e+08 4.496244812011718750e+02 4.935567378997802734e+00 8.550584912300109863e-01
5.154900238867759705e+08 4.378343505859375000e+02 5.295135021209716797e+00 7.233954668045043945e-01
5.154901238867759705e+08 4.399551086425781250e+02 7.252445220947265625e+00 3.874890804290771484e-01
