5.945676440392680168e+08 7.005802917480468750e+01 1.269593238830566406e+00 7.011593580245971680e-01 1.444605886936187744e-01 3.729956224560737610e-02
5.945677440392680168e+08 7.501633453369140625e+01 1.316219329833984375e+00 7.009178400039672852e-01 2.504846453666687012e-01 4.912407696247100830e-02
5.945678440392680168e+08 7.463974761962890625e+01 1.313690423965454102e+00 7.010794281959533691e-01 2.889541089534759521e-01 5.275556072592735291e-02
5.945679440392680168e+08 7.285719299316406250e+01 1.298622012138366699e+00 7.009796500205993652e-01 3.082616031169891357e-01 5.449346825480461121e-02
5.945680440392680168e+08 7.228442382812500000e+01 1.291480660438537598e+00 7.010026574134826660e-01 2.215557545423507690e-01 4.619756713509559631e-02
5.945681440392680168e+08 7.564771270751953125e+01 1.318540811538696289e+00 7.011709213256835938e-01 1.251971125602722168e-01 3.472343087196350098e-02
5.945682440392680168e+08 7.425217437744140625e+01 1.307587027549743652e+00 7.010881304740905762e-01 1.733703166246414185e-01 4.086377844214439392e-02
5.945683440392680168e+08 7.238525390625000000e+01 1.289477348327636719e+00 7.011572122573852539e-01 1.059380844235420227e-01 3.194153681397438049e-02
5.945684440392680168e+08 7.375676727294921875e+01 1.305054783821105957e+00 7.008537650108337402e-01 2.408726215362548828e-01 4.817452654242515564e-02
5.945685440392680168e+08 7.548686218261718750e+01 1.316458702087402344e+00 7.011828422546386719e-01 9.630383551120758057e-02 3.045394644141197205e-02
5.945686440392680168e+08 7.236686706542968750e+01 1.292335033416748047e+00 7.008690834045410156e-01 2.215979695320129395e-01 4.620636999607086182e-02
5.945687440392680168e+08 7.679343414306640625e+01 1.329331994056701660e+00 7.009411454200744629e-01 1.541392654180526733e-01 3.853481635451316833e-02
5.945688440392680168e+08 7.115029144287109375e+01 1.282510519027709961e+00 7.010431289672851562e-01 2.697044909000396729e-01 5.096935480833053589e-02
5.945689440392680168e+08 7.379056549072265625e+01 1.306455850601196289e+00 7.008857131004333496e-01 2.890339791774749756e-01 5.277014151215553284e-02
5.945690440392680168e+08 7.167785644531250000e+01 1.286316752433776855e+00 7.012608051300048828e-01 2.407328188419342041e-01 4.814656451344490051e-02
5.945691440392680168e+08 7.295644378662109375e+01 1.297819256782531738e+00 7.010654211044311523e-01 2.407999038696289062e-01 4.815997928380966187e-02
5.945692440392680168e+08 7.403847503662109375e+01 1.307381749153137207e+00 7.010040283203125000e-01 2.408210039138793945e-01 4.816420003771781921e-02
5.945693440392680168e+08 7.109728240966796875e+01 1.280246138572692871e+00 7.009796500205993652e-01 1.926635056734085083e-01 4.308087006211280823e-02
5.945694440392680168e+08 7.149259948730468750e+01 1.285552144050598145e+00 7.010526061058044434e-01 2.697008252143859863e-01 5.096866562962532043e-02
5.945695440392680168e+08 7.040833282470703125e+01 1.275292634963989258e+00 7.009172439575195312e-01 2.408508211374282837e-01 4.817016422748565674e-02
5.945696440392680168e+08 7.243920898437500000e+01 1.292640328407287598e+00 7.009831070899963379e-01 2.119287997484207153e-01 4.518337175250053406e-02
5.945697440392680168e+08 7.206540679931640625e+01 1.288726449012756348e+00 7.011352777481079102e-01 1.926207244396209717e-01 4.307130351662635803e-02
5.945698440392680168e+08 7.345761871337890625e+01 1.302941441535949707e+00 7.007921934127807617e-01 2.601653039455413818e-01 5.006883665919303894e-02
5.945699440392680168e+08 7.325984191894531250e+01 1.298272848129272461e+00 7.012448906898498535e-01 1.540725082159042358e-01 3.851812705397605896e-02
5.945700440392680168e+08 7.195742034912109375e+01 1.288357615470886230e+00 7.009945511817932129e-01 2.119253426790237427e-01 4.518263414502143860e-02
5.945701440392680168e+08 7.012623596191406250e+01 1.272405266761779785e+00 7.005398869514465332e-01 2.120628952980041504e-01 4.521195963025093079e-02
5.945702440392680168e+08 7.237467193603515625e+01 1.292062401771545410e+00 7.012368440628051758e-01 2.214817553758621216e-01 4.618213698267936707e-02
5.945703440392680168e+08 7.046588897705078125e+01 1.275378584861755371e+00 7.008799314498901367e-01 2.215945422649383545e-01 4.620565474033355713e-02
5.945704440392680168e+08 7.272033691406250000e+01 1.294125795364379883e+00 7.010751962661743164e-01 1.733735054731369019e-01 4.086452722549438477e-02
5.945705440392680168e+08 7.375482177734375000e+01 1.303281903266906738e+00 7.010303139686584473e-01 1.733846217393875122e-01 4.086714610457420349e-02
5.945706440392680168e+08 7.178384399414062500e+01 1.287922620773315430e+00 7.010409832000732422e-01 2.600729465484619141e-01 5.005106329917907715e-02
5.945707440392680168e+08 7.010040283203125000e+01 1.269821047782897949e+00 7.008157968521118164e-01 1.252605468034744263e-01 3.474102541804313660e-02
5.945708440392680168e+08 7.240639495849609375e+01 1.293277382850646973e+00 7.012174725532531738e-01 2.600075006484985352e-01 5.003846809267997742e-02
5.945709440392680168e+08 7.043045806884765625e+01 1.274572849273681641e+00 7.011585235595703125e-01 2.118757814168930054e-01 4.517206922173500061e-02
5.945710440392680168e+08 6.866133880615234375e+01 1.259070396423339844e+00 7.011511921882629395e-01 2.311396449804306030e-01 4.718118160963058472e-02
5.945711440392680168e+08 7.105999755859375000e+01 1.280481576919555664e+00 7.011158466339111328e-01 2.215199768543243408e-01 4.619010910391807556e-02
5.945712440392680168e+08 7.348773193359375000e+01 1.300474882125854492e+00 7.010350227355957031e-01 1.541186273097991943e-01 3.852965682744979858e-02
5.945713440392680168e+08 7.205948638916015625e+01 1.291396379470825195e+00 7.011698484420776367e-01 3.081779778003692627e-01 5.447868257761001587e-02
5.945714440392680168e+08 7.212815093994140625e+01 1.289110302925109863e+00 7.008257508277893066e-01 1.734352260828018188e-01 4.087907448410987854e-02
5.945715440392680168e+08 7.382802581787109375e+01 1.306184411048889160e+00 7.010408639907836914e-01 2.697053253650665283e-01 5.096951872110366821e-02
5.945716440392680168e+08 7.359522247314453125e+01 1.301723718643188477e+00 7.009538412094116211e-01 1.637699902057647705e-01 3.972005844116210938e-02
5.945717440392680168e+08 7.576254272460937500e+01 1.321055531501770020e+00 7.012248635292053223e-01 1.925961375236511230e-01 4.306580498814582825e-02
5.945718440392680168e+08 7.220578002929687500e+01 1.291387200355529785e+00 7.010938525199890137e-01 2.504217326641082764e-01 4.911174252629280090e-02
5.945719440392680168e+08 7.047864532470703125e+01 1.275938391685485840e+00 7.009009122848510742e-01 2.408564239740371704e-01 4.817128553986549377e-02
5.945720440392680168e+08 7.126966094970703125e+01 1.283456802368164062e+00 7.009213566780090332e-01 2.601173520088195801e-01 5.005960911512374878e-02
5.945721440392680168e+08 7.232440948486328125e+01 1.291945099830627441e+00 7.011308073997497559e-01 2.311463654041290283e-01 4.718255251646041870e-02
5.945722440392680168e+08 7.278465270996093750e+01 1.292783021926879883e+00 7.009136676788330078e-01 8.670673519372940063e-02 2.890224382281303406e-02
5.945723440392680168e+08 7.021071624755859375e+01 1.271482229232788086e+00 7.008513212203979492e-01 1.541590243577957153e-01 3.853975608944892883e-02
5.945724440392680168e+08 7.358908843994140625e+01 1.300927042961120605e+00 7.010179162025451660e-01 1.348570883274078369e-01 3.604207560420036316e-02
5.945725440392680168e+08 7.398259735107421875e+01 1.307531476020812988e+00 7.008069157600402832e-01 2.601598501205444336e-01 5.006778612732887268e-02
5.945726440392680168e+08 7.078205871582031250e+01 1.278874278068542480e+00 7.009165883064270020e-01 2.504850924015045166e-01 4.912416636943817139e-02
5.945727440392680168e+08 6.927251434326171875e+01 1.263178110122680664e+00 7.009232044219970703e-01 1.637771576642990112e-01 3.972179442644119263e-02
5.945728440392680168e+08 7.277349853515625000e+01 1.295839309692382812e+00 7.012130618095397949e-01 2.311192303895950317e-01 4.717701673507690430e-02
5.945729440392680168e+08 7.387117767333984375e+01 1.305532097816467285e+00 7.009302377700805664e-01 2.215786427259445190e-01 4.620233923196792603e-02
5.945730440392680168e+08 7.095824432373046875e+01 1.277750492095947266e+00 7.010816335678100586e-01 1.444766074419021606e-01 3.730369731783866882e-02
5.945731440392680168e+08 7.314882659912109375e+01 1.299964189529418945e+00 7.008281350135803223e-01 2.505167126655578613e-01 4.913036525249481201e-02
5.945732440392680168e+08 7.193386077880859375e+01 1.289532184600830078e+00 7.009896039962768555e-01 2.697250843048095703e-01 5.097324773669242859e-02
5.945733440392680168e+08 6.975978851318359375e+01 1.268683195114135742e+00 7.010001540184020996e-01 2.119236439466476440e-01 4.518227279186248779e-02
5.945734440392680168e+08 7.004154205322265625e+01 1.272860169410705566e+00 7.009914517402648926e-01 2.793573737144470215e-01 5.187536031007766724e-02
5.945735440392680168e+08 7.019105529785156250e+01 1.274644017219543457e+00 7.010180950164794922e-01 2.986120283603668213e-01 5.363230407238006592e-02
5.945736440392680168e+08 7.272381591796875000e+01 1.296791195869445801e+00 7.009473443031311035e-01 2.793749570846557617e-01 5.187862738966941833e-02
5.945737440392680168e+08 7.372511291503906250e+01 1.303690075874328613e+00 7.008013129234313965e-01 1.927125304937362671e-01 4.309182986617088318e-02
5.945738440392680168e+08 7.199715423583984375e+01 1.289188027381896973e+00 7.009752988815307617e-01 2.311976402997970581e-01 4.719302058219909668e-02
5.945739440392680168e+08 7.027770233154296875e+01 1.274510145187377930e+00 7.009986639022827148e-01 2.600886523723602295e-01 5.005408823490142822e-02
5.945740440392680168e+08 7.177458190917968750e+01 1.288821458816528320e+00 7.009748220443725586e-01 2.986304759979248047e-01 5.363561585545539856e-02
5.945741440392680168e+08 7.208438110351562500e+01 1.290410518646240234e+00 7.012340426445007324e-01 2.600013613700866699e-01 5.003728717565536499e-02
5.945742440392680168e+08 7.210156250000000000e+01 1.292474269866943359e+00 7.009052634239196777e-01 3.275627195835113525e-01 5.617654323577880859e-02
5.945743440392680168e+08 7.134976959228515625e+01 1.283205866813659668e+00 7.009665966033935547e-01 2.215671539306640625e-01 4.619994387030601501e-02
5.945744440392680168e+08 7.178187561035156250e+01 1.288744807243347168e+00 7.011270523071289062e-01 2.985656261444091797e-01 5.362397059798240662e-02
5.945745440392680168e+08 7.128344726562500000e+01 1.284403085708618164e+00 7.007800340652465820e-01 2.890775799751281738e-01 5.277810245752334595e-02
5.945746440392680168e+08 7.195664215087890625e+01 1.288875937461853027e+00 7.009239792823791504e-01 2.312145531177520752e-01 4.719647392630577087e-02
5.945747440392680168e+08 7.176727294921875000e+01 1.285744309425354004e+00 7.009966373443603516e-01 1.733929365873336792e-01 4.086910933256149292e-02
5.945748440392680168e+08 7.039913177490234375e+01 1.278095960617065430e+00 7.010594010353088379e-01 3.660190105438232422e-01 5.937612429261207581e-02
5.945749440392680168e+08 7.230312347412109375e+01 1.292832612991333008e+00 7.009596824645996094e-01 2.697365581989288330e-01 5.097541958093643188e-02
5.945750440392680168e+08 7.117554473876953125e+01 1.281360268592834473e+00 7.010314464569091797e-01 2.119141817092895508e-01 4.518025740981101990e-02
5.945751440392680168e+08 7.088508605957031250e+01 1.278827905654907227e+00 7.009617686271667480e-01 2.119352519512176514e-01 4.518475010991096497e-02
5.945752440392680168e+08 7.460703277587890625e+01 1.313362002372741699e+00 7.008869647979736328e-01 2.793990075588226318e-01 5.188309401273727417e-02
5.945753440392680168e+08 7.150804901123046875e+01 1.284435749053955078e+00 7.009126543998718262e-01 2.119500935077667236e-01 4.518791288137435913e-02
5.945754440392680168e+08 7.000754547119140625e+01 1.268597960472106934e+00 7.009834051132202148e-01 1.155974790453910828e-01 3.337011858820915222e-02
5.945755440392680168e+08 7.149229431152343750e+01 1.284479260444641113e+00 7.012128829956054688e-01 2.311192899942398071e-01 4.717702791094779968e-02
5.945756440392680168e+08 7.228691864013671875e+01 1.291156768798828125e+00 7.011283040046691895e-01 2.118849158287048340e-01 4.517401754856109619e-02
5.945757440392680168e+08 7.142811584472656250e+01 1.283250689506530762e+00 7.011749148368835449e-01 2.022403478622436523e-01 4.413245990872383118e-02
5.945758440392680168e+08 7.164566040039062500e+01 1.284596800804138184e+00 7.010669112205505371e-01 1.733755618333816528e-01 4.086501151323318481e-02
5.945759440392680168e+08 7.232327270507812500e+01 1.291762471199035645e+00 7.010697722434997559e-01 2.215345352888107300e-01 4.619314521551132202e-02
5.945760440392680168e+08 7.116753387451171875e+01 1.280724287033081055e+00 7.008907794952392578e-01 1.830535382032394409e-01 4.199536144733428955e-02
5.945761440392680168e+08 7.081661987304687500e+01 1.280108332633972168e+00 7.011688351631164551e-01 2.985478341579437256e-01 5.362077802419662476e-02
5.945762440392680168e+08 6.884062957763671875e+01 1.261585474014282227e+00 7.009503245353698730e-01 2.601065933704376221e-01 5.005753785371780396e-02
5.945763440392680168e+08 6.980125427246093750e+01 1.269888281822204590e+00 7.011120915412902832e-01 2.504152357578277588e-01 4.911046847701072693e-02
5.945764440392680168e+08 7.245790100097656250e+01 1.293622612953186035e+00 7.010899186134338379e-01 2.504231333732604980e-01 4.911201819777488708e-02
5.945765440392680168e+08 7.271315002441406250e+01 1.296600937843322754e+00 7.010501623153686523e-01 2.793339788913726807e-01 5.187101662158966064e-02
5.945766440392680168e+08 7.172981262207031250e+01 1.286508917808532715e+00 7.010549306869506836e-01 2.215392440557479858e-01 4.619412496685981750e-02
5.945767440392680168e+08 7.072999572753906250e+01 1.275338053703308105e+00 7.012290358543395996e-01 1.348164826631546021e-01 3.603122010827064514e-02
5.945768440392680168e+08 7.221115112304687500e+01 1.289443850517272949e+00 7.007645964622497559e-01 1.541780978441238403e-01 3.854452446103096008e-02
5.945769440392680168e+08 7.299491882324218750e+01 1.296550989151000977e+00 7.010754346847534180e-01 1.733734607696533203e-01 4.086451604962348938e-02
5.945770440392680168e+08 7.309760284423828125e+01 1.300636649131774902e+00 7.010884284973144531e-01 3.082137703895568848e-01 5.448501184582710266e-02
5.945771440392680168e+08 7.180574035644531250e+01 1.285487890243530273e+00 7.011463046073913574e-01 1.540941745042800903e-01 3.852354362607002258e-02
5.945772440392680168e+08 7.082303619384765625e+01 1.276228547096252441e+00 7.009138464927673340e-01 1.252430230379104614e-01 3.473616763949394226e-02
5.945773440392680168e+08 6.966575622558593750e+01 1.267646431922912598e+00 7.009503841400146484e-01 2.023051083087921143e-01 4.414659366011619568e-02
5.945774440392680168e+08 7.081127166748046875e+01 1.277956128120422363e+00 7.009392380714416504e-01 2.023083418607711792e-01 4.414730146527290344e-02
5.945775440392680168e+08 7.296138763427734375e+01 1.298274159431457520e+00 7.008695006370544434e-01 2.505019307136535645e-01 4.912746697664260864e-02
5.945776440392680168e+08 7.160712432861328125e+01 1.285386204719543457e+00 7.008390426635742188e-01 2.119723558425903320e-01 4.519265890121459961e-02
5.945777440392680168e+08 7.352000427246093750e+01 1.299950361251831055e+00 7.011693716049194336e-01 1.251973956823348999e-01 3.472350910305976868e-02
5.945778440392680168e+08 7.131893920898437500e+01 1.281832933425903320e+00 7.009043693542480469e-01 1.734157651662826538e-01 4.087448865175247192e-02
5.945779440392680168e+08 7.063986968994140625e+01 1.277019977569580078e+00 7.010443210601806641e-01 2.311748713254928589e-01 4.718837141990661621e-02
5.945780440392680168e+08 7.117346954345703125e+01 1.283254861831665039e+00 7.009612321853637695e-01 2.890028655529022217e-01 5.276446044445037842e-02
5.945781440392680168e+08 7.149017333984375000e+01 1.282925963401794434e+00 7.008750438690185547e-01 1.541537940502166748e-01 3.853844851255416870e-02
5.945782440392680168e+08 7.038941192626953125e+01 1.274949908256530762e+00 7.011056542396545410e-01 2.407860904932022095e-01 4.815721884369850159e-02
5.945783440392680168e+08 7.053456115722656250e+01 1.274919390678405762e+00 7.010393142700195312e-01 1.830147355794906616e-01 4.198646172881126404e-02
5.945784440392680168e+08 7.047817230224609375e+01 1.275720834732055664e+00 7.011332511901855469e-01 2.407766133546829224e-01 4.815532267093658447e-02
5.945785440392680168e+08 7.070344543457031250e+01 1.276140689849853516e+00 7.011063694953918457e-01 1.733658164739608765e-01 4.086271300911903381e-02
5.945786440392680168e+08 7.211458587646484375e+01 1.290951251983642578e+00 7.009403109550476074e-01 2.601103186607360840e-01 5.005825310945510864e-02
5.945787440392680168e+08 7.023139190673828125e+01 1.272352576255798340e+00 7.008674740791320801e-01 1.830596178770065308e-01 4.199675470590591431e-02
5.945788440392680168e+08 7.073153686523437500e+01 1.277886509895324707e+00 7.007426023483276367e-01 2.216379642486572266e-01 4.621471092104911804e-02
5.945789440392680168e+08 7.220402526855468750e+01 1.291031122207641602e+00 7.009665966033935547e-01 2.312005013227462769e-01 4.719360545277595520e-02
5.945790440392680168e+08 7.103264617919921875e+01 1.280032753944396973e+00 7.010866403579711914e-01 2.118975073099136353e-01 4.517669975757598877e-02
5.945791440392680168e+08 7.180052185058593750e+01 1.286460161209106445e+00 7.010406255722045898e-01 1.926467418670654297e-01 4.307711869478225708e-02
5.945792440392680168e+08 7.162448120117187500e+01 1.288275599479675293e+00 7.008700966835021973e-01 3.275791406631469727e-01 5.617935582995414734e-02
5.945793440392680168e+08 7.053359222412109375e+01 1.276305913925170898e+00 7.010372877120971680e-01 2.408095747232437134e-01 4.816191643476486206e-02
5.945794440392680168e+08 7.231780242919921875e+01 1.289299011230468750e+00 7.007020115852355957e-01 1.060069128870964050e-01 3.196228668093681335e-02
5.945795440392680168e+08 7.032112121582031250e+01 1.274504661560058594e+00 7.011761665344238281e-01 2.503923475742340088e-01 4.910597950220108032e-02
5.945796440392680168e+08 7.117523193359375000e+01 1.281681895256042480e+00 7.011809349060058594e-01 2.311298400163650513e-01 4.717918112874031067e-02
5.945797440392680168e+08 7.175939178466796875e+01 1.286136150360107422e+00 7.009953260421752930e-01 1.926591992378234863e-01 4.307990521192550659e-02
5.945798440392680168e+08 6.972566986083984375e+01 1.267234802246093750e+00 7.009695768356323242e-01 1.637663245201110840e-01 3.971916809678077698e-02
5.945799440392680168e+08 7.202281951904296875e+01 1.289972901344299316e+00 7.008701562881469727e-01 2.505016922950744629e-01 4.912742227315902710e-02
5.945800440392680168e+08 7.073584747314453125e+01 1.275113701820373535e+00 7.010237574577331543e-01 1.155908256769180298e-01 3.336819633841514587e-02
5.945801440392680168e+08 7.058224487304687500e+01 1.276066660881042480e+00 7.010144591331481934e-01 2.119193226099014282e-01 4.518135264515876770e-02
5.945802440392680168e+08 7.194199371337890625e+01 1.288613557815551758e+00 7.010667324066162109e-01 2.311674803495407104e-01 4.718686267733573914e-02
5.945803440392680168e+08 6.983523559570312500e+01 1.269216060638427734e+00 7.011617422103881836e-01 2.118748128414154053e-01 4.517186060547828674e-02
5.945804440392680168e+08 7.095841217041015625e+01 1.280598521232604980e+00 7.007572054862976074e-01 2.505420744419097900e-01 4.913534224033355713e-02
5.945805440392680168e+08 6.934045410156250000e+01 1.264993190765380859e+00 7.011500000953674316e-01 2.215091884136199951e-01 4.618785902857780457e-02
5.945806440392680168e+08 7.036662292480468750e+01 1.275119900703430176e+00 7.009508013725280762e-01 2.504728734493255615e-01 4.912177100777626038e-02
5.945807440392680168e+08 6.871102142333984375e+01 1.260480761528015137e+00 7.008715867996215820e-01 2.601358294486999512e-01 5.006316304206848145e-02
5.945808440392680168e+08 6.939511108398437500e+01 1.265237569808959961e+00 7.009099721908569336e-01 2.023167908191680908e-01 4.414914175868034363e-02
5.945809440392680168e+08 7.216532897949218750e+01 1.288994193077087402e+00 7.010594606399536133e-01 1.637453287839889526e-01 3.971407562494277954e-02
5.945810440392680168e+08 7.160499572753906250e+01 1.283213019371032715e+00 7.011740803718566895e-01 1.348270475864410400e-01 3.603404387831687927e-02
5.945811440392680168e+08 7.090413665771484375e+01 1.280899286270141602e+00 7.009087204933166504e-01 2.890245020389556885e-01 5.276840925216674805e-02
5.945812440392680168e+08 6.846168518066406250e+01 1.256055116653442383e+00 7.011750340461730957e-01 1.829793155193328857e-01 4.197833314538002014e-02
5.945813440392680168e+08 7.273810577392578125e+01 1.294237017631530762e+00 7.011245489120483398e-01 1.733613163232803345e-01 4.086165130138397217e-02
5.945814440392680168e+08 7.269258117675781250e+01 1.295219898223876953e+00 7.011108398437500000e-01 2.311529219150543213e-01 4.718389362096786499e-02
5.945815440392680168e+08 7.367968750000000000e+01 1.303734421730041504e+00 7.012984752655029297e-01 2.310910969972610474e-01 4.717127233743667603e-02
5.945816440392680168e+08 7.109529113769531250e+01 1.279510498046875000e+00 7.010051012039184570e-01 1.637580245733261108e-01 3.971715644001960754e-02
5.945817440392680168e+08 7.231835174560546875e+01 1.290330052375793457e+00 7.008350491523742676e-01 1.541626006364822388e-01 3.854065015912055969e-02
5.945818440392680168e+08 7.125708007812500000e+01 1.283230185508728027e+00 7.010451555252075195e-01 2.600714266300201416e-01 5.005076900124549866e-02
5.945819440392680168e+08 7.146031188964843750e+01 1.284319400787353516e+00 7.010776996612548828e-01 2.311638593673706055e-01 4.718612506985664368e-02
5.945820440392680168e+08 6.890798950195312500e+01 1.262516021728515625e+00 7.011147737503051758e-01 2.793082296848297119e-01 5.186623334884643555e-02
5.945821440392680168e+08 7.014491271972656250e+01 1.272490382194519043e+00 7.008850574493408203e-01 2.215929329395294189e-01 4.620531946420669556e-02
5.945822440392680168e+08 6.988583374023437500e+01 1.268679857254028320e+00 7.009700536727905273e-01 1.637662053108215332e-01 3.971913829445838928e-02
5.945823440392680168e+08 7.035964965820312500e+01 1.273752689361572266e+00 7.011060714721679688e-01 2.022602111101150513e-01 4.413679614663124084e-02
5.945824440392680168e+08 7.089356231689453125e+01 1.278280138969421387e+00 7.008838057518005371e-01 1.830553561449050903e-01 4.199577867984771729e-02
5.945825440392680168e+08 7.162609863281250000e+01 1.285519719123840332e+00 7.008774280548095703e-01 2.119607627391815186e-01 4.519018530845642090e-02
5.945826440392680168e+08 7.108496093750000000e+01 1.280723571777343750e+00 7.010953426361083984e-01 2.215264588594436646e-01 4.619146138429641724e-02
5.945827440392680168e+08 7.117562866210937500e+01 1.281896948814392090e+00 7.009515762329101562e-01 2.312054634094238281e-01 4.719461500644683838e-02
5.945828440392680168e+08 6.957129669189453125e+01 1.267638921737670898e+00 7.010486721992492676e-01 2.408056706190109253e-01 4.816113412380218506e-02
5.945829440392680168e+08 6.898872375488281250e+01 1.260186791419982910e+00 7.008649706840515137e-01 1.445212662220001221e-01 3.731523081660270691e-02
5.945830440392680168e+08 6.935660552978515625e+01 1.265121936798095703e+00 7.009115815162658691e-01 2.119504213333129883e-01 4.518798366189002991e-02
5.945831440392680168e+08 7.221743011474609375e+01 1.290045022964477539e+00 7.009201049804687500e-01 1.830458641052246094e-01 4.199360311031341553e-02
5.945832440392680168e+08 7.032318878173828125e+01 1.274377703666687012e+00 7.010815143585205078e-01 2.407943904399871826e-01 4.815887659788131714e-02
5.945833440392680168e+08 6.967509460449218750e+01 1.267606496810913086e+00 7.010866999626159668e-01 2.022657692432403564e-01 4.413801059126853943e-02
5.945834440392680168e+08 6.969049835205078125e+01 1.269629001617431641e+00 7.010694146156311035e-01 2.793263196945190430e-01 5.186959356069564819e-02
5.945835440392680168e+08 7.184082031250000000e+01 1.298485755920410156e+00 6.885883808135986328e-01 1.961305141448974609e-01 4.385611414909362793e-02
