6.102591932092499733e+08 4.463329162597656250e+02 4.298905849456787109e+00 7.011117935180664062e-01 6.697626709938049316e-01 7.948620617389678955e-02
6.102592932092499733e+08 4.525495605468750000e+02 4.333302021026611328e+00 7.009558677673339844e-01 8.586190938949584961e-01 9.000773727893829346e-02
6.102593932092499733e+08 4.507287902832031250e+02 4.322675228118896484e+00 7.009707689285278320e-01 7.736843228340148926e-01 8.543913811445236206e-02
6.102594932092499733e+08 4.498406372070312500e+02 4.315760612487792969e+00 7.010051608085632324e-01 6.604298353195190430e-01 7.893646508455276489e-02
6.102595932092499733e+08 4.436340637207031250e+02 4.287694454193115234e+00 7.010480761528015137e-01 7.358624935150146484e-01 8.332001417875289917e-02
6.102596932092499733e+08 4.471165161132812500e+02 4.305438518524169922e+00 7.010474801063537598e-01 7.830337882041931152e-01 8.594912290573120117e-02
6.102597932092499733e+08 4.384945068359375000e+02 4.265431404113769531e+00 7.010305523872375488e-01 8.396589159965515137e-01 8.900366723537445068e-02
6.102598932092499733e+08 4.393698120117187500e+02 4.268608570098876953e+00 7.009438872337341309e-01 7.831495404243469238e-01 8.596182614564895630e-02
6.102599932092499733e+08 4.467799987792968750e+02 4.307910442352294922e+00 7.009146809577941895e-01 9.435929656028747559e-01 9.435929358005523682e-02
6.102600932092499733e+08 4.492975463867187500e+02 4.319701671600341797e+00 7.010504603385925293e-01 9.528443217277526855e-01 9.481155127286911011e-02
6.102601932092499733e+08 4.413250427246093750e+02 4.274682998657226562e+00 7.009681463241577148e-01 6.415942907333374023e-01 7.780473679304122925e-02
6.102602932092499733e+08 4.494641418457031250e+02 4.316903591156005859e+00 7.008910179138183594e-01 7.737723588943481445e-01 8.544886112213134766e-02
6.102603932092499733e+08 4.489282531738281250e+02 4.310980319976806641e+00 7.008662223815917969e-01 6.228144168853759766e-01 7.666315138339996338e-02
6.102604932092499733e+08 4.479607238769531250e+02 4.308782577514648438e+00 7.009903192520141602e-01 7.453579902648925781e-01 8.385932445526123047e-02
6.102605932092499733e+08 4.478355712890625000e+02 4.308523654937744141e+00 7.009506225585937500e-01 7.548356652259826660e-01 8.439319580793380737e-02
6.102606932092499733e+08 4.490202636718750000e+02 4.311910629272460938e+00 7.009161710739135742e-01 6.510777473449707031e-01 7.838054746389389038e-02
6.102607932092499733e+08 4.588201904296875000e+02 4.362561225891113281e+00 7.009447813034057617e-01 8.397616147994995117e-01 8.901455253362655640e-02
6.102608932092499733e+08 4.532595214843750000e+02 4.333620071411132812e+00 7.010406255722045898e-01 7.358703017234802246e-01 8.332090079784393311e-02
6.102609932092499733e+08 4.502594604492187500e+02 4.321200847625732422e+00 7.009342908859252930e-01 8.020315766334533691e-01 8.699253946542739868e-02
6.102610932092499733e+08 4.487090148925781250e+02 4.315604686737060547e+00 7.009826302528381348e-01 8.868913650512695312e-01 9.147585928440093994e-02
6.102611932092499733e+08 4.515339965820312500e+02 4.322721004486083984e+00 7.010129094123840332e-01 6.132494807243347168e-01 7.606423646211624146e-02
6.102612932092499733e+08 4.493555603027343750e+02 4.314723491668701172e+00 7.010800838470458984e-01 7.263951897621154785e-01 8.278041332960128784e-02
6.102613932092499733e+08 4.563008422851562500e+02 4.345172405242919922e+00 7.009955048561096191e-01 6.038298606872558594e-01 7.547873258590698242e-02
6.102614932092499733e+08 4.507394409179687500e+02 4.322873592376708984e+00 7.010614275932312012e-01 7.924521565437316895e-01 8.646361529827117920e-02
6.102615932092499733e+08 4.565741882324218750e+02 4.349635124206542969e+00 7.009382843971252441e-01 7.359777092933654785e-01 8.333306759595870972e-02
6.102616932092499733e+08 4.645406799316406250e+02 4.389657020568847656e+00 7.008754611015319824e-01 8.398447036743164062e-01 8.902335911989212036e-02
6.102617932092499733e+08 4.503898010253906250e+02 4.321950435638427734e+00 7.010307312011718750e-01 8.207899332046508789e-01 8.799792081117630005e-02
6.102618932092499733e+08 4.598243408203125000e+02 4.365709781646728516e+00 7.010418176651000977e-01 7.830401062965393066e-01 8.594981580972671509e-02
6.102619932092499733e+08 4.594258728027343750e+02 4.361790657043457031e+00 7.010822892189025879e-01 6.980918645858764648e-01 8.115153014659881592e-02
6.102620932092499733e+08 4.523243408203125000e+02 4.335285186767578125e+00 7.010766863822937012e-01 1.009411215782165527e+00 9.758345782756805420e-02
6.102621932092499733e+08 4.555236511230468750e+02 4.344654560089111328e+00 7.010790705680847168e-01 7.546973824501037598e-01 8.437772840261459351e-02
6.102622932092499733e+08 4.575227661132812500e+02 4.352755546569824219e+00 7.011005878448486328e-01 6.980736255645751953e-01 8.114940673112869263e-02
6.102623932092499733e+08 4.576709289550781250e+02 4.357297897338867188e+00 7.009629607200622559e-01 8.491751551628112793e-01 8.951092511415481567e-02
6.102624932092499733e+08 4.520598754882812500e+02 4.329171180725097656e+00 7.010539770126342773e-01 7.924606204032897949e-01 8.646453917026519775e-02
6.102625932092499733e+08 4.556716308593750000e+02 4.346601963043212891e+00 7.010217308998107910e-01 8.019315004348754883e-01 8.698168396949768066e-02
6.102626932092499733e+08 4.514867248535156250e+02 4.325179100036621094e+00 7.010481357574462891e-01 7.358623743057250977e-01 8.332000672817230225e-02
6.102627932092499733e+08 4.465520629882812500e+02 4.301359653472900391e+00 7.010060548782348633e-01 7.170371413230895996e-01 8.224979788064956665e-02
6.102628932092499733e+08 4.278841857910156250e+02 4.207689762115478516e+00 7.010699510574340820e-01 5.754642486572265625e-01 7.368064671754837036e-02
6.102629932092499733e+08 4.212745056152343750e+02 4.182977199554443359e+00 7.010208964347839355e-01 8.962774276733398438e-01 9.195612370967864990e-02
6.102630932092499733e+08 4.209044799804687500e+02 4.176971912384033203e+00 7.010828852653503418e-01 7.263922691345214844e-01 8.278007805347442627e-02
6.102631932092499733e+08 4.231549377441406250e+02 4.188336372375488281e+00 7.010555267333984375e-01 7.358546257019042969e-01 8.331912755966186523e-02
6.102632932092499733e+08 4.270154724121093750e+02 4.209606170654296875e+00 7.009305357933044434e-01 8.209072947502136230e-01 8.801050484180450439e-02
6.102633932092499733e+08 4.253672790527343750e+02 4.199703216552734375e+00 7.009557485580444336e-01 7.453947067260742188e-01 8.386345952749252319e-02
6.102634932092499733e+08 4.271075439453125000e+02 4.212178230285644531e+00 7.010307908058166504e-01 9.245679378509521484e-01 9.339547157287597656e-02
6.102635932092499733e+08 4.248811950683593750e+02 4.199037075042724609e+00 7.009009718894958496e-01 8.115058541297912598e-01 8.750692754983901978e-02
6.102636932092499733e+08 4.223557739257812500e+02 4.185547828674316406e+00 7.009730935096740723e-01 7.736817002296447754e-01 8.543885499238967896e-02
6.102637932092499733e+08 4.214426269531250000e+02 4.180301189422607422e+00 7.010778188705444336e-01 7.546986937522888184e-01 8.437787741422653198e-02
6.102638932092499733e+08 4.230674133300781250e+02 4.189614772796630859e+00 7.009302377700805664e-01 7.926005125045776367e-01 8.647980540990829468e-02
6.102639932092499733e+08 4.173371887207031250e+02 4.165115356445312500e+00 7.010301351547241211e-01 9.623063206672668457e-01 9.528252482414245605e-02
6.102640932092499733e+08 4.188207702636718750e+02 4.168100357055664062e+00 7.010632753372192383e-01 7.830161452293395996e-01 8.594718575477600098e-02
6.102641932092499733e+08 4.151202697753906250e+02 4.149915695190429688e+00 7.008780241012573242e-01 7.643502950668334961e-01 8.492781221866607666e-02
6.102642932092499733e+08 4.181694030761718750e+02 4.168605804443359375e+00 7.010124325752258301e-01 9.340267777442932129e-01 9.387322515249252319e-02
6.102643932092499733e+08 4.200944519042968750e+02 4.176723957061767578e+00 7.010225653648376465e-01 8.774063587188720703e-01 9.098280221223831177e-02
6.102644932092499733e+08 4.156957397460937500e+02 4.156507968902587891e+00 7.010471820831298828e-01 9.434145689010620117e-01 9.434145689010620117e-02
6.102645932092499733e+08 4.241020507812500000e+02 4.197463989257812500e+00 7.010375261306762695e-01 9.245589971542358398e-01 9.339456260204315186e-02
6.102646932092499733e+08 4.214454956054687500e+02 4.185381412506103516e+00 7.009438872337341309e-01 9.529892206192016602e-01 9.482596814632415771e-02
6.102647932092499733e+08 4.229042053222656250e+02 4.191879272460937500e+00 7.007961273193359375e-01 9.060024619102478027e-01 9.246849268674850464e-02
6.102648932092499733e+08 4.225399169921875000e+02 4.187669754028320312e+00 7.010108232498168945e-01 8.302478790283203125e-01 8.850472420454025269e-02
6.102649932092499733e+08 4.252350463867187500e+02 4.198199272155761719e+00 7.009463906288146973e-01 7.076627016067504883e-01 8.171385526657104492e-02
6.102650932092499733e+08 4.215736389160156250e+02 4.182515621185302734e+00 7.009988427162170410e-01 8.113925457000732422e-01 8.749470859766006470e-02
6.102651932092499733e+08 4.223614196777343750e+02 4.186669349670410156e+00 7.011255025863647461e-01 8.395451903343200684e-01 8.899161219596862793e-02
6.102652932092499733e+08 4.203409729003906250e+02 4.177936077117919922e+00 7.010228633880615234e-01 8.774060010910034180e-01 9.098276495933532715e-02
6.102653932092499733e+08 4.221046752929687500e+02 4.186583995819091797e+00 7.010298967361450195e-01 8.773971796035766602e-01 9.098184853792190552e-02
6.102654932092499733e+08 4.270200500488281250e+02 4.210559368133544922e+00 7.010601162910461426e-01 8.773593902587890625e-01 9.097792953252792358e-02
6.102655932092499733e+08 4.225525512695312500e+02 4.189118862152099609e+00 7.009921073913574219e-01 8.868794441223144531e-01 9.147462993860244751e-02
6.102656932092499733e+08 4.250541992187500000e+02 4.201853752136230469e+00 7.009809017181396484e-01 9.057636857032775879e-01 9.244411438703536987e-02
6.102657932092499733e+08 4.213136291503906250e+02 4.179843902587890625e+00 7.010188102722167969e-01 7.547622323036193848e-01 8.438497781753540039e-02
6.102658932092499733e+08 4.342114868164062500e+02 4.246812820434570312e+00 7.010676264762878418e-01 9.339532256126403809e-01 9.386582672595977783e-02
6.102659932092499733e+08 4.275596923828125000e+02 4.211751461029052734e+00 7.010266780853271484e-01 8.113602995872497559e-01 8.749122917652130127e-02
6.102660932092499733e+08 4.274565124511718750e+02 4.216104984283447266e+00 7.010239362716674805e-01 1.018921613693237305e+00 9.804577380418777466e-02
6.102661932092499733e+08 4.221710510253906250e+02 4.184181213378906250e+00 7.010518908500671387e-01 7.641606926918029785e-01 8.490674197673797607e-02
6.102662932092499733e+08 4.167657470703125000e+02 4.159955501556396484e+00 7.010655999183654785e-01 8.679186701774597168e-01 9.048677235841751099e-02
6.102663932092499733e+08 4.183915710449218750e+02 4.168759822845458984e+00 7.010291218757629395e-01 8.962669968605041504e-01 9.195505082607269287e-02
6.102664932092499733e+08 4.246485900878906250e+02 4.198272705078125000e+00 7.009235620498657227e-01 8.303512930870056152e-01 8.851574361324310303e-02
6.102665932092499733e+08 4.177824401855468750e+02 4.167582035064697266e+00 7.010886073112487793e-01 9.810932278633117676e-01 9.620410203933715820e-02
6.102666932092499733e+08 4.193484191894531250e+02 4.172813892364501953e+00 7.011012434959411621e-01 8.773078918457031250e-01 9.097259491682052612e-02
6.102667932092499733e+08 4.230986633300781250e+02 4.189308166503906250e+00 7.010827660560607910e-01 7.924280166625976562e-01 8.646098524332046509e-02
6.102668932092499733e+08 4.258933715820312500e+02 4.204366683959960938e+00 7.009958028793334961e-01 8.397005200386047363e-01 8.900807797908782959e-02
6.102669932092499733e+08 4.208858032226562500e+02 4.181070804595947266e+00 7.011668682098388672e-01 9.149559736251831055e-01 9.289970248937606812e-02
6.102670932092499733e+08 4.225176391601562500e+02 4.185972213745117188e+00 7.010225653648376465e-01 7.641926407814025879e-01 8.491029590368270874e-02
6.102671932092499733e+08 4.225018920898437500e+02 4.189028263092041016e+00 7.009397149085998535e-01 8.869456648826599121e-01 9.148146212100982666e-02
6.102672932092499733e+08 4.265321960449218750e+02 4.208204269409179688e+00 7.010510563850402832e-01 8.773707151412963867e-01 9.097910672426223755e-02
6.102673932092499733e+08 4.286572875976562500e+02 4.217700958251953125e+00 7.010481953620910645e-01 8.396378159523010254e-01 8.900143206119537354e-02
6.102674932092499733e+08 4.291848754882812500e+02 4.219730854034423828e+00 7.010811567306518555e-01 8.207309246063232422e-01 8.799159526824951172e-02
6.102675932092499733e+08 4.333576965332031250e+02 4.239404678344726562e+00 7.011358737945556641e-01 8.018009662628173828e-01 8.696752786636352539e-02
6.102676932092499733e+08 4.238501892089843750e+02 4.197070598602294922e+00 7.009791731834411621e-01 9.529411792755126953e-01 9.482119232416152954e-02
6.102677932092499733e+08 4.319056701660156250e+02 4.239245414733886719e+00 7.010344266891479492e-01 1.084946513175964355e+00 1.011717841029167175e-01
6.102678932092499733e+08 4.187227478027343750e+02 4.169379711151123047e+00 7.010697126388549805e-01 8.584796786308288574e-01 8.999311923980712891e-02
6.102679932092499733e+08 4.313951110839843750e+02 4.233764171600341797e+00 7.010129094123840332e-01 9.528953433036804199e-01 9.481662511825561523e-02
6.102680932092499733e+08 4.244292297363281250e+02 4.195146560668945312e+00 7.009430527687072754e-01 7.454082369804382324e-01 8.386497944593429565e-02
6.102681932092499733e+08 4.188474731445312500e+02 4.174195766448974609e+00 7.010051608085632324e-01 1.028383612632751465e+00 9.850127995014190674e-02
6.102682932092499733e+08 4.226705322265625000e+02 4.191818714141845703e+00 7.007303833961486816e-01 9.438411593437194824e-01 9.438411146402359009e-02
6.102683932092499733e+08 4.276594238281250000e+02 4.210501670837402344e+00 7.010175585746765137e-01 7.358944416046142578e-01 8.332364261150360107e-02
6.102684932092499733e+08 4.180744934082031250e+02 4.168128013610839844e+00 7.009413838386535645e-01 9.246858954429626465e-01 9.340737760066986084e-02
6.102685932092499733e+08 4.242348937988281250e+02 4.197652816772460938e+00 7.010437846183776855e-01 9.056823849678039551e-01 9.243582189083099365e-02
6.102686932092499733e+08 4.207121582031250000e+02 4.180278778076171875e+00 7.009988427162170410e-01 8.963056802749633789e-01 9.195902198553085327e-02
6.102687932092499733e+08 4.243481445312500000e+02 4.194345474243164062e+00 7.010769844055175781e-01 7.452658414840698242e-01 8.384896069765090942e-02
6.102688932092499733e+08 4.217629394531250000e+02 4.185862064361572266e+00 7.010071277618408203e-01 9.151644706726074219e-01 9.292086958885192871e-02
6.102689932092499733e+08 4.130454406738281250e+02 4.145289897918701172e+00 7.010827660560607910e-01 1.028269648551940918e+00 9.849037230014801025e-02
6.102690932092499733e+08 4.227258911132812500e+02 4.187312602996826172e+00 7.010643482208251953e-01 7.830149531364440918e-01 8.594705909490585327e-02
6.102691932092499733e+08 4.141285400390625000e+02 4.142860412597656250e+00 7.010691165924072266e-01 6.981049776077270508e-01 8.115305751562118530e-02
6.102692932092499733e+08 4.174559020996093750e+02 4.164553642272949219e+00 7.009666562080383301e-01 9.057820439338684082e-01 9.244599193334579468e-02
6.102693932092499733e+08 4.211940002441406250e+02 4.179785251617431641e+00 7.009904980659484863e-01 7.736625075340270996e-01 8.543673157691955566e-02
6.102694932092499733e+08 4.150760192871093750e+02 4.149058818817138672e+00 7.010915875434875488e-01 7.641174197196960449e-01 8.490193635225296021e-02
6.102695932092499733e+08 4.133408508300781250e+02 4.143711566925048828e+00 7.009012699127197266e-01 8.775582313537597656e-01 9.099855273962020874e-02
6.102696932092499733e+08 4.215839233398437500e+02 4.181596279144287109e+00 7.010259032249450684e-01 7.736234664916992188e-01 8.543241769075393677e-02
6.102697932092499733e+08 4.180163269042968750e+02 4.164939880371093750e+00 7.009422183036804199e-01 8.020224571228027344e-01 8.699154853820800781e-02
6.102698932092499733e+08 4.176375122070312500e+02 4.163691997528076172e+00 7.009579539299011230e-01 8.303105235099792480e-01 8.851139992475509644e-02
6.102699932092499733e+08 4.204935607910156250e+02 4.176994800567626953e+00 7.009940743446350098e-01 8.019631505012512207e-01 8.698511868715286255e-02
6.102700932092499733e+08 4.147027893066406250e+02 4.197187423706054688e+00 6.841128468513488770e-01 7.154080271720886230e-01 8.316449820995330811e-02
